epoch,train_loss,train_xent,valid_loss,valid_xent,valid_xent_accuracy,valid_exp_accuracy,valid_xent_qwk,valid_exp_qwk,learning_rate,mb_time,time
1,1.136454,1.338329,0.934259,1.095688,0.717416,0.677006,0.150776,0.213696,0.001000,0.075560,321.198396
2,0.814590,1.054037,0.717116,1.045079,0.656801,0.558338,0.302171,0.298091,0.001000,0.073897,315.617314
3,0.652009,1.018034,0.597803,1.024694,0.717416,0.663347,0.333754,0.357045,0.001000,0.074798,316.116088
4,0.562138,0.987272,0.547672,1.036090,0.725100,0.696927,0.345056,0.385129,0.001000,0.075043,315.848736
5,0.504804,0.962065,0.493219,0.986886,0.666762,0.601878,0.462949,0.473602,0.001000,0.075457,316.069810
6,0.460364,0.921144,0.447563,0.924710,0.744451,0.721116,0.367331,0.423792,0.001000,0.070104,311.738436
7,0.430003,0.896192,0.431435,0.910917,0.724246,0.662777,0.467496,0.483145,0.001000,0.069194,311.113505
8,0.412368,0.884913,0.408314,0.879240,0.729937,0.684690,0.512682,0.536782,0.001000,0.069219,311.158666
9,0.395485,0.869244,0.396704,0.880858,0.739044,0.704041,0.487362,0.518734,0.001000,0.069158,311.161364
10,0.382483,0.863903,0.396208,0.879995,0.706887,0.655094,0.576140,0.581177,0.001000,0.069178,311.361175
11,0.371766,0.847176,0.374658,0.875050,0.739044,0.695504,0.507668,0.524363,0.001000,0.069204,311.284192
12,0.361785,0.845112,0.367169,0.846620,0.735913,0.699203,0.557486,0.569164,0.001000,0.069111,311.383485
13,0.354886,0.834122,0.355784,0.847851,0.749004,0.717416,0.522847,0.551926,0.001000,0.069062,311.528091
14,0.346562,0.825629,0.350964,0.831921,0.744735,0.712009,0.541513,0.573131,0.001000,0.069023,311.272634
15,0.343366,0.826475,0.350246,0.844163,0.725953,0.669892,0.567656,0.560276,0.001000,0.069017,311.213645
16,0.335074,0.815396,0.353309,0.878312,0.738759,0.698065,0.535496,0.550690,0.001000,0.068933,311.115792
17,0.331281,0.813315,0.339336,0.811184,0.745304,0.711440,0.588660,0.603844,0.001000,0.068995,311.348061
18,0.329407,0.810505,0.335075,0.827908,0.748719,0.727376,0.572555,0.594717,0.001000,0.068874,311.131600
19,0.322787,0.801607,0.324496,0.799188,0.749573,0.719693,0.609552,0.611151,0.001000,0.068867,311.337467
20,0.319954,0.798415,0.328645,0.813406,0.753842,0.719408,0.614658,0.623550,0.001000,0.069034,311.657538
21,0.318184,0.797590,0.331991,0.834707,0.755834,0.735629,0.561317,0.575425,0.001000,0.069143,311.740908
22,0.314197,0.791972,0.322417,0.798715,0.758110,0.727661,0.599607,0.604303,0.001000,0.068996,311.655300
23,0.313865,0.790450,0.319019,0.792101,0.750427,0.727092,0.624698,0.631907,0.001000,0.069075,311.787957
24,0.311024,0.789051,0.321461,0.812221,0.763517,0.738190,0.576392,0.595745,0.001000,0.068997,311.666783
25,0.308829,0.782391,0.331905,0.838221,0.717701,0.661924,0.581447,0.568780,0.001000,0.068904,311.244975
26,0.307199,0.783661,0.323280,0.826164,0.765509,0.740751,0.544496,0.564261,0.001000,0.069019,311.686098
27,0.306782,0.782457,0.308722,0.783331,0.759533,0.742174,0.623134,0.639939,0.001000,0.068845,311.266486
28,0.301823,0.773911,0.308035,0.788916,0.756972,0.731360,0.621516,0.627622,0.001000,0.068996,310.884903
29,0.300690,0.771423,0.311011,0.787487,0.753557,0.726807,0.633367,0.649937,0.001000,0.069053,311.877183
30,0.301249,0.772955,0.304373,0.782443,0.759249,0.736483,0.627064,0.629118,0.001000,0.069000,311.936019
31,0.298760,0.770566,0.313920,0.820889,0.771201,0.759533,0.560482,0.578304,0.001000,0.069023,312.040744
32,0.299003,0.772138,0.305271,0.780224,0.760956,0.744735,0.616060,0.623827,0.001000,0.069149,311.194084
33,0.298350,0.771071,0.304513,0.775594,0.762379,0.749289,0.616911,0.621399,0.001000,0.069208,311.257662
34,0.297331,0.766978,0.302260,0.793436,0.766363,0.736767,0.624980,0.634511,0.001000,0.071125,313.533622
35,0.294509,0.765165,0.306510,0.784720,0.758395,0.721685,0.636843,0.634803,0.001000,0.079478,315.876324
36,0.295225,0.765002,0.297184,0.770628,0.763802,0.737052,0.618987,0.628888,0.001000,0.076268,315.976650
37,0.294634,0.764825,0.299194,0.789482,0.770063,0.755834,0.623843,0.635980,0.001000,0.075934,315.941675
38,0.293426,0.763478,0.298170,0.779332,0.771770,0.764371,0.614964,0.640571,0.001000,0.076404,317.138787
39,0.293084,0.762753,0.297415,0.754963,0.759249,0.729084,0.669424,0.677614,0.001000,0.076850,317.925871
40,0.291487,0.759095,0.304490,0.793948,0.770347,0.753273,0.606647,0.619277,0.001000,0.076791,317.428817
41,0.291800,0.759412,0.307665,0.774537,0.738475,0.705464,0.654856,0.661613,0.001000,0.076770,317.621852
42,0.291072,0.757251,0.309594,0.791288,0.751281,0.709732,0.619768,0.623606,0.001000,0.077051,318.447536
43,0.290393,0.756791,0.299627,0.766275,0.767786,0.738190,0.636048,0.642683,0.001000,0.077085,318.007431
44,0.288638,0.753352,0.295884,0.772251,0.762664,0.732499,0.650219,0.656555,0.001000,0.076535,318.277853
45,0.287496,0.750992,0.299441,0.768082,0.756403,0.735629,0.646317,0.667517,0.001000,0.076413,318.881454
46,0.286925,0.749537,0.290876,0.750185,0.746158,0.715993,0.648364,0.645595,0.001000,0.076618,319.117046
47,0.286585,0.748414,0.290035,0.761943,0.771770,0.754696,0.645497,0.651085,0.001000,0.076775,319.811649
48,0.288550,0.754458,0.297689,0.765969,0.765794,0.736198,0.646844,0.659861,0.001000,0.076228,319.453057
49,0.286038,0.748351,0.294635,0.767108,0.770063,0.749573,0.628625,0.633450,0.001000,0.076128,319.198911
50,0.284719,0.747029,0.289556,0.756471,0.777462,0.757541,0.646152,0.656109,0.001000,0.075829,319.610133
51,0.285793,0.747557,0.299237,0.770679,0.759818,0.732214,0.643019,0.649294,0.001000,0.075974,320.335973
52,0.283420,0.743992,0.296027,0.770361,0.765794,0.741605,0.661440,0.664086,0.001000,0.075650,320.165197
53,0.283787,0.746451,0.288131,0.752318,0.766932,0.732214,0.663175,0.662730,0.001000,0.074248,316.988609
54,0.282434,0.743596,0.284188,0.741380,0.779454,0.764371,0.658776,0.673221,0.001000,0.070413,312.753514
55,0.283852,0.744885,0.285201,0.749162,0.780307,0.763802,0.636619,0.650305,0.001000,0.069396,311.580945
56,0.285279,0.749846,0.290829,0.758407,0.772908,0.750142,0.643563,0.653082,0.001000,0.068983,311.033561
57,0.282833,0.743501,0.289949,0.765807,0.774616,0.758395,0.651692,0.662051,0.001000,0.068817,310.876514
58,0.280638,0.740093,0.285519,0.747010,0.766932,0.740182,0.668251,0.674036,0.001000,0.068915,311.039750
59,0.283484,0.745573,0.287525,0.743622,0.767501,0.742459,0.660357,0.673026,0.001000,0.070046,312.504502
60,0.281222,0.738742,0.293706,0.758124,0.771485,0.749289,0.631294,0.635271,0.001000,0.070827,312.701577
61,0.280422,0.740010,0.295889,0.774270,0.760387,0.731929,0.639942,0.642768,0.001000,0.073393,314.604337
62,0.280197,0.739071,0.285680,0.747125,0.771201,0.752134,0.663212,0.666151,0.001000,0.074770,315.501794
63,0.279781,0.736527,0.294331,0.767978,0.768071,0.742174,0.646772,0.659178,0.001000,0.075186,316.198547
64,0.281466,0.741074,0.282080,0.733565,0.770632,0.738475,0.668357,0.670337,0.001000,0.075282,316.127886
65,0.281870,0.740637,0.295563,0.770417,0.752988,0.721116,0.655339,0.647915,0.001000,0.075148,315.539824
66,0.279044,0.738598,0.283983,0.743553,0.777462,0.758395,0.672682,0.669805,0.001000,0.075411,316.330840
67,0.278450,0.737036,0.293965,0.770357,0.776323,0.752703,0.642042,0.641328,0.001000,0.075656,316.604612
68,0.278065,0.735294,0.289984,0.762810,0.773478,0.750427,0.675127,0.678237,0.001000,0.075634,316.809958
69,0.278234,0.736693,0.291758,0.767411,0.776608,0.749573,0.651116,0.648779,0.001000,0.076014,317.093602
70,0.276392,0.731937,0.282333,0.736997,0.777462,0.756972,0.682552,0.685085,0.001000,0.076085,316.953375
71,0.278204,0.736329,0.291662,0.765752,0.771201,0.760956,0.649860,0.664395,0.001000,0.075883,316.879903
72,0.278512,0.736780,0.286176,0.751593,0.778031,0.759249,0.645190,0.655445,0.001000,0.075820,316.420262
73,0.277130,0.736120,0.284867,0.747422,0.783438,0.763802,0.638125,0.648609,0.001000,0.075987,316.828194
74,0.276584,0.734616,0.283644,0.752474,0.775470,0.762094,0.661505,0.671040,0.001000,0.075943,316.521387
75,0.278352,0.737318,0.292417,0.761260,0.763802,0.747297,0.669588,0.674161,0.001000,0.076150,317.064248
76,0.276269,0.733162,0.283441,0.742729,0.776608,0.755549,0.673631,0.678929,0.001000,0.078077,316.341578
77,0.275994,0.728763,0.291772,0.756231,0.776608,0.749858,0.666823,0.663921,0.001000,0.078026,316.170313
78,0.275976,0.729548,0.291847,0.753411,0.772055,0.742459,0.656786,0.655362,0.001000,0.078061,315.918323
79,0.276849,0.734194,0.284252,0.740919,0.773193,0.754980,0.674091,0.680062,0.001000,0.078017,315.854887
80,0.276028,0.731425,0.283329,0.749529,0.784861,0.765509,0.653437,0.661227,0.001000,0.077982,315.153976
81,0.276251,0.733928,0.280009,0.741408,0.784861,0.763802,0.675856,0.688572,0.001000,0.077980,315.132713
82,0.275870,0.729159,0.295542,0.768900,0.764087,0.746158,0.648425,0.651765,0.001000,0.078001,315.025075
83,0.275892,0.731037,0.280242,0.746441,0.784576,0.771770,0.677376,0.687004,0.001000,0.077925,315.284284
84,0.275104,0.730156,0.282021,0.737328,0.781161,0.745874,0.692792,0.685703,0.001000,0.077943,315.111287
85,0.274793,0.729700,0.292226,0.763264,0.765794,0.750996,0.667586,0.669383,0.001000,0.077925,315.200001
86,0.276972,0.733890,0.286021,0.754003,0.782015,0.762094,0.655875,0.665022,0.001000,0.077914,314.865757
87,0.276120,0.730918,0.285349,0.743953,0.776608,0.752419,0.674755,0.679545,0.001000,0.077857,314.459565
88,0.273696,0.727121,0.281107,0.746137,0.781730,0.767786,0.662976,0.670645,0.001000,0.077752,314.166668
89,0.274016,0.727903,0.291526,0.754783,0.770916,0.751850,0.652529,0.651146,0.001000,0.077793,313.954387
90,0.274503,0.728084,0.277291,0.725752,0.776892,0.759533,0.661948,0.679130,0.001000,0.074867,315.513636
91,0.273370,0.729081,0.289446,0.746073,0.772908,0.752419,0.670975,0.676990,0.001000,0.075754,316.124467
92,0.272795,0.723641,0.285463,0.747649,0.776323,0.753273,0.665819,0.669650,0.001000,0.076310,316.327906
93,0.272663,0.723576,0.281234,0.736418,0.779454,0.762948,0.676475,0.678697,0.001000,0.076450,316.527282
94,0.274035,0.727984,0.283304,0.742853,0.776608,0.757826,0.653916,0.668016,0.001000,0.076366,316.055120
95,0.274624,0.728485,0.276888,0.730065,0.779454,0.763802,0.681025,0.684225,0.001000,0.076495,316.105041
96,0.273409,0.727946,0.290494,0.758748,0.779454,0.759533,0.617431,0.627184,0.001000,0.076875,317.247382
97,0.273273,0.728551,0.283188,0.741723,0.775754,0.757541,0.660241,0.672093,0.001000,0.076727,317.205189
98,0.273031,0.725953,0.293166,0.763816,0.773193,0.749004,0.649923,0.659084,0.001000,0.076853,317.158591
99,0.272658,0.723763,0.283204,0.753516,0.778031,0.752134,0.649589,0.653471,0.001000,0.076903,317.411711
100,0.271908,0.724898,0.279169,0.728490,0.784007,0.762094,0.685253,0.681954,0.001000,0.076827,316.920645
1,0.262217,0.698433,0.272061,0.717060,0.782299,0.764087,0.695576,0.698743,0.000100,0.454376,449.169173
2,0.257312,0.690853,0.268778,0.710404,0.790268,0.773193,0.708349,0.707584,0.000100,0.438585,446.219877
3,0.255645,0.686093,0.266013,0.703013,0.790552,0.771201,0.701047,0.708556,0.000100,0.442677,445.958864
4,0.254024,0.683513,0.266455,0.709281,0.785999,0.771485,0.697303,0.707594,0.000100,0.443052,446.991362
5,0.253145,0.680157,0.267117,0.710665,0.786568,0.778315,0.701772,0.711085,0.000100,0.442621,446.765977
6,0.252176,0.679132,0.264320,0.698755,0.782869,0.774047,0.700441,0.710997,0.000100,0.443053,447.579375
7,0.250728,0.677628,0.266235,0.703913,0.789983,0.771485,0.702231,0.709150,0.000100,0.443116,448.494037
8,0.250556,0.677926,0.264416,0.706090,0.790837,0.779454,0.706014,0.714393,0.000100,0.445545,450.038532
9,0.248846,0.676255,0.262556,0.700503,0.786283,0.775754,0.701602,0.711538,0.000100,0.443482,448.081122
10,0.250009,0.676957,0.262953,0.698748,0.790837,0.773193,0.712429,0.719805,0.000100,0.443005,448.704785
11,0.248524,0.672745,0.264081,0.701261,0.787706,0.767501,0.711011,0.712538,0.000100,0.443514,449.172385
12,0.247886,0.672431,0.263879,0.704101,0.790268,0.774616,0.707348,0.707627,0.000100,0.447013,450.388898
13,0.247635,0.671613,0.259312,0.696722,0.792544,0.774616,0.714235,0.717401,0.000100,0.447181,450.507774
14,0.246050,0.668614,0.263651,0.700195,0.786283,0.768640,0.711653,0.718802,0.000100,0.443902,447.187705
15,0.247004,0.671275,0.261893,0.699242,0.795105,0.773762,0.719802,0.719976,0.000100,0.442791,449.554483
16,0.247043,0.672227,0.261656,0.701398,0.790268,0.778884,0.699303,0.709601,0.000100,0.448431,450.909802
17,0.245973,0.671169,0.266217,0.709203,0.792544,0.775185,0.701119,0.703081,0.000100,0.445300,449.378804
18,0.246310,0.670252,0.261209,0.702297,0.791121,0.773762,0.709877,0.708018,0.000100,0.442516,447.859010
19,0.244070,0.666690,0.261197,0.698800,0.791975,0.776608,0.713629,0.716068,0.000100,0.443909,448.731181
20,0.243963,0.667470,0.269175,0.716664,0.785145,0.764371,0.698642,0.700133,0.000100,0.444667,449.611141
21,0.244880,0.668117,0.263841,0.711035,0.794252,0.780592,0.714019,0.713034,0.000100,0.441738,448.904778
22,0.244901,0.667899,0.257565,0.697302,0.793967,0.777177,0.719702,0.725783,0.000100,0.444381,449.005143
23,0.243405,0.667155,0.263801,0.706174,0.790268,0.776892,0.709052,0.720517,0.000100,0.439218,444.947494
24,0.242424,0.663580,0.269190,0.720172,0.785714,0.769493,0.694178,0.696789,0.000100,0.442907,447.255954
25,0.243839,0.665746,0.260134,0.699651,0.788845,0.772339,0.713548,0.714662,0.000100,0.438391,445.867946
26,0.243552,0.666704,0.256899,0.691810,0.797951,0.774331,0.709225,0.709283,0.000100,0.437757,445.954468
27,0.243208,0.667294,0.258589,0.699185,0.798520,0.788845,0.706958,0.716956,0.000100,0.443643,447.330300
28,0.242553,0.665356,0.265848,0.719917,0.787422,0.776039,0.703961,0.709310,0.000100,0.451145,452.200508
29,0.241871,0.663662,0.263742,0.708622,0.791406,0.778884,0.707504,0.712313,0.000100,0.441736,447.578665
30,0.243419,0.666225,0.258198,0.692479,0.791690,0.776039,0.714830,0.723680,0.000100,0.446905,450.767222
31,0.239493,0.658608,0.258078,0.693215,0.793113,0.778600,0.718654,0.721971,0.000010,0.443146,449.671491
32,0.241263,0.663711,0.258625,0.698164,0.795390,0.779454,0.713547,0.718682,0.000010,0.449971,452.538251
33,0.240393,0.660365,0.259059,0.696683,0.790837,0.777462,0.714949,0.719723,0.000010,0.442777,448.677465
34,0.239911,0.659446,0.263179,0.710696,0.795959,0.777177,0.710441,0.713456,0.000010,0.441203,447.175442
35,0.238639,0.657425,0.257994,0.696173,0.798236,0.784861,0.711264,0.721550,0.000010,0.444277,448.698803
36,0.238393,0.656848,0.256604,0.692018,0.791975,0.781446,0.714291,0.718941,0.000010,0.437117,446.458303
37,0.240675,0.662013,0.257081,0.691978,0.793113,0.780592,0.714725,0.715401,0.000010,0.437598,445.841494
38,0.239755,0.659935,0.254808,0.690844,0.795674,0.777177,0.717945,0.721356,0.000010,0.438663,447.487688
39,0.239023,0.657248,0.261438,0.706509,0.794252,0.776323,0.705527,0.713890,0.000010,0.447946,451.904036
40,0.238808,0.656682,0.259058,0.697541,0.794821,0.776323,0.721393,0.719356,0.000010,0.444051,448.395851
41,0.239118,0.658731,0.256425,0.693951,0.793967,0.776608,0.726518,0.728677,0.000010,0.445288,450.081316
42,0.237475,0.654131,0.266242,0.715659,0.793967,0.773193,0.710291,0.713076,0.000010,0.444712,450.432628
43,0.238264,0.656887,0.252812,0.682692,0.790552,0.775754,0.723325,0.729213,0.000010,0.441502,447.952911
44,0.238091,0.654796,0.263033,0.707548,0.786283,0.769778,0.708281,0.703792,0.000010,0.444309,449.728960
45,0.238095,0.656345,0.258378,0.698978,0.791121,0.774616,0.716503,0.714419,0.000010,0.442467,449.778793
46,0.238405,0.655500,0.259309,0.700166,0.794536,0.776323,0.712515,0.719318,0.000010,0.442622,449.823960
47,0.239557,0.659656,0.256061,0.689795,0.793682,0.782015,0.721877,0.724343,0.000010,0.444420,449.470635
48,0.238248,0.655296,0.256606,0.690197,0.800228,0.778031,0.719722,0.724274,0.000010,0.444671,450.211367
49,0.238473,0.655845,0.257825,0.699576,0.795674,0.776039,0.717530,0.717603,0.000010,0.448039,451.065182
50,0.237901,0.653839,0.263959,0.707500,0.790837,0.780023,0.698436,0.707230,0.000010,0.442518,449.758124
51,0.237381,0.654252,0.262852,0.708150,0.789414,0.773193,0.705591,0.713242,0.000010,0.442098,448.686683
52,0.238339,0.657977,0.257497,0.694137,0.795674,0.781730,0.715927,0.722953,0.000010,0.444831,449.662136
53,0.238219,0.656741,0.255120,0.689891,0.791406,0.777746,0.717196,0.719377,0.000010,0.447983,450.846130
54,0.238149,0.655525,0.253264,0.689344,0.793682,0.780023,0.722650,0.723587,0.000010,0.442904,449.263059
55,0.239310,0.658666,0.250255,0.678353,0.796528,0.785999,0.726464,0.724886,0.000010,0.448387,451.262761
56,0.237137,0.652758,0.252045,0.684163,0.800512,0.787706,0.733400,0.737150,0.000010,0.442493,449.851165
57,0.238736,0.658356,0.257663,0.698180,0.793113,0.778600,0.714290,0.719263,0.000010,0.445063,450.537285
58,0.237556,0.653809,0.256761,0.693351,0.786853,0.776323,0.713841,0.718925,0.000010,0.447044,451.121804
59,0.237885,0.654066,0.264100,0.711561,0.788560,0.770916,0.695856,0.705057,0.000010,0.441154,449.330491
60,0.238419,0.656359,0.259863,0.699518,0.791121,0.770063,0.713333,0.722366,0.000010,0.446891,450.867717
61,0.236465,0.652787,0.259961,0.698398,0.791121,0.773193,0.712867,0.719121,0.000010,0.442905,449.719196
62,0.237683,0.654822,0.256649,0.694119,0.791690,0.778600,0.714918,0.720339,0.000010,0.445176,450.086860
63,0.236892,0.653149,0.260267,0.703180,0.795674,0.779169,0.712901,0.717242,0.000010,0.447581,451.979239
64,0.237227,0.654684,0.255016,0.689542,0.795390,0.778031,0.723168,0.726430,0.000010,0.443572,449.408001
65,0.236226,0.651910,0.258335,0.701231,0.794821,0.780592,0.721441,0.717048,0.000010,0.444425,450.237795
66,0.237138,0.654945,0.253596,0.686554,0.795390,0.779738,0.725012,0.723186,0.000010,0.445397,449.870762
67,0.237788,0.656095,0.256407,0.693700,0.793398,0.780307,0.717456,0.724004,0.000010,0.444774,449.873609
68,0.237212,0.655586,0.256832,0.694502,0.789698,0.778600,0.721863,0.724556,0.000010,0.442983,450.278364
69,0.235987,0.651658,0.253217,0.685796,0.794536,0.784576,0.716493,0.724406,0.000010,0.445992,450.731671
70,0.236324,0.653012,0.258360,0.694003,0.791121,0.769493,0.719056,0.714280,0.000010,0.444375,451.116910
71,0.237106,0.653769,0.253717,0.686751,0.798520,0.778315,0.726603,0.723465,0.000010,0.444423,451.286880
72,0.236131,0.652183,0.258790,0.697344,0.785999,0.775185,0.717005,0.721818,0.000010,0.443635,451.357632
73,0.237495,0.656244,0.257013,0.695938,0.792544,0.775185,0.716200,0.721921,0.000010,0.442653,449.405898
74,0.236927,0.654330,0.253601,0.685859,0.796813,0.778315,0.720135,0.726191,0.000010,0.439117,437.244559
75,0.236075,0.652977,0.261022,0.701486,0.790552,0.772624,0.709068,0.714870,0.000010,0.439780,431.503852
76,0.236312,0.653836,0.255241,0.687597,0.798520,0.776323,0.720961,0.721004,0.000010,0.444190,434.853651
77,0.235860,0.651667,0.253875,0.684648,0.797666,0.770347,0.725597,0.719598,0.000010,0.443740,433.211950
78,0.235358,0.651096,0.258987,0.696372,0.793682,0.776608,0.710377,0.719530,0.000010,0.445079,433.985590
79,0.236847,0.653227,0.260203,0.703013,0.791975,0.777177,0.706845,0.707256,0.000010,0.443292,433.728348
80,0.235707,0.651353,0.252566,0.680946,0.799943,0.781730,0.725358,0.727187,0.000010,0.442535,432.510289
81,0.236962,0.654822,0.254826,0.683931,0.791690,0.778315,0.719888,0.728873,0.000010,0.442913,431.859208
82,0.236012,0.651736,0.258258,0.694178,0.793682,0.779454,0.710083,0.718317,0.000010,0.444480,434.705773
83,0.236543,0.653932,0.256937,0.697717,0.796244,0.781446,0.716540,0.722504,0.000010,0.444777,433.805557
84,0.235567,0.651377,0.253080,0.691277,0.801935,0.776323,0.730880,0.726125,0.000010,0.444586,434.761342
85,0.236324,0.652122,0.256936,0.694913,0.790552,0.776892,0.718454,0.721460,0.000010,0.440789,431.419112
86,0.235319,0.650153,0.258204,0.691021,0.789129,0.778884,0.708028,0.723520,0.000010,0.444338,433.369560
87,0.235298,0.649709,0.258950,0.696245,0.788275,0.777746,0.708775,0.719696,0.000010,0.444898,435.841671
88,0.235388,0.651320,0.260198,0.699058,0.790268,0.775470,0.708934,0.714373,0.000010,0.442463,433.527426
89,0.233771,0.649184,0.254868,0.689922,0.798805,0.778600,0.717268,0.721443,0.000010,0.444839,433.641253
90,0.234930,0.651466,0.252227,0.684011,0.798236,0.785430,0.728289,0.732707,0.000010,0.445167,435.154480
91,0.234319,0.649083,0.255359,0.689662,0.789414,0.780592,0.711509,0.722254,0.000010,0.441036,435.134257
92,0.233894,0.648661,0.257985,0.705130,0.798805,0.783153,0.714335,0.717328,0.000010,0.440211,435.020767
93,0.232515,0.644017,0.256677,0.692871,0.791121,0.773478,0.727670,0.724472,0.000010,0.440447,435.593291
94,0.233778,0.647116,0.257017,0.694486,0.791406,0.777746,0.716402,0.723924,0.000010,0.439524,432.125998
95,0.232971,0.645640,0.254538,0.692953,0.793967,0.778884,0.717734,0.722371,0.000010,0.439206,431.434547
96,0.232580,0.645876,0.258909,0.695747,0.791121,0.776608,0.715884,0.718887,0.000010,0.438977,431.327740
97,0.232092,0.645583,0.257920,0.698495,0.790268,0.776608,0.707674,0.714734,0.000010,0.438895,431.577757
98,0.232240,0.644585,0.258375,0.696640,0.799089,0.778600,0.715119,0.713393,0.000010,0.444208,435.792654
99,0.230265,0.638406,0.254537,0.683957,0.796813,0.782869,0.714289,0.724580,0.000010,0.445153,435.002042
100,0.228775,0.638449,0.258170,0.696352,0.799374,0.779454,0.707476,0.714207,0.000010,0.444643,433.558003
101,0.236134,0.652567,0.256137,0.694012,0.796244,0.781730,0.718317,0.727773,0.000010,0.440863,431.997137
102,0.235863,0.651793,0.261607,0.702759,0.785714,0.773193,0.707659,0.711328,0.000010,0.443180,434.419770
103,0.234864,0.652196,0.256867,0.694880,0.795674,0.779454,0.721856,0.727548,0.000010,0.444628,436.071025
104,0.236070,0.652472,0.259047,0.703275,0.789983,0.780592,0.711912,0.714128,0.000010,0.441239,433.167285
105,0.235204,0.649601,0.255320,0.698295,0.793398,0.778315,0.718557,0.718476,0.000010,0.440169,432.707667
106,0.236781,0.657455,0.254719,0.689684,0.794821,0.780876,0.719941,0.724128,0.000010,0.443582,435.637260
107,0.237112,0.654054,0.254539,0.691890,0.797382,0.783722,0.719076,0.725908,0.000010,0.444233,435.960703
108,0.235847,0.654440,0.261037,0.708399,0.796528,0.775185,0.713574,0.716402,0.000010,0.444559,438.156912
109,0.236334,0.653569,0.259492,0.698981,0.796528,0.776892,0.712260,0.707919,0.000010,0.444913,438.864661
110,0.237288,0.656135,0.261305,0.703237,0.793682,0.770916,0.717588,0.714850,0.000010,0.444793,439.084007
111,0.235538,0.653752,0.254342,0.685723,0.796813,0.782869,0.718014,0.724857,0.000010,0.444734,439.180977
112,0.235894,0.651080,0.259955,0.705150,0.790837,0.770916,0.717365,0.716282,0.000010,0.443912,438.635093
113,0.236815,0.654189,0.252235,0.683374,0.798236,0.778315,0.726133,0.728595,0.000010,0.444337,439.007971
114,0.237010,0.655913,0.260145,0.700112,0.792260,0.774047,0.707129,0.712715,0.000010,0.445329,438.662898
115,0.236203,0.652315,0.253348,0.685857,0.797097,0.782869,0.724853,0.727427,0.000010,0.444474,439.631624
116,0.236058,0.652025,0.260428,0.700486,0.794536,0.779169,0.711612,0.714330,0.000010,0.444045,438.201121
117,0.235641,0.651460,0.261117,0.708458,0.794252,0.779738,0.699344,0.705126,0.000010,0.438805,435.366539
118,0.236379,0.655289,0.253839,0.686531,0.797097,0.782299,0.718537,0.726449,0.000010,0.438806,437.775753
119,0.236780,0.655161,0.258377,0.697262,0.795105,0.780023,0.719433,0.718294,0.000010,0.439303,439.104796
120,0.235567,0.652626,0.255938,0.690728,0.793967,0.781730,0.717471,0.724724,0.000010,0.439484,438.860634
121,0.236393,0.654348,0.257456,0.692337,0.791406,0.772908,0.715583,0.725379,0.000010,0.444428,441.731022
122,0.235436,0.651946,0.257312,0.694396,0.792260,0.774900,0.714432,0.712621,0.000010,0.443113,442.989173
123,0.236074,0.652499,0.253502,0.690748,0.799943,0.781161,0.721094,0.717930,0.000010,0.440031,439.377134
124,0.236545,0.653883,0.252332,0.687475,0.795390,0.786853,0.720212,0.727981,0.000010,0.439645,438.595633
125,0.235682,0.650357,0.256762,0.688853,0.790268,0.774331,0.710071,0.716933,0.000010,0.439808,439.325910
126,0.235975,0.654263,0.255565,0.691738,0.788845,0.780023,0.712066,0.719817,0.000010,0.440166,439.327592
127,0.236065,0.653352,0.254490,0.688828,0.799659,0.779454,0.726389,0.724632,0.000010,0.438671,442.553951
128,0.236361,0.653887,0.257542,0.697079,0.796528,0.778600,0.717011,0.717642,0.000010,0.439463,442.722739
129,0.234901,0.651816,0.253308,0.688156,0.794252,0.783438,0.721281,0.729381,0.000010,0.439511,442.413504
130,0.233719,0.648160,0.256530,0.693417,0.792829,0.782869,0.710712,0.722665,0.000010,0.439731,443.125984
131,0.235434,0.651311,0.252216,0.680860,0.791690,0.772624,0.722164,0.725853,0.000010,0.441414,444.928609
132,0.234855,0.649560,0.254046,0.685926,0.796528,0.778031,0.716182,0.716448,0.000010,0.440062,443.064547
133,0.236302,0.653406,0.256308,0.694297,0.795959,0.785145,0.714008,0.718987,0.000010,0.440700,444.372895
134,0.233519,0.646660,0.257621,0.699408,0.789414,0.772055,0.713283,0.715156,0.000010,0.436428,444.387825
135,0.235471,0.651308,0.253090,0.688122,0.792544,0.775754,0.722350,0.728577,0.000010,0.441511,446.268985
136,0.234524,0.650716,0.252258,0.685047,0.795959,0.779738,0.723346,0.727388,0.000010,0.437895,444.734133
137,0.236634,0.654323,0.258745,0.701333,0.795105,0.775754,0.712761,0.716837,0.000010,0.445888,449.092279
138,0.235201,0.649972,0.257365,0.691435,0.791121,0.777462,0.718368,0.727956,0.000010,0.444220,448.960654
139,0.233719,0.648750,0.253885,0.689940,0.797666,0.783438,0.717152,0.725786,0.000010,0.443022,448.393587
140,0.235985,0.653315,0.252964,0.685937,0.799659,0.777746,0.729632,0.725497,0.000010,0.442764,449.455123
141,0.235501,0.652896,0.252392,0.686927,0.799089,0.782584,0.720694,0.726924,0.000010,0.442375,448.726021
142,0.235381,0.650932,0.254797,0.694778,0.793967,0.779454,0.716823,0.726855,0.000010,0.436921,445.445579
143,0.234850,0.649701,0.259005,0.696890,0.792260,0.781161,0.712390,0.722106,0.000010,0.444201,450.016380
144,0.235567,0.653260,0.253263,0.690317,0.801081,0.785145,0.718995,0.722384,0.000010,0.444781,450.172102
145,0.236187,0.653277,0.247679,0.673015,0.801366,0.783438,0.733012,0.736970,0.000010,0.443045,449.463033
146,0.234427,0.651349,0.255492,0.695723,0.796528,0.775754,0.714584,0.711278,0.000010,0.445135,450.738486
147,0.234868,0.650735,0.253229,0.691235,0.796813,0.781161,0.721841,0.725551,0.000010,0.438681,433.550514
148,0.234611,0.648936,0.251704,0.683675,0.793113,0.783438,0.723769,0.737021,0.000010,0.444923,436.463791
149,0.234441,0.648462,0.256521,0.693380,0.798236,0.777746,0.718440,0.724575,0.000010,0.442193,434.007297
150,0.235999,0.654020,0.252345,0.689215,0.801651,0.782015,0.721925,0.720929,0.000010,0.446889,447.937810
