epoch,train_loss,train_xent,valid_xent,valid_emd,valid_xent_accuracy,valid_exp_accuracy,valid_xent_qwk,valid_exp_qwk,learning_rate,time
1,1.576912,44.408978,16.452185,0.192466,0.073421,0.073136,0.005466,0.005219,0.001000,804.242716
2,1.242015,7.876523,2.716072,0.095613,0.541264,0.505122,0.234361,0.226196,0.001000,781.703287
1,1.052350,4.545045,2.320497,0.094089,0.573705,0.554069,0.271051,0.261371,0.001000,617.570795
2,0.956045,4.613827,2.470945,0.097986,0.537849,0.476096,0.261731,0.244529,0.001000,449.146772
3,0.910418,3.239514,2.430202,0.092507,0.570859,0.537849,0.283634,0.271121,0.001000,318.072042
4,0.873757,2.901411,1.499407,0.082131,0.714001,0.705464,0.232996,0.249815,0.001000,334.549305
5,0.848834,3.319162,1.270891,0.082830,0.732214,0.727661,0.165316,0.190408,0.001000,314.683615
6,0.821975,2.973348,1.271934,0.082487,0.738190,0.733068,0.138570,0.180288,0.001000,316.753622
7,0.728640,2.217251,0.859782,0.075725,0.742459,0.655378,0.051189,0.216152,0.001000,305.631473
8,0.646622,0.937715,1.016687,0.078564,0.753557,0.751281,0.188166,0.251821,0.001000,308.478125
9,0.616819,0.825773,0.777601,0.061866,0.772055,0.738475,0.401487,0.487964,0.001000,307.172366
10,0.603437,0.836639,0.788973,0.062209,0.762094,0.568298,0.551588,0.576046,0.001000,312.780883
11,0.593424,0.883132,0.747384,0.059636,0.768355,0.626921,0.476751,0.537042,0.001000,340.047393
12,0.582651,0.864487,0.936480,0.064100,0.766079,0.749858,0.466655,0.524365,0.001000,308.370556
13,0.571991,0.838104,0.735988,0.059920,0.778031,0.574843,0.532657,0.549088,0.001000,316.376857
14,0.564197,0.781322,0.740255,0.058863,0.770063,0.647695,0.533513,0.578892,0.001000,297.278300
15,0.562640,0.805277,0.783615,0.068855,0.769209,0.417758,0.519634,0.481485,0.001000,298.671262
16,0.552777,0.807118,0.753034,0.059585,0.772624,0.636027,0.440583,0.534853,0.001000,294.947600
17,0.542884,0.837517,0.896980,0.063191,0.774047,0.760387,0.365392,0.457119,0.001000,293.530080
18,0.543890,0.820817,0.749963,0.055387,0.787422,0.684690,0.551353,0.595940,0.001000,305.182439
19,0.536570,0.810807,0.760902,0.054491,0.783438,0.723961,0.510810,0.596878,0.001000,298.199406
20,0.529520,0.810192,0.788558,0.067924,0.763517,0.493739,0.567875,0.542008,0.001000,301.202736
21,0.530593,0.778246,0.799761,0.054984,0.785145,0.715993,0.558714,0.609970,0.001000,294.633767
22,0.522575,0.803223,0.774096,0.054653,0.782299,0.747297,0.524109,0.609783,0.001000,289.756637
23,0.524245,0.836142,0.782226,0.053083,0.794536,0.730507,0.562446,0.600531,0.001000,332.310135
24,0.523128,0.815049,0.790320,0.055386,0.787422,0.748150,0.488174,0.565085,0.001000,296.710492
25,0.518357,0.833019,0.718974,0.055300,0.793682,0.597325,0.603909,0.613456,0.001000,292.263691
26,0.511825,0.765959,0.713451,0.051942,0.795959,0.691520,0.569818,0.603473,0.001000,295.407126
27,0.510180,0.786977,0.841586,0.056539,0.787422,0.754126,0.517632,0.574479,0.001000,291.998026
28,0.509435,0.780098,0.729741,0.052149,0.795390,0.678145,0.632155,0.661038,0.001000,284.892685
1,0.507779,0.759822,0.809932,0.060270,0.784291,0.768071,0.410928,0.479621,0.001000,599.328025
2,0.503810,0.762808,0.730368,0.053870,0.789983,0.698349,0.587711,0.643837,0.001000,298.736050
3,0.501491,0.754940,0.813156,0.054652,0.795390,0.764087,0.520800,0.572772,0.001000,297.306609
4,0.494898,0.764530,0.712251,0.050447,0.799943,0.708025,0.611756,0.661002,0.001000,298.607403
5,0.495758,0.763083,0.741215,0.051907,0.792260,0.748435,0.575041,0.648027,0.001000,298.806060
6,0.494318,0.752366,0.717702,0.049970,0.799374,0.748435,0.613741,0.651407,0.001000,298.790871
7,0.488220,0.757944,0.695869,0.052005,0.799374,0.645418,0.624739,0.659359,0.001000,297.475080
8,0.488912,0.743341,0.701174,0.052060,0.800228,0.666477,0.614660,0.631143,0.001000,297.557425
9,0.485434,0.744240,0.691845,0.049426,0.806488,0.712863,0.618030,0.648669,0.001000,298.759088
10,0.482322,0.745366,0.761037,0.053531,0.794536,0.749004,0.583401,0.625429,0.001000,299.182200
11,0.486949,0.729172,0.713334,0.056335,0.791121,0.544109,0.606472,0.566307,0.001000,299.216318
12,0.483179,0.740006,0.858440,0.060979,0.778884,0.758964,0.540897,0.596664,0.001000,299.302270
13,0.482840,0.734800,0.695916,0.052263,0.798805,0.673022,0.586460,0.631394,0.001000,299.292708
14,0.477942,0.736393,0.689308,0.051929,0.799374,0.684690,0.615160,0.654842,0.001000,298.836759
15,0.480297,0.709020,0.732401,0.060980,0.789414,0.497154,0.619405,0.541045,0.001000,298.589531
16,0.478947,0.724684,0.688479,0.050006,0.793967,0.720831,0.583891,0.656669,0.001000,298.590838
17,0.474581,0.729222,0.788096,0.054843,0.795105,0.773478,0.539251,0.591309,0.001000,297.970400
18,0.475522,0.723641,0.677142,0.049583,0.801081,0.736198,0.605517,0.637873,0.001000,298.068137
19,0.474858,0.744755,0.689884,0.051292,0.798236,0.696642,0.631427,0.656917,0.001000,298.051372
20,0.467744,0.728984,0.690855,0.049127,0.806773,0.719977,0.631522,0.657203,0.001000,298.047653
21,0.473917,0.717199,0.730110,0.050530,0.799943,0.755549,0.608075,0.651919,0.001000,298.143286
22,0.473499,0.709142,0.709156,0.049757,0.802789,0.769778,0.598100,0.660192,0.001000,298.346077
23,0.467651,0.748601,0.730513,0.050600,0.800797,0.759533,0.582361,0.632493,0.001000,299.002515
24,0.471935,0.735554,0.784763,0.054320,0.796813,0.771485,0.533107,0.599467,0.001000,299.058542
25,0.465989,0.715440,0.710221,0.050672,0.794821,0.743882,0.604748,0.662785,0.001000,299.365043
26,0.466074,0.720650,0.786397,0.056397,0.790268,0.768071,0.476286,0.540189,0.001000,299.451043
27,0.462420,0.721275,0.774878,0.053241,0.792544,0.759533,0.582416,0.648002,0.001000,299.636246
28,0.467014,0.723019,0.695364,0.049197,0.798236,0.759818,0.596402,0.671172,0.001000,299.719553
29,0.466052,0.726729,0.712138,0.051157,0.794821,0.692373,0.627965,0.685716,0.001000,299.734624
30,0.465998,0.718468,0.702145,0.048729,0.807342,0.724246,0.652723,0.682274,0.001000,299.925578
31,0.466063,0.721034,0.699297,0.049448,0.809334,0.702049,0.630031,0.654570,0.001000,299.789936
32,0.467062,0.721683,0.707100,0.048790,0.802220,0.754411,0.600803,0.652228,0.001000,299.970111
33,0.467703,0.717477,0.758817,0.050862,0.804212,0.776892,0.575812,0.619254,0.001000,300.159239
34,0.465918,0.724838,0.697395,0.049445,0.802789,0.766363,0.588294,0.646033,0.001000,300.337169
35,0.462265,0.726145,0.706536,0.050256,0.802504,0.710017,0.629362,0.656379,0.001000,300.506108
36,0.463232,0.703024,0.697846,0.054624,0.792544,0.632612,0.622598,0.646664,0.001000,300.696677
37,0.458631,0.708828,0.699101,0.048901,0.805635,0.755265,0.610280,0.654680,0.001000,301.119064
38,0.461706,0.719744,0.675732,0.047834,0.805635,0.753557,0.620945,0.686932,0.001000,301.271962
39,0.455029,0.707104,0.740110,0.050949,0.801651,0.762379,0.589760,0.628951,0.001000,301.364439
40,0.454682,0.701173,0.698702,0.049691,0.803073,0.716562,0.646564,0.684034,0.001000,301.118125
41,0.454161,0.704844,0.664003,0.048109,0.811042,0.696642,0.639016,0.673468,0.001000,301.258969
42,0.453970,0.709227,0.668515,0.049285,0.808480,0.708310,0.634184,0.655669,0.001000,301.478997
43,0.457824,0.710212,0.674890,0.049902,0.800512,0.665054,0.665878,0.672649,0.001000,301.278991
44,0.450694,0.691323,0.747535,0.064915,0.776039,0.418611,0.610667,0.527992,0.001000,301.383651
45,0.454457,0.708928,0.670384,0.047784,0.807627,0.714286,0.664333,0.678540,0.001000,301.598586
46,0.450951,0.714486,0.660864,0.046589,0.811042,0.723392,0.651762,0.694852,0.001000,301.474633
47,0.452299,0.713560,0.729219,0.058647,0.780307,0.605009,0.622695,0.646651,0.001000,301.675921
48,0.452581,0.701962,0.695119,0.048254,0.805065,0.762948,0.614547,0.677900,0.001000,301.483838
49,0.454013,0.708382,0.704884,0.050411,0.802220,0.767786,0.577809,0.631919,0.001000,301.258740
50,0.445662,0.694157,0.678689,0.046817,0.807627,0.762379,0.621572,0.683105,0.001000,301.464743
51,0.452141,0.701139,0.682196,0.047453,0.805635,0.755834,0.631161,0.684990,0.001000,301.519660
52,0.450098,0.719995,0.748234,0.052183,0.798520,0.777177,0.585709,0.635752,0.001000,301.697510
53,0.445723,0.699123,0.696999,0.052266,0.792544,0.656232,0.667361,0.665980,0.001000,301.683362
54,0.449625,0.692419,0.718949,0.049054,0.806773,0.778031,0.623224,0.663985,0.001000,301.737713
55,0.445462,0.694366,0.671345,0.046512,0.809619,0.758680,0.629488,0.680527,0.001000,301.408805
56,0.442548,0.715744,0.684642,0.047822,0.806204,0.765509,0.630956,0.668838,0.001000,301.556332
57,0.444891,0.694597,0.675167,0.047719,0.806204,0.755549,0.630249,0.676390,0.001000,301.255652
58,0.441537,0.692930,0.707764,0.049823,0.803073,0.715139,0.673450,0.685196,0.001000,301.557824
59,0.451003,0.725618,0.768319,0.052910,0.792829,0.760672,0.587439,0.647451,0.001000,301.489461
60,0.445611,0.696283,0.704323,0.047517,0.806204,0.763233,0.619005,0.674794,0.001000,301.464878
61,0.437654,0.689056,0.706197,0.049721,0.803073,0.763233,0.594268,0.646908,0.001000,301.245558
62,0.447074,0.707857,0.691866,0.047405,0.808480,0.764371,0.640626,0.685481,0.001000,301.366565
63,0.445253,0.703872,0.682793,0.048970,0.804496,0.725953,0.623043,0.669441,0.001000,301.535539
64,0.443286,0.704788,0.696397,0.047688,0.805350,0.760102,0.637002,0.682912,0.001000,301.645255
65,0.448484,0.696735,0.693913,0.046898,0.812749,0.772055,0.653052,0.694095,0.001000,301.622198
66,0.443750,0.695463,0.706817,0.048108,0.809050,0.763802,0.616828,0.657228,0.001000,301.454365
67,0.441321,0.689881,0.710125,0.048745,0.806204,0.764087,0.639914,0.678329,0.001000,301.269307
68,0.444179,0.704932,0.674192,0.047971,0.809050,0.712009,0.678458,0.693321,0.001000,301.364800
69,0.445451,0.685659,0.660198,0.047319,0.813887,0.744451,0.613764,0.642962,0.001000,301.253195
70,0.440480,0.679026,0.687239,0.049085,0.799659,0.746443,0.604154,0.667911,0.001000,301.648305
71,0.442594,0.671674,0.731998,0.051507,0.799943,0.770063,0.578164,0.627485,0.001000,414.467711
72,0.436858,0.685369,0.774258,0.051724,0.801081,0.779169,0.588586,0.630887,0.001000,369.585758
73,0.439252,0.716745,0.671398,0.046048,0.808196,0.756972,0.655874,0.699797,0.001000,301.293447
74,0.439468,0.691195,0.668063,0.049382,0.803358,0.698919,0.657087,0.681441,0.001000,300.600105
75,0.442218,0.692252,0.687749,0.048028,0.806204,0.719408,0.662901,0.676764,0.001000,300.429612
76,0.435120,0.702124,0.701458,0.047579,0.811326,0.768071,0.617780,0.651854,0.001000,300.214045
77,0.438339,0.710318,0.691357,0.047150,0.807911,0.758395,0.666149,0.707981,0.001000,300.415616
78,0.433145,0.690604,0.729120,0.051032,0.800228,0.760387,0.579648,0.635412,0.001000,300.601521
79,0.440020,0.700934,0.687317,0.048870,0.805635,0.739898,0.629381,0.665692,0.001000,300.355340
80,0.441172,0.694946,0.681521,0.046991,0.807627,0.761241,0.626408,0.676196,0.001000,300.347477
81,0.440199,0.695747,0.694169,0.047741,0.806488,0.775470,0.639115,0.681247,0.001000,300.311604
82,0.435793,0.701938,0.676074,0.049790,0.807057,0.712863,0.640086,0.680968,0.001000,300.463162
83,0.436674,0.690674,0.676558,0.050229,0.809050,0.645134,0.669072,0.646913,0.001000,300.341180
84,0.438777,0.691306,0.676004,0.048104,0.811042,0.692943,0.687137,0.689101,0.001000,300.560110
85,0.431182,0.687256,0.707920,0.048707,0.801081,0.746158,0.625116,0.667859,0.001000,300.470239
86,0.434905,0.702541,0.665104,0.047383,0.811326,0.700911,0.663579,0.689000,0.001000,300.445217
87,0.434145,0.690333,0.674156,0.046617,0.811042,0.747012,0.659978,0.695607,0.001000,300.493819
88,0.433173,0.689859,0.759903,0.050681,0.806488,0.771485,0.585915,0.629821,0.001000,300.446884
89,0.438230,0.707831,0.740811,0.050190,0.808196,0.771770,0.586397,0.617822,0.001000,300.728804
90,0.425637,0.679716,0.716278,0.050197,0.801081,0.764087,0.575337,0.632144,0.001000,300.714625
91,0.433434,0.695229,0.738081,0.050611,0.803073,0.772908,0.597029,0.643672,0.001000,300.531582
92,0.434433,0.691187,0.667148,0.047808,0.807342,0.700911,0.679056,0.689141,0.001000,300.564903
93,0.429016,0.690745,0.690469,0.047240,0.808765,0.758680,0.631592,0.667168,0.001000,300.440232
94,0.436395,0.698671,0.687394,0.047360,0.805919,0.764087,0.624402,0.673051,0.001000,300.501544
95,0.429750,0.678246,0.661032,0.046914,0.811895,0.718270,0.682517,0.695322,0.001000,300.598874
96,0.434018,0.693228,0.759611,0.053632,0.795959,0.777746,0.550966,0.607514,0.001000,300.859846
97,0.434571,0.682348,0.672344,0.047826,0.810472,0.764087,0.612089,0.664526,0.001000,300.727403
98,0.429994,0.675321,0.709987,0.050235,0.802220,0.775470,0.580439,0.640706,0.001000,301.085416
99,0.426165,0.693762,0.709826,0.050711,0.799943,0.771770,0.583909,0.637655,0.001000,301.837723
100,0.431772,0.682966,0.674995,0.048831,0.804212,0.758395,0.592548,0.655176,0.001000,301.621776
101,0.424108,0.690569,0.705062,0.053010,0.798805,0.616961,0.669775,0.649596,0.001000,301.471971
102,0.430966,0.694542,0.676598,0.047752,0.805065,0.716847,0.668140,0.693227,0.001000,301.428682
103,0.431402,0.698293,0.660779,0.046611,0.817871,0.723961,0.669139,0.692741,0.001000,301.233516
104,0.424350,0.683778,0.682280,0.046237,0.818156,0.747297,0.669513,0.693392,0.001000,299.291729
105,0.436222,0.688989,0.664793,0.046151,0.812749,0.731360,0.664910,0.700993,0.001000,297.040925
106,0.424555,0.689784,0.656211,0.046000,0.814172,0.730507,0.668043,0.694593,0.001000,297.693772
107,0.430195,0.679049,0.686910,0.047980,0.806773,0.774047,0.607376,0.665425,0.001000,297.659394
108,0.423733,0.674356,0.667000,0.048896,0.801651,0.721969,0.664281,0.699767,0.001000,297.609098
109,0.424462,0.665032,0.679962,0.046452,0.808196,0.765509,0.636410,0.694818,0.001000,297.603462
110,0.428756,0.671569,0.682407,0.050896,0.798236,0.686682,0.656601,0.687033,0.001000,297.636390
111,0.424621,0.682422,0.767541,0.064834,0.764656,0.498293,0.643322,0.582575,0.001000,297.640351
112,0.431907,0.674376,0.651434,0.046309,0.808765,0.767501,0.644363,0.696656,0.001000,297.515104
113,0.431757,0.677396,0.733937,0.051259,0.801366,0.776039,0.590861,0.633737,0.001000,297.631437
114,0.429561,0.686739,0.984573,0.099065,0.633751,0.321855,0.472374,0.410121,0.001000,297.721908
115,0.427224,0.682916,0.651899,0.045065,0.812749,0.759818,0.652047,0.695661,0.001000,297.519728
116,0.424534,0.672464,0.806546,0.057147,0.791406,0.779738,0.508259,0.557936,0.001000,297.622315
117,0.424612,0.667061,0.673816,0.048756,0.802220,0.680706,0.686622,0.690827,0.001000,297.701773
118,0.426813,0.667243,0.671007,0.047064,0.808196,0.764656,0.636545,0.684203,0.001000,297.601167
119,0.426471,0.665535,0.674160,0.047484,0.808480,0.763802,0.642079,0.674801,0.001000,297.661175
120,0.424225,0.665557,0.651890,0.047843,0.808765,0.684690,0.684473,0.690609,0.001000,297.710204
121,0.433933,0.674501,0.655501,0.048350,0.809619,0.681844,0.658569,0.660634,0.001000,297.682923
122,0.426134,0.673151,0.670140,0.048902,0.803927,0.681559,0.676238,0.694862,0.001000,297.746333
123,0.424987,0.681701,0.766785,0.064611,0.762664,0.533295,0.630396,0.588129,0.001000,297.879563
124,0.434590,0.693903,0.654532,0.047831,0.804781,0.709163,0.669352,0.683335,0.001000,298.891104
125,0.436601,0.683809,0.751901,0.055564,0.791406,0.774331,0.503283,0.568539,0.001000,299.638368
126,0.420997,0.657655,0.662660,0.048134,0.800512,0.689243,0.672196,0.696462,0.001000,298.894853
