epoch,train_loss,train_xent,valid_loss,valid_xent,valid_xent_accuracy,valid_exp_accuracy,valid_xent_qwk,valid_exp_qwk,learning_rate,mb_time,time
1,1.644047,0.863249,1.479277,0.801202,0.741605,0.611269,0.214140,0.303780,0.001000,0.072324,371.353205
2,1.372318,0.788627,1.247126,0.748308,0.754696,0.595902,0.233985,0.364045,0.001000,0.067349,309.471605
3,1.195597,0.760586,1.115212,0.736155,0.754980,0.699203,0.215279,0.365389,0.001000,0.067601,309.884599
4,1.077322,0.740369,1.050852,0.750812,0.758964,0.675583,0.274541,0.377002,0.001000,0.067961,309.891468
5,0.998273,0.726573,0.970331,0.723769,0.759818,0.608139,0.421409,0.497147,0.001000,0.068228,309.839300
6,0.937117,0.709993,0.918810,0.708915,0.763802,0.695504,0.407636,0.493350,0.001000,0.068366,309.877187
7,0.892650,0.696268,0.880514,0.696346,0.772624,0.681275,0.427334,0.500122,0.001000,0.068531,310.109476
8,0.858614,0.684635,0.877881,0.712846,0.761241,0.622652,0.469198,0.526055,0.001000,0.068610,310.116816
9,0.827135,0.670153,0.817487,0.667726,0.782015,0.657940,0.543495,0.566445,0.001000,0.068594,310.574583
10,0.813703,0.669487,0.825466,0.686306,0.777746,0.609562,0.539415,0.559441,0.001000,0.068647,310.068418
11,0.796447,0.662413,0.801153,0.672959,0.781161,0.715139,0.469316,0.519301,0.001000,0.068635,311.263614
12,0.780796,0.656564,0.778892,0.658565,0.780023,0.633466,0.553259,0.588525,0.001000,0.068756,311.596753
13,0.767366,0.651272,0.770783,0.657828,0.786568,0.670746,0.530129,0.583573,0.001000,0.068667,311.322581
14,0.752854,0.643791,0.758082,0.652537,0.790268,0.675299,0.554675,0.598012,0.001000,0.068614,310.569024
15,0.748034,0.644826,0.755663,0.655407,0.787422,0.721116,0.514389,0.567955,0.001000,0.068684,310.603205
16,0.734813,0.637517,0.733141,0.638742,0.793682,0.678145,0.533632,0.592582,0.001000,0.068640,310.970014
17,0.724178,0.632231,0.724073,0.634615,0.793113,0.701195,0.584000,0.624511,0.001000,0.068672,310.125900
18,0.721621,0.634144,0.730079,0.644705,0.788560,0.739044,0.526856,0.585776,0.001000,0.068638,310.034587
19,0.713013,0.629623,0.721266,0.639383,0.789983,0.726522,0.546007,0.600698,0.001000,0.068672,310.196315
20,0.705201,0.625309,0.716929,0.639115,0.791406,0.683552,0.572600,0.611801,0.001000,0.068673,310.299654
21,0.698322,0.621978,0.711391,0.636564,0.791975,0.723677,0.570713,0.630721,0.001000,0.068633,310.967666
22,0.693535,0.620142,0.692945,0.621029,0.795959,0.731360,0.543075,0.615878,0.001000,0.068660,310.294588
23,0.687502,0.617146,0.696428,0.627503,0.796528,0.678998,0.598135,0.626920,0.001000,0.067975,310.182988
24,0.683945,0.616329,0.706608,0.640180,0.799089,0.713147,0.566407,0.601557,0.001000,0.067688,309.811762
25,0.680007,0.614359,0.692277,0.627765,0.796244,0.713432,0.569909,0.615706,0.001000,0.067563,310.056936
26,0.676530,0.613142,0.683701,0.621242,0.801081,0.736767,0.552583,0.604245,0.001000,0.067647,310.037118
27,0.670595,0.609009,0.678749,0.618106,0.803073,0.735060,0.602723,0.631817,0.001000,0.067650,309.804670
28,0.666424,0.606697,0.669074,0.610254,0.802504,0.717131,0.602933,0.656700,0.001000,0.067633,310.329625
29,0.664936,0.606858,0.661470,0.604146,0.804496,0.704326,0.616655,0.646364,0.001000,0.067596,310.198714
30,0.662586,0.605997,0.657466,0.601730,0.804496,0.727376,0.602811,0.643085,0.001000,0.067578,310.411186
31,0.658673,0.603465,0.672094,0.617380,0.795674,0.743028,0.538193,0.620852,0.001000,0.067551,310.528709
32,0.653842,0.599725,0.668401,0.614857,0.800512,0.723677,0.592344,0.639491,0.001000,0.067548,310.622280
33,0.653064,0.600096,0.662495,0.610035,0.802220,0.713147,0.609168,0.645105,0.001000,0.067532,310.713374
34,0.650929,0.598947,0.654442,0.603065,0.804496,0.738190,0.613076,0.656479,0.001000,0.067526,310.698144
35,0.649546,0.598530,0.655157,0.604479,0.799943,0.702049,0.623984,0.651454,0.001000,0.067545,310.314492
36,0.646595,0.596349,0.661381,0.611506,0.807342,0.721969,0.608292,0.628761,0.001000,0.067525,310.508863
37,0.646934,0.597249,0.654033,0.604667,0.807627,0.733921,0.606405,0.640602,0.001000,0.067898,310.968498
38,0.644488,0.595359,0.651757,0.602928,0.802789,0.730222,0.600859,0.655112,0.001000,0.068724,310.099425
39,0.640037,0.591574,0.654300,0.606074,0.806204,0.746158,0.617856,0.664729,0.001000,0.068858,310.961981
40,0.639386,0.591394,0.653441,0.605682,0.805350,0.729937,0.578098,0.641096,0.001000,0.068900,310.648011
41,0.637970,0.590420,0.651890,0.604518,0.804212,0.696642,0.637357,0.671065,0.001000,0.068852,311.174903
42,0.634812,0.587610,0.676104,0.629080,0.799089,0.720262,0.551691,0.594587,0.001000,0.068882,310.237109
43,0.634212,0.587275,0.642623,0.595938,0.810757,0.739044,0.620616,0.651545,0.001000,0.068799,310.091320
44,0.632553,0.586070,0.640940,0.594574,0.806773,0.732214,0.629493,0.671613,0.001000,0.068695,310.041472
45,0.631885,0.585643,0.641946,0.595778,0.804212,0.715139,0.636156,0.669338,0.001000,0.068765,309.943150
46,0.628391,0.582306,0.643795,0.597776,0.806773,0.704610,0.623157,0.657277,0.001000,0.068679,310.096279
47,0.628950,0.583011,0.651453,0.605598,0.807057,0.757257,0.564142,0.618573,0.001000,0.068666,310.024582
48,0.630502,0.584660,0.632705,0.586953,0.812749,0.727092,0.646880,0.682202,0.001000,0.068657,310.088021
49,0.628479,0.582800,0.640418,0.594900,0.809903,0.740467,0.598862,0.648650,0.001000,0.068524,309.956848
50,0.626643,0.581126,0.637444,0.591959,0.806488,0.728515,0.627523,0.669740,0.001000,0.068770,310.398067
51,0.626054,0.580606,0.637236,0.591886,0.807342,0.729653,0.641254,0.679755,0.001000,0.068625,310.276582
52,0.624579,0.579342,0.644569,0.599441,0.806204,0.740751,0.612503,0.650912,0.001000,0.068687,310.276853
53,0.619648,0.574580,0.643173,0.598101,0.804781,0.733921,0.618322,0.662808,0.001000,0.068538,310.043325
54,0.620632,0.575541,0.641113,0.596052,0.809050,0.736483,0.637944,0.672683,0.001000,0.068501,309.930289
55,0.621760,0.576637,0.633869,0.588808,0.810757,0.754126,0.633054,0.672167,0.001000,0.068474,309.991520
56,0.617640,0.572608,0.632921,0.587882,0.807627,0.738190,0.628115,0.668083,0.001000,0.068440,310.389645
57,0.619287,0.574265,0.637880,0.592980,0.809334,0.757826,0.596088,0.647476,0.001000,0.068470,310.816109
58,0.617857,0.572893,0.631748,0.586820,0.807627,0.732214,0.629012,0.674880,0.001000,0.068466,309.986764
59,0.617839,0.572853,0.632718,0.587790,0.807911,0.732783,0.652105,0.683189,0.001000,0.068558,310.422750
60,0.616034,0.571147,0.627287,0.582436,0.807627,0.728799,0.642306,0.672538,0.001000,0.068704,310.542948
61,0.612027,0.567208,0.647212,0.602412,0.805350,0.731929,0.595980,0.631665,0.001000,0.068761,310.226488
62,0.614366,0.569607,0.637675,0.592945,0.808480,0.736483,0.636046,0.669066,0.001000,0.068749,309.931320
63,0.613890,0.569160,0.628176,0.583450,0.814741,0.720831,0.653323,0.671580,0.001000,0.068560,310.000096
64,0.613195,0.568450,0.629470,0.584684,0.804781,0.730791,0.631632,0.669411,0.001000,0.068806,310.044796
65,0.612336,0.567638,0.626435,0.581718,0.810472,0.727376,0.651280,0.688590,0.001000,0.068575,310.455528
66,0.611337,0.566605,0.630377,0.585664,0.815026,0.728515,0.661632,0.684673,0.001000,0.074695,311.877382
67,0.609231,0.564527,0.637648,0.592937,0.810757,0.740182,0.624446,0.668589,0.001000,0.074745,311.980185
68,0.611191,0.566496,0.644353,0.599728,0.805065,0.710871,0.657438,0.670867,0.001000,0.074576,312.001369
69,0.609676,0.565020,0.627389,0.582727,0.809619,0.735060,0.637556,0.684301,0.001000,0.074562,311.888949
70,0.607213,0.562557,0.623217,0.578454,0.809619,0.732214,0.664279,0.697181,0.001000,0.074513,311.934881
71,0.608763,0.563971,0.632046,0.587256,0.811895,0.739613,0.654671,0.687566,0.001000,0.074701,312.328288
72,0.607535,0.562758,0.614436,0.569659,0.811611,0.763517,0.610124,0.656782,0.001000,0.074641,312.344366
73,0.607530,0.562707,0.622180,0.577315,0.816164,0.731076,0.649562,0.675090,0.001000,0.074674,312.428949
74,0.606246,0.561350,0.634480,0.589627,0.802504,0.726807,0.642010,0.674915,0.001000,0.074635,311.771323
75,0.606628,0.561704,0.631837,0.586917,0.810472,0.739613,0.659229,0.691568,0.001000,0.074557,312.019588
76,0.607834,0.562860,0.635076,0.590074,0.809903,0.734491,0.627404,0.668506,0.001000,0.074450,311.790903
77,0.604939,0.559920,0.623119,0.578153,0.808765,0.745304,0.640514,0.692956,0.001000,0.074581,311.941579
78,0.601747,0.556809,0.621811,0.576916,0.811042,0.735629,0.638640,0.680544,0.001000,0.074492,311.849010
79,0.603912,0.559044,0.618391,0.573517,0.808480,0.734491,0.654504,0.696633,0.001000,0.074434,311.917815
80,0.605747,0.560830,0.624354,0.579417,0.812749,0.758395,0.646020,0.697218,0.001000,0.067771,309.656129
81,0.604987,0.559990,0.615186,0.570199,0.819294,0.761241,0.660983,0.702417,0.001000,0.068282,309.804129
82,0.603415,0.558364,0.628992,0.583902,0.812180,0.724815,0.660066,0.681220,0.001000,0.068506,310.028353
83,0.601412,0.556380,0.624742,0.579731,0.812749,0.744166,0.650953,0.688808,0.001000,0.068470,309.983705
84,0.602932,0.557834,0.631695,0.586567,0.807057,0.704610,0.653101,0.675088,0.001000,0.068462,310.047437
85,0.601105,0.555960,0.647156,0.601963,0.800797,0.733921,0.647526,0.674401,0.001000,0.068507,310.039522
86,0.601667,0.556361,0.629233,0.583888,0.807057,0.744451,0.638426,0.688961,0.001000,0.068581,311.313955
87,0.600336,0.554990,0.625225,0.579956,0.813034,0.745874,0.653732,0.676677,0.001000,0.068550,310.009039
88,0.599056,0.553746,0.620559,0.575289,0.815595,0.768071,0.652778,0.682085,0.001000,0.068577,309.920293
89,0.599626,0.554365,0.623937,0.578626,0.807057,0.708594,0.647728,0.684116,0.001000,0.068448,309.964747
90,0.597150,0.551851,0.616013,0.570663,0.816448,0.756403,0.641286,0.691132,0.001000,0.068535,309.938855
91,0.600445,0.555094,0.631323,0.586021,0.808480,0.737906,0.654315,0.683954,0.001000,0.068546,309.965836
92,0.598884,0.553587,0.608446,0.563162,0.817587,0.745020,0.664681,0.709118,0.001000,0.068593,309.981712
93,0.597432,0.552137,0.610888,0.565554,0.818441,0.754411,0.677706,0.704789,0.001000,0.068556,310.416527
94,0.598217,0.552873,0.618418,0.573084,0.815595,0.760387,0.652366,0.704963,0.001000,0.068486,310.207140
95,0.596648,0.551254,0.623466,0.578115,0.813318,0.749858,0.660378,0.686721,0.001000,0.068474,309.969318
96,0.597298,0.551860,0.616216,0.570726,0.813034,0.757257,0.652268,0.703665,0.001000,0.068480,310.879223
97,0.594008,0.548450,0.614934,0.569457,0.816164,0.764656,0.647461,0.684840,0.001000,0.068343,310.170998
98,0.594237,0.548720,0.615371,0.569837,0.814172,0.746158,0.642712,0.685796,0.001000,0.068500,310.147464
99,0.595198,0.549644,0.632394,0.586837,0.811326,0.755549,0.642380,0.670334,0.001000,0.068379,310.267950
100,0.596343,0.550708,0.617351,0.571682,0.817587,0.759533,0.669678,0.704711,0.001000,0.068363,310.142700
1,0.574280,0.528735,0.601882,0.556453,0.818725,0.757541,0.674887,0.717445,0.000100,0.073624,313.248102
2,0.565922,0.520592,0.597550,0.552319,0.817871,0.758110,0.673092,0.720194,0.000100,0.069218,312.582594
3,0.561019,0.515878,0.599014,0.553966,0.818725,0.759533,0.675139,0.717671,0.000100,0.069237,312.444145
4,0.561508,0.516546,0.600435,0.555558,0.821286,0.762948,0.685055,0.718825,0.000100,0.069301,312.344429
5,0.558057,0.513258,0.595206,0.550491,0.819010,0.770063,0.683151,0.728491,0.000100,0.069385,311.994527
6,0.555501,0.510863,0.600092,0.555528,0.814172,0.766648,0.681943,0.723265,0.000100,0.069516,312.125417
7,0.555077,0.510587,0.604386,0.559972,0.819010,0.756972,0.684761,0.712560,0.000100,0.069617,312.477361
8,0.551261,0.506914,0.598148,0.553869,0.820148,0.762948,0.678856,0.717207,0.000100,0.069604,312.463356
9,0.552263,0.508053,0.597838,0.553698,0.823563,0.761241,0.700123,0.720538,0.000100,0.069654,312.447820
10,0.551600,0.507525,0.597278,0.553274,0.822425,0.765794,0.693630,0.729436,0.000100,0.069605,312.609452
11,0.550507,0.506563,0.603703,0.559820,0.820433,0.761241,0.689605,0.715693,0.000100,0.069578,312.724631
12,0.549097,0.505283,0.594371,0.550619,0.825270,0.763802,0.697533,0.721356,0.000100,0.069780,313.196025
13,0.551085,0.507398,0.600046,0.556422,0.819579,0.759533,0.688140,0.713173,0.000100,0.069747,313.852463
14,0.549785,0.506224,0.601271,0.557770,0.819579,0.760672,0.685903,0.720252,0.000100,0.069661,312.726506
15,0.549043,0.505599,0.589980,0.546594,0.826409,0.762379,0.713743,0.745827,0.000100,0.069721,312.909555
16,0.547148,0.503824,0.599870,0.556605,0.817587,0.770063,0.675144,0.721123,0.000100,0.069677,312.707628
17,0.547464,0.504247,0.595336,0.552176,0.819294,0.771770,0.681192,0.733739,0.000100,0.069777,312.870672
18,0.548469,0.505363,0.597495,0.554445,0.824132,0.771485,0.686820,0.722894,0.000100,0.069770,313.044874
19,0.545387,0.502393,0.599508,0.556564,0.818441,0.762948,0.691564,0.723659,0.000100,0.069773,312.718108
20,0.544603,0.501711,0.600533,0.557692,0.819579,0.762664,0.680573,0.726768,0.000100,0.069819,312.435762
1,0.536648,0.493813,0.594784,0.551955,0.823847,0.767786,0.699609,0.728618,0.000010,0.073959,310.033920
2,0.536254,0.493430,0.596957,0.554138,0.818441,0.762094,0.685394,0.718086,0.000010,0.069252,310.181111
3,0.534198,0.491385,0.599360,0.556552,0.822994,0.764371,0.688601,0.720725,0.000010,0.069372,310.178976
4,0.535803,0.493002,0.601400,0.558604,0.821855,0.762379,0.686164,0.716763,0.000010,0.069552,310.346387
5,0.533920,0.491129,0.599213,0.556427,0.823847,0.765794,0.687478,0.719599,0.000010,0.069575,310.297849
6,0.533315,0.490534,0.599304,0.556528,0.815026,0.765794,0.680627,0.722902,0.000010,0.069481,310.338322
7,0.533738,0.490968,0.604102,0.561337,0.818156,0.761241,0.683829,0.714431,0.000010,0.069491,310.101734
8,0.531196,0.488436,0.599798,0.557043,0.821286,0.766363,0.689425,0.718373,0.000010,0.069730,310.454766
9,0.532672,0.489922,0.596667,0.553921,0.824417,0.759533,0.708457,0.732680,0.000010,0.069577,310.415790
10,0.532544,0.489803,0.592552,0.549816,0.821002,0.766932,0.685675,0.724435,0.000010,0.069673,310.352577
11,0.532024,0.489293,0.601582,0.558857,0.819294,0.766079,0.688424,0.723713,0.000010,0.069572,310.178174
12,0.531169,0.488449,0.594592,0.551876,0.823847,0.770916,0.688783,0.720419,0.000010,0.069613,310.113309
13,0.534187,0.491477,0.602741,0.560037,0.822140,0.761810,0.691948,0.714483,0.000010,0.069645,310.223169
14,0.532842,0.490142,0.600342,0.557648,0.822140,0.768071,0.690311,0.724077,0.000010,0.069634,310.035706
15,0.533133,0.490443,0.585828,0.543142,0.827832,0.769209,0.715906,0.742503,0.000010,0.069766,310.050327
16,0.531587,0.488907,0.600134,0.557460,0.821286,0.764656,0.693013,0.722289,0.000010,0.069666,310.082440
17,0.531668,0.488997,0.599974,0.557309,0.819863,0.770916,0.676800,0.724308,0.000010,0.069882,310.270642
18,0.534070,0.491410,0.599156,0.556501,0.827262,0.763802,0.699816,0.718964,0.000010,0.069657,309.979859
19,0.530809,0.488160,0.597759,0.555113,0.819863,0.763517,0.699431,0.722949,0.000010,0.069828,310.107265
20,0.529978,0.487338,0.599827,0.557191,0.821286,0.760672,0.687673,0.722527,0.000010,0.069826,310.071550
21,0.538470,0.495839,0.602500,0.559875,0.823278,0.768640,0.697863,0.725982,0.000010,0.069648,309.932116
22,0.537983,0.495364,0.596466,0.553852,0.823278,0.770916,0.695055,0.726435,0.000010,0.069635,310.114133
23,0.537286,0.494678,0.601575,0.558972,0.823563,0.767501,0.697344,0.724070,0.000010,0.069637,309.870194
24,0.535438,0.492840,0.595004,0.552411,0.823847,0.765225,0.691957,0.728240,0.000010,0.069627,309.906503
25,0.534046,0.491458,0.591548,0.548966,0.821286,0.765509,0.692653,0.730611,0.000010,0.069615,309.891759
26,0.537412,0.494836,0.597232,0.554660,0.827262,0.767217,0.701132,0.723590,0.000010,0.069616,309.975401
27,0.536586,0.494019,0.598357,0.555797,0.824132,0.760956,0.692289,0.721434,0.000010,0.069593,310.081282
28,0.537796,0.495241,0.601126,0.558578,0.821571,0.768355,0.686338,0.720389,0.000010,0.069636,310.281535
29,0.534976,0.492433,0.593174,0.550636,0.822425,0.766932,0.688311,0.730347,0.000010,0.069643,309.975343
30,0.536085,0.493552,0.591751,0.549224,0.822425,0.768640,0.682064,0.729339,0.000010,0.069632,310.199330
31,0.534665,0.492144,0.609986,0.567470,0.818441,0.767217,0.694012,0.719584,0.000010,0.069688,310.003392
32,0.536961,0.494451,0.592327,0.549822,0.829539,0.766648,0.704761,0.731037,0.000010,0.069653,310.070062
33,0.535382,0.492883,0.596556,0.554061,0.818441,0.770063,0.691275,0.735996,0.000010,0.069727,310.052169
34,0.535593,0.493104,0.596496,0.554011,0.822709,0.764087,0.702919,0.729913,0.000010,0.069909,310.039234
35,0.535082,0.492602,0.594782,0.552308,0.819863,0.760387,0.689971,0.722883,0.000010,0.070011,309.973323
36,0.535892,0.493423,0.596088,0.553625,0.824986,0.762379,0.693330,0.726247,0.000010,0.070094,310.019264
37,0.537445,0.494988,0.595677,0.553225,0.822994,0.766932,0.692895,0.727776,0.000010,0.070212,310.440188
38,0.537944,0.495497,0.588621,0.546180,0.824986,0.774047,0.700106,0.735680,0.000010,0.070098,310.164533
39,0.532304,0.489868,0.594726,0.552295,0.823278,0.770632,0.683177,0.723684,0.000010,0.070022,310.097849
40,0.534077,0.491651,0.591594,0.549173,0.821286,0.762948,0.683119,0.726871,0.000010,0.070106,310.026585
41,0.533666,0.491250,0.597733,0.555323,0.823847,0.770916,0.692223,0.725611,0.000010,0.070201,310.100855
42,0.536172,0.493768,0.604493,0.562093,0.815879,0.770063,0.675306,0.719632,0.000010,0.070216,310.379990
43,0.534743,0.492348,0.592923,0.550534,0.822425,0.761525,0.701644,0.732640,0.000010,0.070179,310.281607
44,0.535781,0.493397,0.597340,0.554962,0.823278,0.760672,0.692322,0.718954,0.000010,0.070314,310.268902
45,0.534947,0.492574,0.597253,0.554884,0.824132,0.764656,0.691309,0.723506,0.000010,0.070104,310.168903
46,0.533456,0.491092,0.595592,0.553233,0.822709,0.768071,0.701054,0.731278,0.000010,0.070212,310.476769
47,0.534006,0.491652,0.597952,0.555603,0.824986,0.764656,0.698724,0.718176,0.000010,0.070366,311.217177
48,0.532584,0.490241,0.590525,0.548187,0.821286,0.773478,0.695541,0.730833,0.000010,0.070427,309.803917
49,0.534132,0.491798,0.594697,0.552369,0.824701,0.770632,0.692631,0.732889,0.000010,0.070322,310.496054
50,0.534325,0.492001,0.603720,0.561401,0.820717,0.760387,0.692378,0.719468,0.000010,0.070604,298.937221
51,0.532980,0.490666,0.599112,0.556804,0.819863,0.765794,0.687188,0.720244,0.000010,0.070629,299.131923
52,0.532669,0.490367,0.602205,0.559907,0.824132,0.768071,0.699428,0.726635,0.000010,0.070557,299.092141
53,0.534097,0.491805,0.594232,0.551944,0.824132,0.769493,0.695813,0.735151,0.000010,0.070522,299.206676
54,0.533751,0.491469,0.596522,0.554244,0.826978,0.763233,0.704098,0.724560,0.000010,0.070521,299.356536
55,0.531507,0.489234,0.596186,0.553919,0.827547,0.756403,0.694418,0.718318,0.000010,0.070482,299.172610
56,0.531007,0.488744,0.598461,0.556204,0.826978,0.771770,0.704895,0.725140,0.000010,0.070381,298.951645
57,0.534020,0.491767,0.599096,0.556848,0.825270,0.760956,0.700554,0.721979,0.000010,0.070482,299.038061
58,0.532270,0.490027,0.595808,0.553569,0.822994,0.774900,0.682926,0.722612,0.000010,0.070328,299.187208
