epoch,train_loss,train_xent,valid_loss,valid_xent,valid_xent_accuracy,valid_exp_accuracy,valid_xent_qwk,valid_exp_qwk,learning_rate,mb_time,time
1,1.750222,0.957360,1.590912,0.891854,0.745304,0.519636,0.000000,0.272520,0.001000,0.469622,671.065646
2,1.496564,0.892037,1.390023,0.873218,0.742743,0.619806,0.066662,0.337994,0.001000,0.453907,481.705508
3,1.323859,0.875962,1.302912,0.909805,0.725669,0.582812,0.235798,0.288872,0.001000,0.454643,488.473766
4,1.213797,0.867726,1.161270,0.859330,0.744451,0.683836,0.062742,0.355998,0.001000,0.456545,492.768693
5,1.113150,0.844176,1.087108,0.847540,0.739328,0.525327,0.330025,0.388475,0.001000,0.454604,490.816440
6,1.049349,0.832448,1.016354,0.819520,0.744451,0.669038,0.284035,0.444887,0.001000,0.456552,495.785973
7,1.001675,0.820980,0.981273,0.815037,0.750142,0.668754,0.338656,0.457111,0.001000,0.459481,507.671158
8,0.972782,0.815976,0.961129,0.812874,0.750711,0.671599,0.288187,0.448600,0.001000,0.461043,506.697123
9,0.954744,0.814624,0.959440,0.823324,0.746158,0.658509,0.329260,0.458247,0.001000,0.462180,506.769197
10,0.933580,0.805982,0.921452,0.803603,0.750142,0.610415,0.468956,0.482565,0.001000,0.462723,506.857171
11,0.910890,0.797933,0.899794,0.792572,0.750711,0.702903,0.444800,0.522158,0.001000,0.463148,506.886411
12,0.901948,0.798460,0.889742,0.791112,0.743028,0.627205,0.521731,0.569229,0.001000,0.460179,499.718763
13,0.883663,0.788121,0.875422,0.781818,0.753273,0.710302,0.469728,0.538695,0.001000,0.452439,484.848005
14,0.866942,0.778284,0.869157,0.784625,0.749004,0.682698,0.509254,0.563199,0.001000,0.452216,484.712364
15,0.861353,0.779457,0.868930,0.789373,0.750711,0.685828,0.521944,0.532605,0.001000,0.452202,483.942598
16,0.846238,0.769478,0.847682,0.773517,0.752419,0.686682,0.496606,0.551394,0.001000,0.451792,483.217742
17,0.839686,0.767708,0.832639,0.762606,0.753842,0.691235,0.527971,0.603913,0.001000,0.451487,482.913128
18,0.830363,0.762162,0.834930,0.767764,0.752419,0.697211,0.546672,0.587722,0.001000,0.451085,482.745341
19,0.824270,0.759093,0.819138,0.755431,0.748435,0.697211,0.570187,0.595676,0.001000,0.451241,482.936066
20,0.813587,0.751282,0.823311,0.762185,0.750427,0.682129,0.568115,0.612486,0.001000,0.450987,482.691537
21,0.813693,0.753883,0.822326,0.763753,0.747581,0.719977,0.556928,0.582958,0.001000,0.450799,482.785491
22,0.806667,0.748906,0.811388,0.754558,0.756118,0.718554,0.506737,0.584744,0.001000,0.450919,483.454654
23,0.805128,0.749291,0.809971,0.755088,0.756118,0.690666,0.583805,0.630129,0.001000,0.451185,482.841302
24,0.799102,0.745081,0.801031,0.747749,0.757541,0.719693,0.560194,0.617909,0.001000,0.450912,483.584816
25,0.795631,0.742961,0.799443,0.747350,0.760672,0.682129,0.550114,0.610616,0.001000,0.450998,483.937912
26,0.789988,0.738703,0.798813,0.748087,0.760387,0.712863,0.570087,0.603197,0.001000,0.451000,483.892134
27,0.791409,0.741144,0.794064,0.744500,0.762948,0.732214,0.558717,0.623097,0.001000,0.450860,483.646867
28,0.784524,0.735556,0.790099,0.741611,0.765509,0.701480,0.569997,0.612849,0.001000,0.450905,483.727953
29,0.781979,0.733894,0.783266,0.735740,0.762379,0.694935,0.618598,0.645633,0.001000,0.450905,484.127100
30,0.780577,0.733418,0.773796,0.727129,0.760672,0.702903,0.564026,0.621064,0.001000,0.450875,483.542759
31,0.776380,0.729974,0.792134,0.746098,0.762379,0.747012,0.580586,0.619683,0.001000,0.451019,483.762264
32,0.774601,0.728814,0.771784,0.726200,0.758964,0.720546,0.580605,0.643854,0.001000,0.450692,483.515104
33,0.773284,0.728168,0.776940,0.732167,0.760102,0.724530,0.577300,0.635625,0.001000,0.450827,483.569707
34,0.769600,0.725144,0.779424,0.735358,0.764087,0.749573,0.599300,0.632572,0.001000,0.450621,483.463276
35,0.769242,0.725367,0.765382,0.721746,0.766079,0.723961,0.623027,0.655712,0.001000,0.450751,483.402415
36,0.768138,0.724787,0.782540,0.739400,0.762664,0.729368,0.586448,0.616923,0.001000,0.450680,482.583224
37,0.766497,0.723609,0.772758,0.730028,0.768640,0.717985,0.585599,0.628882,0.001000,0.450733,483.347770
38,0.764079,0.721565,0.769937,0.727679,0.762664,0.727945,0.613549,0.651957,0.001000,0.450561,483.099536
39,0.761717,0.719604,0.776197,0.734197,0.763233,0.709448,0.593234,0.635223,0.001000,0.450580,483.243350
40,0.760772,0.718908,0.757994,0.716242,0.764371,0.727092,0.616600,0.659951,0.001000,0.450495,483.310580
41,0.757118,0.715495,0.763567,0.722016,0.762094,0.704895,0.616498,0.645407,0.001000,0.450537,483.095696
42,0.756490,0.715068,0.779536,0.738213,0.763517,0.695504,0.595321,0.630342,0.001000,0.450408,483.218823
43,0.754905,0.713615,0.766616,0.725363,0.758680,0.714855,0.622597,0.648470,0.001000,0.450680,482.708950
44,0.754675,0.713602,0.757317,0.716381,0.760387,0.723677,0.630604,0.659953,0.001000,0.450404,483.401463
45,0.753994,0.713100,0.768050,0.727193,0.752988,0.710871,0.633210,0.663771,0.001000,0.450447,483.864668
46,0.752890,0.712166,0.763324,0.722680,0.765509,0.686966,0.599669,0.629811,0.001000,0.450438,483.464016
47,0.753970,0.713389,0.755995,0.715589,0.773762,0.755265,0.612623,0.652549,0.001000,0.450562,483.499186
48,0.750929,0.710493,0.756107,0.715718,0.766932,0.717131,0.630836,0.660714,0.001000,0.450581,483.360775
49,0.748348,0.708107,0.751937,0.711839,0.773193,0.743028,0.589267,0.651285,0.001000,0.450575,482.988684
50,0.746027,0.705973,0.747688,0.707664,0.761810,0.722823,0.614390,0.655821,0.001000,0.450479,483.176890
51,0.747207,0.707238,0.751560,0.711634,0.772624,0.722538,0.635136,0.658386,0.001000,0.450496,483.269285
52,0.746909,0.707064,0.755165,0.715417,0.768640,0.733352,0.604122,0.654685,0.001000,0.450415,483.467118
53,0.745053,0.705351,0.753986,0.714312,0.766079,0.728799,0.628674,0.654768,0.001000,0.450418,483.499914
54,0.745958,0.706331,0.756747,0.717147,0.764940,0.731076,0.627156,0.666585,0.001000,0.450400,483.345668
55,0.745043,0.705497,0.755427,0.715981,0.768924,0.733637,0.627667,0.663791,0.001000,0.450455,483.595795
56,0.743466,0.704059,0.760542,0.721162,0.758680,0.725100,0.598361,0.645761,0.001000,0.450368,483.368319
57,0.743424,0.704121,0.755980,0.716729,0.770632,0.741036,0.594062,0.650988,0.001000,0.450362,483.588658
58,0.741832,0.702596,0.750399,0.711218,0.768355,0.712009,0.655320,0.669090,0.001000,0.450248,483.639227
59,0.742560,0.703396,0.743452,0.704270,0.771201,0.724530,0.623656,0.669746,0.001000,0.450391,483.906957
60,0.740208,0.701032,0.764145,0.725011,0.762094,0.730507,0.573966,0.627097,0.001000,0.450388,484.174646
61,0.739334,0.700128,0.768398,0.729247,0.768924,0.722254,0.600009,0.638515,0.001000,0.450398,483.886236
62,0.739966,0.700831,0.759663,0.720522,0.762094,0.717416,0.633398,0.652355,0.001000,0.450288,483.453078
63,0.740966,0.701880,0.765065,0.725941,0.771201,0.713432,0.588293,0.635867,0.001000,0.450267,483.741308
64,0.738200,0.699074,0.750677,0.711647,0.768640,0.726807,0.637112,0.665910,0.001000,0.450329,484.474235
65,0.740357,0.701264,0.737602,0.698456,0.772339,0.733352,0.639056,0.675792,0.001000,0.450372,484.191788
66,0.739351,0.700252,0.754442,0.715350,0.775754,0.728515,0.614015,0.651899,0.001000,0.450308,484.346690
67,0.735236,0.696165,0.752723,0.713690,0.767217,0.727661,0.600516,0.643852,0.001000,0.450401,484.530772
68,0.736383,0.697388,0.757207,0.718233,0.766079,0.709448,0.637584,0.665989,0.001000,0.450528,484.876168
69,0.736230,0.697265,0.758426,0.719480,0.776039,0.731076,0.631745,0.644924,0.001000,0.450300,482.945086
70,0.735330,0.696449,0.748470,0.709580,0.773193,0.721685,0.629458,0.652468,0.001000,0.450255,483.097537
71,0.733824,0.694909,0.752387,0.713491,0.764940,0.744166,0.589843,0.644903,0.001000,0.450312,482.626268
72,0.734015,0.695119,0.747100,0.708108,0.772624,0.756688,0.636721,0.663705,0.001000,0.450291,482.360493
73,0.734632,0.695641,0.742483,0.703523,0.769209,0.733637,0.611661,0.658265,0.001000,0.450225,482.303404
74,0.734928,0.696007,0.734667,0.695812,0.777462,0.754696,0.639197,0.673195,0.001000,0.450079,482.551102
75,0.736536,0.697645,0.754413,0.715533,0.769493,0.725100,0.642095,0.668551,0.001000,0.450224,482.551315
76,0.732754,0.693935,0.745091,0.706248,0.776892,0.719693,0.650720,0.665810,0.001000,0.450261,482.140481
77,0.732213,0.693326,0.734235,0.695345,0.771201,0.736483,0.616158,0.676019,0.001000,0.450221,482.541884
78,0.732986,0.694088,0.738314,0.699401,0.768071,0.718270,0.618069,0.665714,0.001000,0.450329,482.484817
79,0.731879,0.692920,0.743012,0.704040,0.765225,0.732499,0.629406,0.667506,0.001000,0.450221,482.543721
80,0.734552,0.695592,0.733701,0.694804,0.771485,0.745589,0.631025,0.666743,0.001000,0.450348,482.688864
81,0.735519,0.696596,0.746723,0.707823,0.774900,0.756972,0.620482,0.665332,0.001000,0.450215,482.635907
82,0.729753,0.690838,0.746541,0.707615,0.767786,0.726807,0.632308,0.665760,0.001000,0.450474,482.349243
83,0.729297,0.690343,0.732769,0.693769,0.775470,0.755834,0.654387,0.691292,0.001000,0.450355,482.727320
84,0.732086,0.693084,0.733391,0.694391,0.778884,0.729084,0.679607,0.696783,0.001000,0.450431,482.710895
85,0.729597,0.690639,0.748659,0.709708,0.764087,0.727945,0.645079,0.668258,0.001000,0.450276,482.617068
86,0.729774,0.690797,0.737051,0.698040,0.769493,0.734775,0.648644,0.682722,0.001000,0.450320,482.494642
87,0.729779,0.690746,0.737599,0.698563,0.771770,0.735629,0.675873,0.694139,0.001000,0.450403,482.450288
88,0.728118,0.689096,0.746443,0.707410,0.768355,0.756972,0.632214,0.667203,0.001000,0.450399,482.525691
89,0.725810,0.686787,0.755505,0.716449,0.769778,0.710017,0.629183,0.656923,0.001000,0.450349,482.690512
90,0.726397,0.687358,0.736498,0.697377,0.771770,0.737336,0.612563,0.660256,0.001000,0.450390,482.800450
91,0.727518,0.688404,0.748071,0.708876,0.770916,0.721685,0.658454,0.675457,0.001000,0.450297,482.803921
92,0.724203,0.685079,0.738038,0.698987,0.766648,0.707171,0.656590,0.667238,0.001000,0.450462,482.868074
93,0.725872,0.686820,0.742342,0.703272,0.774616,0.721685,0.644375,0.681398,0.001000,0.450435,482.990865
94,0.726369,0.687327,0.737794,0.698759,0.768924,0.739044,0.617714,0.669887,0.001000,0.450481,482.916209
95,0.728936,0.689888,0.741191,0.702171,0.774900,0.745020,0.656654,0.680800,0.001000,0.450275,482.114729
96,0.727824,0.688727,0.733120,0.694065,0.777177,0.734491,0.625426,0.678399,0.001000,0.450452,482.633376
97,0.727851,0.688757,0.737492,0.698459,0.778600,0.738190,0.651847,0.680841,0.001000,0.450615,477.486319
98,0.724435,0.685383,0.745021,0.705965,0.770916,0.732499,0.623073,0.663931,0.001000,0.450806,469.594761
99,0.724922,0.685880,0.747046,0.708019,0.777746,0.751565,0.598808,0.652445,0.001000,0.450724,469.817645
100,0.727778,0.688728,0.738157,0.699116,0.774047,0.738759,0.642404,0.686031,0.001000,0.450812,469.708934
101,0.722686,0.683684,0.745817,0.706851,0.772055,0.736198,0.633547,0.666824,0.001000,0.450690,469.842569
102,0.724590,0.685562,0.738427,0.699369,0.771770,0.723677,0.637465,0.671442,0.001000,0.450624,469.379218
103,0.722053,0.683016,0.727328,0.688337,0.772624,0.749004,0.637863,0.683350,0.001000,0.450738,469.831962
104,0.722296,0.683347,0.740325,0.701351,0.778031,0.748150,0.635429,0.667198,0.001000,0.450595,470.042499
105,0.725695,0.686707,0.723928,0.684979,0.776608,0.743597,0.662343,0.689499,0.001000,0.450602,469.913221
106,0.724515,0.685579,0.728648,0.689703,0.775470,0.742459,0.620609,0.676156,0.001000,0.450720,469.701303
107,0.721484,0.682546,0.733621,0.694716,0.777462,0.754696,0.612621,0.671127,0.001000,0.450562,469.834470
108,0.722749,0.683788,0.742997,0.704017,0.770632,0.739328,0.648991,0.670708,0.001000,0.450686,469.719521
109,0.722407,0.683420,0.749932,0.710955,0.772624,0.708879,0.649199,0.664430,0.001000,0.450592,469.746297
110,0.722332,0.683378,0.737988,0.699042,0.767217,0.719693,0.644673,0.670500,0.001000,0.450550,470.113239
111,0.721942,0.683000,0.744017,0.705095,0.773193,0.724530,0.665803,0.675587,0.001000,0.450834,469.689090
112,0.723022,0.684057,0.733745,0.694764,0.771201,0.734206,0.657827,0.687165,0.001000,0.450611,469.898957
113,0.722387,0.683402,0.748266,0.709312,0.761525,0.739613,0.643747,0.672267,0.001000,0.450603,469.815554
114,0.723409,0.684378,0.746442,0.707399,0.768355,0.725100,0.646891,0.668552,0.001000,0.450646,469.837351
115,0.721627,0.682552,0.721389,0.682279,0.778031,0.760956,0.672482,0.705931,0.001000,0.450551,469.513190
116,0.723556,0.684435,0.740384,0.701216,0.772055,0.747581,0.636522,0.674393,0.001000,0.450514,469.725345
117,0.721313,0.682160,0.730513,0.691276,0.773193,0.745874,0.654578,0.682087,0.001000,0.450731,469.927574
118,0.721560,0.682380,0.735345,0.696239,0.774047,0.728799,0.644897,0.673728,0.001000,0.450543,469.887019
119,0.721197,0.682062,0.739881,0.700720,0.776608,0.758110,0.658160,0.683887,0.001000,0.450446,469.661120
120,0.719260,0.680044,0.725496,0.686292,0.777462,0.744735,0.670926,0.702326,0.001000,0.450496,469.720008
121,0.721649,0.682407,0.740184,0.700963,0.776608,0.747297,0.595793,0.658618,0.001000,0.450492,469.640530
122,0.719720,0.680487,0.727269,0.688011,0.772055,0.738759,0.675764,0.705986,0.001000,0.450742,469.344293
123,0.716613,0.677405,0.748627,0.709461,0.770632,0.743882,0.652141,0.678886,0.001000,0.450756,469.599467
124,0.719204,0.679994,0.737396,0.698177,0.771201,0.723961,0.646313,0.670581,0.001000,0.450645,469.738381
125,0.721324,0.682064,0.731676,0.692431,0.773193,0.746158,0.618018,0.664520,0.001000,0.450712,469.716488
126,0.718770,0.679542,0.739608,0.700310,0.775470,0.726238,0.652143,0.674813,0.001000,0.450540,469.681228
127,0.717207,0.677947,0.727710,0.688415,0.779169,0.754411,0.663963,0.686929,0.001000,0.450557,469.703331
128,0.717792,0.678495,0.735209,0.695953,0.775185,0.729937,0.646390,0.676450,0.001000,0.450526,469.765185
129,0.719105,0.679815,0.733268,0.694019,0.776608,0.741890,0.645704,0.689343,0.001000,0.450637,469.416909
130,0.715573,0.676309,0.735626,0.696362,0.776892,0.745304,0.651005,0.688282,0.001000,0.450724,469.942331
131,0.719038,0.679758,0.727015,0.687694,0.774331,0.731929,0.674247,0.684622,0.001000,0.450543,469.825017
132,0.717587,0.678247,0.734213,0.694843,0.764371,0.729653,0.676986,0.690349,0.001000,0.450467,469.982192
133,0.717661,0.678292,0.744439,0.705012,0.765794,0.716847,0.610458,0.669575,0.001000,0.450606,472.433813
134,0.714781,0.675354,0.742337,0.702915,0.780307,0.721969,0.649268,0.674174,0.001000,0.450929,473.223816
135,0.716232,0.676807,0.746913,0.707476,0.770916,0.728230,0.614771,0.657923,0.001000,0.450543,473.216857
136,0.720059,0.680646,0.725228,0.685899,0.782584,0.737906,0.675116,0.693660,0.001000,0.450484,472.961650
137,0.715473,0.676148,0.738697,0.699371,0.778031,0.740182,0.656845,0.679041,0.001000,0.450796,473.214825
138,0.713687,0.674340,0.737108,0.697738,0.777746,0.749858,0.613100,0.662725,0.001000,0.450696,472.924122
139,0.714744,0.675371,0.735979,0.696659,0.781730,0.754411,0.616339,0.671792,0.001000,0.450590,473.098865
140,0.717381,0.678016,0.723510,0.684135,0.779738,0.756403,0.667202,0.700410,0.001000,0.450672,472.992890
