epoch,train_loss,train_xent,valid_loss,valid_xent,valid_emd,valid_xent_accuracy,valid_exp_accuracy,valid_xent_qwk,valid_exp_qwk,learning_rate,mb_time,time
1,1.372967,21.524870,1.351351,20.800985,0.101588,0.745304,0.745304,0.000000,0.000000,0.010000,0.502810,476.672912
2,1.367580,21.468857,1.343066,20.600187,0.101588,0.745304,0.745304,0.000000,0.000000,0.010000,0.470429,437.357525
3,1.359334,21.290438,1.334860,20.452503,0.101588,0.745304,0.745304,0.000000,0.000000,0.010000,0.470452,437.367709
4,1.351168,21.055124,1.326734,20.246078,0.101588,0.745304,0.745304,0.000000,0.000000,0.010000,0.470415,439.923732
5,1.343081,20.899101,1.318686,20.152288,0.101588,0.745304,0.745304,0.000000,0.000000,0.010000,0.470117,440.467153
6,1.335073,20.714603,1.310716,19.940912,0.101588,0.745304,0.745304,0.000000,0.000000,0.010000,0.470222,440.866772
7,1.327142,20.486992,1.302828,19.737293,0.101588,0.745304,0.745304,0.000000,0.000000,0.010000,0.470404,441.045389
8,1.319294,20.351784,1.295019,19.464725,0.101588,0.745304,0.745304,0.000000,0.000000,0.010000,0.470427,441.067311
9,1.311524,20.128139,1.287287,19.301464,0.101588,0.745304,0.745304,0.000000,0.000000,0.010000,0.470733,441.188283
10,1.303828,19.983223,1.279628,19.226896,0.101588,0.745304,0.745304,0.000000,0.000000,0.010000,0.470280,440.955002
11,1.296207,19.812416,1.272044,19.076738,0.101588,0.745304,0.745304,0.000000,0.000000,0.010000,0.470469,440.925582
12,1.288659,19.615213,1.264533,18.836050,0.101588,0.745304,0.745304,0.000000,0.000000,0.010000,0.470657,441.291254
13,1.281185,19.420080,1.257097,18.677219,0.101588,0.745304,0.745304,0.000000,0.000000,0.010000,0.470362,440.868805
14,1.273788,19.243422,1.249738,18.527390,0.101588,0.745304,0.745304,0.000000,0.000000,0.010000,0.470473,441.225943
15,1.266465,19.086000,1.242450,18.334120,0.101588,0.745304,0.745304,0.000000,0.000000,0.010000,0.470550,440.815152
16,1.259213,18.912371,1.235234,18.173166,0.101588,0.745304,0.745304,0.000000,0.000000,0.010000,0.470539,440.774325
17,1.252031,18.740982,1.228087,18.003052,0.101588,0.745304,0.745304,0.000000,0.000000,0.010000,0.470503,440.819837
18,1.244918,18.597284,1.221009,17.833941,0.101588,0.745304,0.745304,0.000000,0.000000,0.010000,0.470320,440.707795
19,1.237875,18.401478,1.214000,17.700075,0.101588,0.745304,0.745304,0.000000,0.000000,0.010000,0.470430,440.874244
20,1.230900,18.244181,1.207063,17.456453,0.101588,0.745304,0.745304,0.000000,0.000000,0.010000,0.470536,440.987744
21,1.223999,18.113766,1.200196,17.402117,0.101588,0.745304,0.745304,0.000000,0.000000,0.010000,0.470445,441.130738
22,1.217165,17.932404,1.193395,17.333860,0.101588,0.745304,0.745304,0.000000,0.000000,0.010000,0.470771,441.525799
23,1.210398,17.784319,1.186660,17.055027,0.101588,0.745304,0.745304,0.000000,0.000000,0.010000,0.470471,440.577017
24,1.203695,17.599512,1.179990,16.960295,0.101588,0.745304,0.745304,0.000000,0.000000,0.010000,0.470511,441.231843
25,1.197058,17.439835,1.173385,16.833130,0.101588,0.745304,0.745304,0.000000,0.000000,0.010000,0.470334,441.233554
26,1.190484,17.292814,1.166844,16.673172,0.101588,0.745304,0.745304,0.000000,0.000000,0.010000,0.470615,440.927740
27,1.183977,17.168783,1.160372,16.447174,0.101588,0.745304,0.745304,0.000000,0.000000,0.010000,0.470776,440.792128
28,1.177538,17.014475,1.153964,16.313255,0.101588,0.745304,0.745304,0.000000,0.000000,0.010000,0.470442,440.722098
29,1.171160,16.827089,1.147618,16.245449,0.101588,0.745304,0.745304,0.000000,0.000000,0.010000,0.470460,440.642595
30,1.164844,16.691189,1.141333,16.059477,0.101588,0.745304,0.745304,0.000000,0.000000,0.010000,0.470613,441.146188
31,1.158590,16.533846,1.135109,15.852601,0.101588,0.745304,0.745304,0.000000,0.000000,0.010000,0.470607,440.581918
32,1.152396,16.396481,1.128945,15.743429,0.101588,0.745304,0.745304,0.000000,0.000000,0.010000,0.470466,440.803396
33,1.146261,16.269785,1.122840,15.617350,0.101588,0.745304,0.745304,0.000000,0.000000,0.010000,0.470065,439.155076
34,1.140190,16.116173,1.116801,15.494682,0.101588,0.745304,0.745304,0.000000,0.000000,0.010000,0.470460,439.850593
35,1.134180,15.982439,1.110822,15.406383,0.101588,0.745304,0.745304,0.000000,0.000000,0.010000,0.470496,442.198692
36,1.128229,15.846241,1.104900,15.148440,0.101588,0.745304,0.745304,0.000000,0.000000,0.010000,0.470652,442.239386
37,1.122336,15.695394,1.099035,15.138865,0.101588,0.745304,0.745304,0.000000,0.000000,0.010000,0.470412,441.235780
38,1.116500,15.567887,1.093227,14.933920,0.101588,0.745304,0.745304,0.000000,0.000000,0.010000,0.470236,441.207022
39,1.110720,15.439715,1.087475,14.807773,0.101588,0.745304,0.745304,0.000000,0.000000,0.010000,0.470597,441.150273
40,1.104995,15.303720,1.081779,14.702353,0.101588,0.745304,0.745304,0.000000,0.000000,0.010000,0.470409,441.434915
41,1.099328,15.142576,1.076142,14.550383,0.101588,0.745304,0.745304,0.000000,0.000000,0.010000,0.470341,441.518971
42,1.093721,15.017048,1.070562,14.414668,0.101588,0.745304,0.745304,0.000000,0.000000,0.010000,0.470388,440.925283
43,1.088168,14.907516,1.065036,14.370793,0.101588,0.745304,0.745304,0.000000,0.000000,0.010000,0.470156,441.220210
44,1.082668,14.777740,1.059564,14.228598,0.101588,0.745304,0.745304,0.000000,0.000000,0.010000,0.470277,441.063065
45,1.077222,14.628805,1.054144,14.023155,0.101588,0.745304,0.745304,0.000000,0.000000,0.010000,0.470453,441.251243
46,1.071829,14.511846,1.048777,13.922537,0.101588,0.745304,0.745304,0.000000,0.000000,0.010000,0.470123,440.925977
47,1.066487,14.391627,1.043461,13.813991,0.101588,0.745304,0.745304,0.000000,0.000000,0.010000,0.469988,441.131023
48,1.061198,14.241833,1.038199,13.731435,0.101588,0.745304,0.745304,0.000000,0.000000,0.010000,0.470425,440.939344
49,1.055964,14.138806,1.032993,13.589160,0.101588,0.745304,0.745304,0.000000,0.000000,0.010000,0.469819,440.862425
50,1.050783,14.020953,1.027837,13.440376,0.101588,0.745304,0.745304,0.000000,0.000000,0.010000,0.470176,440.953987
51,1.045651,13.878655,1.022730,13.422118,0.101588,0.745304,0.745304,0.000000,0.000000,0.010000,0.469951,440.886090
52,1.040570,13.769697,1.017673,13.205244,0.101588,0.745304,0.745304,0.000000,0.000000,0.010000,0.470220,440.890866
53,1.035537,13.674170,1.012665,13.151571,0.101588,0.745304,0.745304,0.000000,0.000000,0.010000,0.470308,440.996282
54,1.030553,13.542621,1.007706,12.962865,0.101588,0.745304,0.745304,0.000000,0.000000,0.010000,0.470002,440.864468
55,1.025618,13.407451,1.002795,12.951735,0.101588,0.745304,0.745304,0.000000,0.000000,0.010000,0.470366,440.794832
56,1.020731,13.326409,0.997933,12.812309,0.101588,0.745304,0.745304,0.000000,0.000000,0.010000,0.470149,440.648867
57,1.015895,13.184126,0.993123,12.656137,0.101588,0.745304,0.745304,0.000000,0.000000,0.010000,0.470431,440.676111
58,1.011108,13.095940,0.988358,12.609941,0.101588,0.745304,0.745304,0.000000,0.000000,0.010000,0.470247,441.174045
59,1.006366,12.968018,0.983640,12.484584,0.101588,0.745304,0.745304,0.000000,0.000000,0.010000,0.470389,440.950677
60,1.001671,12.862599,0.978967,12.378768,0.101588,0.745304,0.745304,0.000000,0.000000,0.010000,0.470185,441.216445
61,0.997021,12.746046,0.974340,12.283015,0.101588,0.745304,0.745304,0.000000,0.000000,0.010000,0.470529,441.066549
62,0.992416,12.648870,0.969757,12.111471,0.101588,0.745304,0.745304,0.000000,0.000000,0.010000,0.469838,441.511355
63,0.987855,12.540577,0.965219,12.048148,0.101588,0.745304,0.745304,0.000000,0.000000,0.010000,0.470406,441.068521
64,0.983339,12.428292,0.960727,11.945349,0.101588,0.745304,0.745304,0.000000,0.000000,0.010000,0.470363,441.046955
65,0.978871,12.324023,0.956282,11.892206,0.101588,0.745304,0.745304,0.000000,0.000000,0.010000,0.470025,440.915602
66,0.974448,12.218328,0.951880,11.780382,0.101588,0.745304,0.745304,0.000000,0.000000,0.010000,0.470279,441.040570
67,0.970067,12.117888,0.947521,11.652052,0.101588,0.745304,0.745304,0.000000,0.000000,0.010000,0.470315,441.175566
68,0.965729,12.011114,0.943204,11.536149,0.101588,0.745304,0.745304,0.000000,0.000000,0.010000,0.470404,443.259871
69,0.961432,11.912457,0.938928,11.523642,0.101588,0.745304,0.745304,0.000000,0.000000,0.010000,0.470345,440.606436
70,0.957178,11.823373,0.934694,11.334401,0.101588,0.745304,0.745304,0.000000,0.000000,0.010000,0.470311,440.999183
71,0.952964,11.724901,0.930501,11.258812,0.101588,0.745304,0.745304,0.000000,0.000000,0.010000,0.470614,440.875383
72,0.948791,11.609731,0.926348,11.156210,0.101588,0.745304,0.745304,0.000000,0.000000,0.010000,0.470208,440.513632
73,0.944661,11.518746,0.922241,11.095711,0.101588,0.745304,0.745304,0.000000,0.000000,0.010000,0.470373,440.639551
74,0.940574,11.423122,0.918174,10.997017,0.101588,0.745304,0.745304,0.000000,0.000000,0.010000,0.470368,440.853774
75,0.936527,11.318233,0.914146,10.917551,0.101588,0.745304,0.745304,0.000000,0.000000,0.010000,0.470616,441.097527
76,0.932518,11.211299,0.910157,10.840108,0.101588,0.745304,0.745304,0.000000,0.000000,0.010000,0.470113,440.936435
77,0.928549,11.144565,0.906207,10.714416,0.101588,0.745304,0.745304,0.000000,0.000000,0.010000,0.470437,441.109255
78,0.924618,11.053366,0.902295,10.600159,0.101588,0.745304,0.745304,0.000000,0.000000,0.010000,0.470235,440.835261
79,0.920725,10.951034,0.898421,10.520874,0.101588,0.745304,0.745304,0.000000,0.000000,0.010000,0.470404,440.919787
80,0.916870,10.861157,0.894584,10.429644,0.101587,0.745304,0.745304,0.000000,0.000000,0.010000,0.470443,440.833510
81,0.913051,10.767163,0.890786,10.311419,0.101587,0.745304,0.745304,0.000000,0.000000,0.010000,0.470510,440.772045
82,0.909273,10.683780,0.887028,10.275887,0.101587,0.745304,0.745304,0.000000,0.000000,0.010000,0.470408,440.884889
83,0.905534,10.588867,0.883307,10.237197,0.101587,0.745304,0.745304,0.000000,0.000000,0.010000,0.470350,441.014229
84,0.901831,10.499475,0.879623,10.134248,0.101587,0.745304,0.745304,0.000000,0.000000,0.010000,0.470276,441.947718
85,0.898164,10.406796,0.875973,10.002620,0.101587,0.745304,0.745304,0.000000,0.000000,0.010000,0.470639,441.032128
86,0.894533,10.330764,0.872359,9.949620,0.101587,0.745304,0.745304,0.000000,0.000000,0.010000,0.470353,440.967848
87,0.890936,10.249228,0.868780,9.831604,0.101587,0.745304,0.745304,0.000000,0.000000,0.010000,0.470410,441.007900
88,0.887374,10.151849,0.865236,9.777366,0.101587,0.745304,0.745304,0.000000,0.000000,0.010000,0.470426,441.056242
89,0.883847,10.071650,0.861726,9.687432,0.101587,0.745304,0.745304,0.000000,0.000000,0.010000,0.470396,441.236737
90,0.880354,9.987329,0.858250,9.579903,0.101587,0.745304,0.745304,0.000000,0.000000,0.010000,0.470503,441.069688
91,0.876897,9.895363,0.854812,9.568786,0.101587,0.745304,0.745304,0.000000,0.000000,0.010000,0.470530,441.248046
92,0.873476,9.816268,0.851408,9.473333,0.101587,0.745304,0.745304,0.000000,0.000000,0.010000,0.470612,441.196219
93,0.870088,9.741900,0.848037,9.377078,0.101587,0.745304,0.745304,0.000000,0.000000,0.010000,0.470796,444.572332
94,0.866733,9.655149,0.844698,9.256742,0.101587,0.745304,0.745304,0.000000,0.000000,0.010000,0.470409,446.700634
95,0.863411,9.569530,0.841392,9.153085,0.101587,0.745304,0.745304,0.000000,0.000000,0.010000,0.470505,448.195019
96,0.860120,9.498900,0.838118,9.110688,0.101587,0.745304,0.745304,0.000000,0.000000,0.010000,0.470475,446.915724
97,0.856862,9.409859,0.834875,9.030924,0.101587,0.745304,0.745304,0.000000,0.000000,0.010000,0.470629,447.699933
98,0.853635,9.324862,0.831664,8.972311,0.101587,0.745304,0.745304,0.000000,0.000000,0.010000,0.470741,445.667591
99,0.850439,9.246329,0.828484,8.878847,0.101587,0.745304,0.745304,0.000000,0.000000,0.010000,0.470508,448.629294
100,0.847275,9.165789,0.825335,8.784509,0.101587,0.745304,0.745304,0.000000,0.000000,0.010000,0.471191,450.017841
