233.547623
581.885437
510.941071
492.391418
413.360779
363.369049
337.849731
281.943787
251.230301
214.074173
199.138916
175.202118
147.875259
144.063721
130.343292
120.574661
111.665428
109.857925
97.834244
94.705002
84.062668
83.853874
77.754097
78.667191
77.487457
76.702957
73.227814
73.081360
70.564209
61.836605
71.000038
69.415634
69.028473
66.461601
69.365868
63.238358
63.599621
63.479374
61.643665
61.431362
66.792961
63.362980
63.888859
60.223846
62.081299
60.241970
67.924301
63.267372
61.277382
57.982841
61.241943
57.870140
63.469196
57.144192
62.544819
61.022480
59.422550
63.666660
57.774551
62.082371
59.695179
65.578682
62.996681
58.425568
62.587902
61.124821
58.091927
61.138454
56.280388
61.009632
62.848713
60.518509
63.778667
63.664726
63.242382
59.107353
64.824326
57.618103
61.896557
60.879333
60.804409
62.298203
58.831177
59.218277
60.404552
63.228874
62.536873
59.857914
59.169613
57.848747
58.434513
62.427433
60.804478
55.192352
60.176640
62.475071
59.812626
58.303665
59.852604
61.190990
63.000874
64.224960
61.901104
54.791458
59.288628
58.596462
58.111679
57.209106
58.957314
57.465206
58.183422
60.269257
60.323959
57.976856
58.606026
61.070965
62.021450
58.573936
60.554565
59.606125
57.355446
56.436031
56.831318
60.027988
61.655773
60.520592
62.395973
57.105526
61.001465
59.707611
60.684589
57.851658
60.970230
59.690987
63.366367
62.538837
58.628433
57.802090
60.780102
58.038158
59.584892
60.081619
57.906582
63.382626
60.834854
59.964439
59.169231
61.311058
58.545601
65.208496
58.691906
57.979069
56.246708
59.889256
57.864433
59.811260
56.319813
59.313023
56.799183
59.122105
59.512100
57.408508
59.233242
59.799603
64.148346
59.011215
56.458580
60.823021
59.216469
59.855534
57.341797
55.799946
57.345997
60.569614
61.418480
57.642269
60.264816
62.491833
57.727383
56.208607
56.531006
61.138462
58.947876
57.940395
55.753471
58.895473
57.921101
59.815388
51.811638
57.434284
60.117451
55.058838
59.369190
59.201984
62.416126
59.741413
55.408478
58.543388
59.792038
56.475266
60.463551
63.058350
56.626472
57.779465
57.806763
56.084106
57.384705
58.222740
56.036354
55.866463
58.017025
52.659092
54.701283
59.141304
59.588688
54.080296
56.278233
57.255550
57.047581
57.740345
59.009071
56.748093
56.668705
58.055771
60.702442
55.393959
59.943821
60.346741
60.086742
61.518867
57.823139
56.775967
55.232368
58.486427
58.173538
52.342583
59.212662
55.635994
54.207588
58.120876
56.585499
55.853054
58.621952
58.536640
58.386501
55.941528
60.145821
55.220501
60.505035
55.800907
56.695965
57.203201
56.346134
53.365799
55.139881
57.887455
54.157223
57.467548
55.481323
57.528889
54.142891
62.101788
54.154053
56.982471
55.006004
56.769978
52.848152
57.678467
55.162704
55.211807
57.015789
54.611191
57.391705
58.820572
56.378654
53.490749
54.556568
54.276848
54.974705
57.285000
58.546066
54.663872
53.186954
55.107574
54.285240
57.847263
55.427551
58.398144
58.334068
57.698540
57.341423
59.451660
57.942722
56.701859
53.183018
57.622715
55.887016
55.535851
56.671726
52.912163
55.309734
54.761082
53.944805
50.223866
53.038746
56.168430
59.792709
54.123440
56.889778
55.003242
57.595203
54.693146
59.833431
56.044781
56.488930
56.389423
54.958088
52.318989
52.701801
55.325237
52.559444
52.879513
54.822189
57.922523
53.861374
55.608612
54.508640
53.364193
56.390411
50.327747
58.085487
53.874310
55.241119
52.452332
56.596035
54.166100
53.832050
54.449379
59.374710
55.583488
55.683247
53.228184
57.471546
54.330727
54.432629
50.627350
53.948338
56.221676
53.754269
54.555832
54.706787
56.277916
56.594421
54.932182
53.132263
54.699429
56.212643
54.351906
54.898773
55.731949
52.081955
51.872677
56.305973
49.823521
55.563583
55.658131
55.619102
58.183048
55.093311
51.719479
55.160183
53.812927
56.318256
55.199688
54.221756
56.043125
57.486755
54.758694
56.211437
53.559158
49.164406
54.643307
52.269161
53.767040
51.825119
55.470791
54.051090
53.595818
54.051548
54.865814
53.402920
57.203400
49.373833
55.363098
52.574833
57.106720
54.003502
54.489609
56.775463
53.515923
53.213894
58.911728
52.924568
50.975780
51.769806
55.912064
54.614609
55.272926
54.523796
53.853493
54.122391
53.143124
49.341572
55.174694
56.321609
53.323898
51.592205
56.201469
52.057480
52.134773
57.323666
47.187984
51.364040
54.203682
55.580196
54.176132
55.380219
53.890530
50.800186
53.961697
51.373165
54.791416
52.980572
52.278713
50.461216
54.140739
53.920979
52.429363
48.995682
53.882660
51.889687
50.956120
55.100979
51.921906
52.662476
49.780762
51.713177
52.549335
54.026730
50.853954
51.796249
53.374279
52.979164
54.906876
50.955723
49.909569
50.256741
51.307465
50.842155
50.094296
55.711163
52.758350
51.991371
54.472927
50.781193
49.583229
53.152431
53.316463
51.788074
52.264050
51.385578
54.379089
54.373726
49.591953
50.990021
53.719250
52.933189
51.393074
54.008183
54.514202
53.670223
48.974899
56.425186
52.610657
50.513309
53.378769
49.869366
51.273617
53.204807
49.406570
52.300030
47.941498
52.359776
54.138805
53.120819
51.270828
51.639919
51.437866
51.984684
49.397514
51.504753
50.920021
47.408051
50.918137
46.989040
50.022476
48.706589
53.333229
53.708542
49.931232
52.526947
51.676903
49.250076
51.272682
52.940460
49.658794
52.169125
53.442848
49.842163
49.639839
51.807682
52.150700
51.089809
48.247772
50.614342
52.361988
48.433636
51.940372
49.776070
52.169579
53.094395
50.008530
49.368187
49.038288
51.742622
51.854095
50.529430
50.596581
52.364075
47.442078
53.786282
48.398525
53.210613
55.751911
51.124790
51.885818
49.084518
53.541298
51.124245
51.946644
52.485054
50.988220
48.696133
49.787228
52.249020
52.108902
48.054459
50.929333
49.171455
49.843002
50.816128
51.181274
48.079330
51.059547
54.856556
50.926266
50.995594
48.524155
52.052593
52.591286
49.209145
49.995663
46.925579
51.692806
51.376781
50.191685
49.782097
50.911121
51.805744
49.388058
49.568417
49.123390
48.325844
51.669781
48.916435
47.083092
50.932301
50.434155
50.156799
49.753780
49.052273
47.685509
49.348186
48.028214
50.055729
47.681614
51.397442
48.225101
50.219978
48.704319
50.641979
51.878139
51.584091
49.866619
49.111160
49.051533
49.044670
50.028717
50.457638
47.434948
47.774654
50.090084
52.728146
52.693756
47.236130
50.685463
47.469902
50.671566
47.517784
47.325119
49.530952
47.647999
47.686829
50.373581
51.022911
47.824623
50.578743
50.118111
50.117207
53.239407
48.846626
47.360477
52.034107
48.995129
49.206333
49.612720
49.301102
46.948910
49.994385
49.487000
50.152023
45.469532
46.479065
45.759327
47.439106
50.929939
45.852898
49.988239
47.522472
50.561142
47.985867
49.075863
46.006386
49.533428
47.123077
48.005459
51.911255
47.881126
48.986176
44.403942
43.687122
49.446251
49.075779
47.705994
45.002090
51.958458
48.273148
51.496574
47.558311
47.563171
43.742397
49.574104
47.693592
47.674679
51.427723
46.395622
50.583267
49.961067
47.328442
51.017639
47.796471
51.987885
48.704323
45.433083
49.080563
45.046410
48.807999
47.688538
49.181805
47.109795
50.665474
42.392296
45.649639
47.290230
45.948006
47.179890
46.838184
49.236824
49.854233
46.911705
48.559669
50.032410
48.258823
45.220562
45.029591
49.568714
45.237656
50.583035
50.076160
47.505901
46.721191
47.592430
46.210239
47.241756
45.670563
45.274048
43.436073
49.184345
46.078358
48.178452
46.988049
46.668194
45.855118
44.123219
47.232300
44.756046
48.097649
45.859566
45.755405
46.307320
43.534363
45.076160
47.402481
46.229900
47.899818
47.581127
46.617275
45.376980
45.381252
48.392220
46.467339
47.506748
46.194195
44.441959
45.097218
47.168556
45.471935
47.460827
47.179630
46.601768
45.856247
44.853821
45.804020
47.641556
48.156185
45.141838
45.449150
47.180584
46.735191
44.593258
47.412998
48.537533
50.401615
44.570686
47.549416
42.373955
46.192284
47.030945
45.884953
45.719669
48.789131
46.078602
46.280098
45.889187
44.929111
45.300865
46.829407
44.780548
43.895817
41.767830
44.385250
44.614559
44.766411
43.520515
46.543774
46.521702
44.702374
43.782887
45.300438
44.542305
47.405212
40.785809
46.408623
47.140965
48.080845
46.441502
43.402905
46.020599
46.415203
44.240875
47.118607
44.629395
46.696781
47.283760
44.520332
49.510120
46.491657
43.359314
43.613400
46.924828
45.520695
47.426456
44.808632
46.987526
45.800465
46.395645
46.733921
45.857525
47.191940
46.173840
44.380013
43.911568
44.401516
46.349850
45.464584
44.205845
43.541904
47.853985
45.404663
46.515736
43.510727
44.107185
42.593792
49.571499
46.488266
45.771542
46.958382
45.078552
47.387272
43.493431
48.194347
43.665058
46.844139
49.818569
45.403732
43.214489
42.720234
45.697048
45.479053
46.579834
45.358421
46.306057
46.232384
45.097698
47.333931
44.555851
44.233673
44.532486
42.484180
46.016682
47.077560
44.238735
41.742214
44.273479
42.609295
43.986080
43.608936
40.865345
43.368286
43.983517
42.054081
44.570698
44.201790
46.741085
41.083633
45.475548
44.376789
43.575874
43.234291
43.952896
44.387119
42.797394
43.050156
45.041901
44.190277
45.967991
44.803425
45.452637
43.493725
46.738102
43.289509
45.711891
46.540569
41.909744
43.158569
42.882645
45.912624
40.349152
46.632061
44.997498
45.459713
43.937569
44.603470
42.645714
44.977573
44.911865
42.387402
44.510818
42.348015
45.111767
41.611938
43.264130
44.195095
44.427132
39.888420
43.848682
43.405464
41.779892
44.404179
44.111633
41.813114
46.428444
44.356983
41.910851
42.995693
43.652027
43.405178
45.457596
44.155746
42.309288
43.416977
43.109642
45.156681
44.619499
40.503380
42.281437
42.268623
43.213676
42.626148
43.302921
42.748486
44.585609
43.759697
46.594166
45.095554
44.129868
42.071098
42.672447
42.486855
44.185329
42.918266
44.234200
44.843937
45.093807
40.305656
46.509827
43.946182
42.715195
45.885166
44.010574
43.368126
40.251324
41.245174
43.982525
43.015602
40.583427
45.344501
42.687195
42.547737
39.228207
40.876564
44.075546
44.459637
40.285152
41.709610
42.326431
41.344959
44.923454
43.266563
42.379044
43.752529
42.505592
40.618454
43.797565
41.203342
40.972878
41.702080
43.470043
40.924625
40.310162
40.226856
41.418026
43.349159
43.180878
42.726582
41.313553
41.696098
42.187912
43.796005
44.433060
43.861874
41.615139
43.470657
42.469048
41.779499
43.722633
44.681118
43.687210
40.158081
41.450924
42.784721
41.013092
41.799831
43.091404
40.435913
42.655430
42.497482
41.411140
40.159107
40.781235
42.707428
41.292744
43.383293
42.629421
39.707569
42.070595
39.862957
42.963249
44.539932
42.205791
43.718811
42.654442
41.916977
42.253769
44.899536
42.943378
41.736351
39.320518
40.699547
41.867798
42.788589
43.447853
40.294689
40.762779
42.634071
42.018345
39.775047
41.554325
42.348114
41.069012
39.350571
40.450752
39.430542
44.469212
42.581440
40.180710
41.057980
40.898964
42.513020
38.850212
40.979275
42.105335
39.654026
41.203239
41.863148
38.729229
39.544552
41.803825
38.319214
39.933548
42.852566
43.825417
43.189407
39.294369
39.890526
44.162758
38.933178
40.491680
40.538704
42.144634
40.986717
40.473701
41.651848
39.722595
44.753613
40.754398
42.424248
42.682228
41.835205
39.422310
40.788929
42.091560
39.948345
41.670300
37.194469
39.175854
40.957081
40.851868
39.354355
41.463398
41.666988
41.688862
41.562489
41.363323
39.817741
37.794750
42.230804
36.002228
39.763660
40.127380
42.176754
40.781891
38.816853
40.252266
40.153450
41.421700
41.097885
43.672104
41.066803
38.678268
39.027988
39.684589
38.156231
36.625187
39.267029
41.047493
41.736042
42.173748
38.228165
39.519947
41.143597
42.589584
39.373390
41.288414
40.461037
39.537113
39.611317
41.010181
36.393719
40.142517
39.608955
39.959347
40.764584
37.426994
42.710484
38.700500
41.628906
39.324287
40.699581
38.698940
40.269875
39.958683
41.005936
40.924957
39.669704
40.487507
40.189777
38.264000
38.398224
37.840401
39.432457
41.637566
42.946751
38.748394
40.342308
37.819363
39.261063
40.061913
37.708885
38.798981
39.045635
40.961292
40.948154
37.864670
43.083588
39.103142
43.393219
38.327644
36.246609
40.063892
38.420219
35.541702
38.139412
39.409599
39.857361
41.263042
38.574959
40.053852
39.249344
36.019386
39.346424
39.470600
38.468613
39.485214
39.680454
40.280605
38.078434
37.556103
38.141014
38.979996
36.268806
39.107635
39.379303
41.569588
40.239761
38.185787
36.444088
39.003555
39.552086
38.653313
40.377560
38.888760
37.842350
40.324394
40.399429
39.660267
36.742584
36.896286
39.436684
40.723213
38.406635
37.162651
39.466515
38.477711
38.576977
39.075451
36.800568
37.111996
38.309803
37.031864
40.701675
38.969646
39.336384
40.283424
36.061462
39.323708
39.673527
39.684345
41.915649
38.900627
37.144100
39.149315
40.221409
39.249630
40.536541
37.698086
38.243309
39.575237
39.775558
37.399342
36.652287
36.180996
40.403572
37.143951
37.412373
41.581017
38.547005
39.467598
40.334961
37.123566
37.803619
36.178886
37.149971
37.599648
38.045208
35.975723
38.053867
39.217281
39.141598
39.138405
36.299717
34.692074
36.697159
37.044685
39.116154
38.407707
37.983639
38.637165
38.091614
36.508709
38.432346
38.484364
36.086720
36.056801
38.029556
37.919239
37.412643
36.845383
38.132179
35.277321
38.022976
37.479786
37.108776
39.893738
36.517075
37.890865
37.304516
39.469044
39.906677
38.350338
36.099964
37.752213
35.902355
36.799828
37.926888
38.142178
36.860115
38.307827
36.472683
37.875626
38.246792
37.695591
37.111408
39.042355
36.198746
35.825542
33.892780
38.893436
36.882317
37.299248
37.485359
38.943134
38.146431
37.474766
36.830048
37.684589
36.856045
36.633518
37.991676
36.200863
36.811733
38.345177
36.367569
36.805676
34.086189
35.317192
34.539589
37.636818
37.528458
36.640144
37.307949
34.758804
37.602383
39.253273
35.398762
36.097233
39.369526
35.120506
36.631729
37.105671
40.498238
38.243935
37.011044
39.485630
35.696949
37.588371
35.814789
33.342789
36.040154
37.413086
38.642010
37.261337
33.407555
37.978138
34.967602
36.453590
37.928200
35.108219
34.036324
34.677856
36.813057
34.884117
35.052410
36.173508
36.176006
34.893555
38.685005
38.288731
36.496395
36.484043
37.803715
37.327736
37.154282
35.353107
36.933853
35.741772
35.164215
37.806442
35.633175
36.102654
37.740299
35.614361
35.202976
34.986515
35.179348
33.729610
33.963490
38.030312
37.071991
33.820080
35.292007
35.494205
37.265339
36.705524
36.941170
35.851295
34.575336
34.078552
35.891197
34.487835
35.261971
35.354420
35.643715
34.435318
35.068287
36.946613
35.093067
36.704159
35.642906
37.498383
37.733402
36.930637
36.936867
35.957626
36.393581
38.546642
34.801941
35.868938
36.625916
35.350159
34.712013
34.161385
35.207455
34.733170
35.831810
34.094799
35.241669
36.250519
36.363419
33.750534
35.371826
33.872200
36.827179
37.075142
36.440483
34.960037
34.457909
35.145687
37.066994
37.629734
35.792274
35.608738
37.818981
33.922047
33.223980
34.369228
35.607594
31.257374
33.398891
35.464775
35.076218
32.333992
35.136959
34.486366
35.949184
34.974747
35.424904
36.157623
33.196590
36.358601
35.754116
33.448811
35.913723
35.447762
36.365589
36.367508
36.811588
35.161213
36.560440
33.827522
33.344337
36.170528
35.128036
37.291451
34.993958
34.627762
33.811970
34.559006
36.677925
33.152920
36.475056
36.349300
33.630436
35.501064
33.408840
35.432106
35.074230
31.604027
33.973221
33.332932
35.489601
32.595848
34.175751
33.504475
34.350571
32.820442
34.670708
36.271709
36.282284
33.707382
35.198051
33.228615
33.649895
34.265671
34.192974
35.634583
32.766945
33.557152
35.341389
33.146160
33.059902
33.475368
35.314541
34.487072
35.051418
33.536888
36.225113
35.140388
33.543167
35.173779
35.625263
36.485760
35.454117
31.942221
35.033634
35.009750
35.534233
32.208542
32.520645
32.785393
35.172321
34.450638
34.669083
34.604717
35.387527
34.735722
34.434269
35.512634
33.763264
33.715374
34.466896
33.127403
34.336113
35.237019
32.722370
33.572327
33.134151
34.947636
33.480495
32.806770
34.452568
35.821762
32.314285
34.646381
33.179512
34.698505
31.949387
32.631706
33.683620
33.708790
33.172924
34.830891
33.323818
31.520977
33.540012
34.469566
34.901951
32.723007
33.656384
34.873322
33.162102
31.870369
32.672920
33.082512
32.477577
31.718418
33.174736
33.330154
33.221401
34.086868
30.279129
33.788540
34.123070
34.146282
33.937943
34.051945
35.346725
34.296124
33.881641
32.943478
33.016037
34.603855
32.832428
36.529343
29.902281
33.824539
34.291874
34.013626
33.966820
32.230537
33.272583
34.233986
32.708160
34.319908
35.016136
32.169109
31.178114
33.341282
33.979233
33.774475
32.591236
35.797234
32.975918
34.743702
33.851196
33.019852
33.804340
32.991070
33.224270
32.709076
32.424244
32.379425
32.320576
33.001678
32.729954
32.868084
31.937445
29.297112
31.256092
31.963337
32.534733
31.840940
33.788506
32.976372
31.421202
33.115036
31.518917
31.867027
33.714272
32.073051
34.620686
33.220249
33.253239
32.882999
32.272053
32.732719
30.029125
31.135477
33.227406
32.934647
32.636768
32.273022
31.719824
31.047541
33.801956
34.393353
32.909599
33.565674
32.433083
32.443989
31.099308
34.333706
30.895569
31.613024
31.949297
31.433697
32.822567
34.546585
32.171055
31.569897
32.548340
32.905998
33.121769
34.617886
33.257881
30.769384
32.545929
33.623306
31.874079
29.439398
32.390526
30.523487
30.841181
31.151400
31.858011
32.137257
32.197971
33.197437
32.879456
33.256718
30.035530
34.656258
33.710186
30.917160
32.347630
31.024130
29.118097
31.413759
32.259228
30.496408
32.495281
29.934208
29.257818
31.106874
34.332203
32.109871
32.911591
31.430235
30.161140
30.777542
30.500454
31.362537
34.694565
32.163818
30.265471
33.389889
30.813160
30.264156
30.275667
31.619900
31.139500
30.548248
34.260178
33.122967
32.277866
32.062889
32.512909
31.613201
30.819290
30.712152
31.434330
32.241455
31.366362
31.072140
33.153004
31.354158
29.490479
29.899260
32.374966
32.051479
29.932192
28.713608
30.662106
31.760931
31.074608
31.288521
31.568117
32.062634
31.316856
28.677773
30.101381
31.955290
31.277485
31.713968
31.555172
31.689358
30.687550
30.170969
30.433275
31.868692
34.003006
30.343021
31.389080
29.590710
32.150040
29.740149
30.204615
30.173063
29.527245
32.558128
29.351063
30.856232
32.035526
31.202211
31.944853
31.650679
30.460312
31.778400
31.040668
31.197664
32.086277
31.679075
30.689875
29.682207
33.395329
33.593082
30.026594
31.590591
30.788151
31.895452
30.617973
32.008049
28.348513
31.376083
30.438879
32.008930
31.348957
30.003893
31.197252
31.076172
29.166407
30.817404
31.319208
30.872559
31.711296
30.391657
31.652811
29.926037
30.893578
30.279121
32.336811
30.844330
32.072147
27.763617
32.010777
30.425430
30.294806
31.162052
30.873478
30.733101
29.664904
29.293154
30.797684
29.157103
30.397909
30.294449
30.493774
28.484768
31.286839
29.231245
29.493130
29.681044
32.219986
28.946348
29.086033
29.442549
30.151674
28.742325
29.735895
30.646711
29.357281
33.203335
29.976660
30.934340
28.815683
30.392965
30.641392
29.818922
30.555979
30.902531
31.300951
28.348038
30.779528
29.424717
29.701630
29.625460
29.526937
29.077942
28.338369
28.665001
29.962166
32.228947
29.126207
30.441418
29.336040
31.180162
30.395576
28.972229
30.634666
29.151737
29.632423
29.847063
28.904791
28.577812
28.569210
30.812796
30.653200
29.926212
31.087820
29.394735
29.218912
30.158060
28.167334
29.723795
31.268066
30.318583
27.830112
30.697763
27.957714
30.915689
30.875715
30.098120
29.825808
29.527992
28.539278
30.457520
30.477539
26.135363
28.668928
29.504915
30.051090
28.375208
27.447592
28.450533
28.542048
30.007032
28.808413
29.711702
30.468840
26.466190
27.930246
29.651394
27.745348
29.914318
29.933580
31.437424
28.974318
30.082378
29.772209
28.951645
27.587729
27.497387
30.583130
29.050308
31.176910
27.956989
30.298565
29.229353
28.785063
29.203896
29.204035
31.047276
27.050314
26.450024
28.882236
29.368851
28.745163
28.784548
28.336105
29.426365
29.944262
28.382994
30.166578
29.724525
29.512320
29.224720
31.066210
28.644983
28.101393
29.826115
28.971277
28.041428
28.646164
27.965462
27.986071
28.724087
27.822985
30.675877
27.934931
29.738939
29.895782
27.486147
27.237061
27.998547
29.832291
28.871292
29.338734
31.265259
27.759401
27.999781
26.814718
28.393372
27.943382
29.750826
27.943483
29.096090
28.403339
28.860592
28.571329
29.164278
29.342737
28.753126
28.166300
28.355696
28.648464
25.883419
30.025541
28.255978
29.020090
28.445692
27.463909
28.982328
30.645397
28.337210
29.873531
29.413555
31.329628
29.363588
28.118042
28.594482
28.670197
28.594805
30.165771
29.146338
28.242361
29.138300
28.227251
27.100849
27.782730
28.546455
28.198990
27.962372
29.857851
28.036942
28.784071
27.548510
26.815763
25.621664
28.383682
25.644743
28.363619
27.668863
28.621719
30.142521
27.893925
27.531948
28.882317
25.674553
27.884047
26.736139
28.202045
26.689005
27.014427
27.083824
28.340624
26.798052
28.981579
29.745344
28.621830
28.579775
27.707556
27.688131
28.944784
27.157705
28.365942
27.571306
28.484177
27.634180
27.502972
28.785500
26.968613
28.700167
28.020075
26.921993
27.707304
28.021381
26.526203
27.760229
26.330675
26.999725
26.368389
27.927214
24.400406
28.428085
28.931356
27.084896
28.843845
26.924723
28.605488
28.269144
27.889380
28.507185
29.363909
28.743216
27.447275
28.919901
28.198648
27.060944
26.441753
26.701488
25.743845
26.648031
28.805895
28.233229
28.932066
26.472670
26.269962
27.347424
27.501038
28.728069
25.481804
27.373148
26.134789
28.479284
26.319847
27.860401
28.520565
25.468454
27.427952
29.154165
27.911345
26.940834
26.971729
26.559757
26.739491
25.929661
26.442526
27.245472
27.308128
28.078882
25.586554
27.261255
27.838831
26.287933
26.412378
26.102713
27.515408
27.208797
27.495304
27.577869
27.971996
25.694599
26.579494
28.009504
28.195023
25.654001
26.629101
26.269232
27.611893
27.834335
27.079327
26.153767
26.066196
26.166157
28.166691
26.532835
26.082613
27.097218
27.492786
25.931583
27.492779
27.134531
25.611496
25.458817
26.108067
27.458170
27.495892
26.263510
26.538271
26.958261
27.150784
25.651705
25.355469
29.350931
28.355347
27.708948
28.574768
25.098213
26.827959
25.387455
26.163399
24.506336
27.078674
27.824013
27.195658
24.670609
27.264267
27.041492
26.387020
26.022161
26.790594
25.886757
24.490219
26.966293
26.791529
28.330584
28.082203
26.838104
26.663914
26.810415
24.972937
26.589754
24.909416
25.531733
27.105135
26.055269
25.937637
24.523523
25.446371
25.980597
25.615669
25.048624
26.531223
26.030357
25.807966
26.373566
25.434984
25.992256
24.819317
23.724651
25.720629
25.948524
26.509655
26.498831
24.744057
27.596016
24.932045
25.262243
25.785536
25.838232
25.101406
26.312353
26.385717
26.000092
25.205875
25.372070
24.290216
25.599575
27.779888
24.519384
26.470686
25.444929
26.138784
26.276587
25.562008
27.025946
25.599108
26.031506
24.853064
26.494272
24.202597
25.434551
26.846836
25.023268
25.479094
25.170551
26.650517
25.733850
25.578375
25.183081
25.551649
25.388885
25.196459
25.616060
26.597349
24.077240
24.834791
26.641857
26.231224
26.267677
25.392519
25.715673
25.764765
26.286345
25.980930
24.794615
25.531403
25.078508
24.764082
24.511951
25.066284
26.096096
25.250956
24.594931
25.457249
27.050886
27.728304
25.352442
26.595648
26.707176
24.161835
25.436098
24.876518
24.426247
25.023340
25.870312
24.638783
25.820984
24.540474
25.291447
25.753288
24.175352
25.684645
24.617252
24.544851
24.697779
26.585075
26.137230
23.371916
25.319210
24.890490
26.931486
24.422506
25.005562
25.636681
24.996363
24.870462
23.676712
25.047180
26.840113
25.212116
26.410963
25.526814
25.241566
24.893202
25.841953
23.363274
25.697884
25.592115
26.007549
25.369087
25.896757
26.706371
22.717018
23.858591
26.124857
23.587482
25.794411
25.857651
24.146458
24.493650
25.490309
23.312477
24.311888
23.663252
25.703032
24.496094
24.038118
26.323889
25.358765
23.921431
24.866053
24.508718
25.723186
23.946415
24.192858
25.298054
24.560305
23.881311
24.807304
25.222878
24.846273
25.038765
24.843433
22.406019
24.329790
24.972439
25.142166
24.445616
24.748381
22.956366
24.155098
24.241371
23.170008
24.185263
25.167063
23.360874
24.058077
24.228870
24.355129
23.158829
26.672276
26.407259
25.057720
21.978628
26.454880
23.132788
25.133284
24.802456
25.078100
25.069349
25.592695
22.068527
24.186338
25.071999
24.057669
24.523186
23.414793
24.849649
23.624708
23.650129
23.102663
24.985586
24.507816
23.289976
23.643578
25.641703
26.750238
23.751217
25.166910
25.739880
25.485449
24.980570
24.383184
23.106960
24.082491
24.965546
24.509907
23.669228
24.094929
23.513607
24.440626
23.520084
24.845335
25.120201
25.483717
23.033115
24.761845
24.979143
24.735460
24.964264
24.597868
23.182802
24.652618
25.495760
25.068693
23.204250
22.940029
25.062971
22.885221
24.002439
23.038071
23.791546
24.360054
23.749096
24.603994
24.382805
24.381313
24.224892
24.340010
21.913252
21.995697
23.142492
23.414192
26.277388
24.579491
23.565748
22.834976
24.280081
23.982677
22.544365
24.056612
23.847387
23.523582
23.869003
24.747927
23.693554
24.032290
24.391607
24.777466
24.571043
22.736992
24.464582
22.945604
23.125433
23.768833
25.030645
24.512819
22.605366
23.817810
24.390179
23.945120
23.437906
23.563944
23.663654
24.026098
24.101023
23.842146
24.261702
23.832106
22.438534
22.829100
24.777321
22.239805
23.819815
23.697392
23.320681
22.392614
22.864805
23.357206
23.936852
22.768183
25.121044
22.140778
24.437487
22.292257
22.585657
23.589148
22.015871
22.694004
22.892357
23.003016
23.627043
23.811649
25.103197
23.229429
23.924896
23.664625
22.460089
23.052582
23.188108
22.296614
23.124931
23.713421
25.023024
24.037359
23.281204
22.937237
23.402538
22.895590
22.675823
25.285423
22.855698
22.616686
22.520163
23.688042
23.747101
24.038334
22.745422
22.344076
22.864882
23.282709
22.646055
22.927128
23.141340
23.603846
21.659899
23.664341
22.129383
22.186985
23.836473
21.801468
22.843319
22.068796
23.605265
23.495981
22.286400
20.981846
23.476299
21.862915
22.141851
21.815187
21.873940
23.512751
23.316540
23.446911
22.730810
23.219593
23.049068
24.283400
21.677933
23.077192
21.749290
22.129129
20.946342
22.480175
24.043472
22.467638
23.255779
23.428606
23.389769
23.142090
22.409006
22.136305
24.870989
20.672132
23.406496
22.325228
23.139246
21.832888
21.510746
23.296692
22.931871
21.796917
21.448687
21.722635
22.865845
23.453753
21.554243
22.139456
20.279039
22.337936
20.818523
21.762447
22.250969
22.890255
21.823330
23.304340
20.973574
23.035402
22.283554
21.176533
22.373714
23.093039
23.851185
21.195990
22.378479
21.977848
21.788446
20.893934
21.282709
22.375357
23.869783
22.678793
21.946114
22.555010
21.279104
22.423830
22.390770
22.692781
22.996544
23.270889
21.585981
21.698418
21.910398
21.683641
21.901991
22.046022
21.150389
22.493280
22.392815
22.674608
22.142529
22.508413
22.844521
23.246319
21.424673
21.285921
22.892313
22.007574
22.969099
23.659542
22.276968
22.866585
21.590965
20.654840
22.592287
21.865089
22.337950
21.452724
21.333683
21.886374
21.882221
23.685900
23.236771
21.228651
21.504055
22.932093
21.828768
21.332371
22.164619
20.997066
22.659115
22.925444
20.607800
21.197309
20.606565
21.937557
22.145073
19.942186
22.641161
22.592524
22.614950
22.309422
22.446611
22.154467
21.785273
21.305237
21.589645
20.990444
22.128422
22.164232
21.598377
22.173506
21.750505
22.976250
21.422422
22.160244
21.545513
22.492575
22.895388
21.991629
21.479376
21.372211
19.697504
22.021828
23.589323
22.308580
21.168091
20.373480
21.110535
21.712631
21.844172
20.654934
21.237871
21.513546
21.098940
22.822388
22.036917
20.211096
21.887497
21.147915
21.340197
21.468073
19.130646
21.220945
20.949871
20.683191
20.483702
22.039770
22.214991
22.158621
20.970432
21.467751
21.498095
20.817814
21.523634
20.596468
20.888966
20.069826
21.539791
20.031834
21.163401
21.441351
21.785063
21.592773
20.076324
21.583862
20.662489
20.507454
19.617027
21.640490
22.459444
21.029579
23.126432
22.410021
20.181402
21.864664
21.147299
21.598566
20.425564
21.816938
21.852783
22.415041
20.245375
21.568689
20.880539
20.433043
20.736460
22.389671
21.830814
21.653688
20.033827
20.865412
19.813194
21.041681
20.651270
20.675903
21.651630
21.947208
20.821980
20.776333
21.289713
21.306515
20.613712
19.908777
22.581409
20.623959
21.285116
19.250948
21.169434
19.580847
20.479362
20.580919
21.253036
22.481361
20.890572
20.657682
19.170204
20.280804
21.303507
21.240089
22.313694
21.147230
20.411257
21.178564
20.094028
21.135380
21.302954
21.546896
19.907343
20.960142
19.441151
21.798109
21.948448
20.971170
20.074873
20.110857
20.127922
19.858917
21.186037
21.553583
20.164623
18.913921
21.219723
20.981724
19.648012
21.418192
21.099676
20.285769
20.602964
20.725554
20.606625
21.677914
19.981510
19.598240
19.447235
21.171412
21.454922
20.042469
20.623390
20.255028
20.482334
20.814371
20.477854
20.861473
20.710995
20.530731
20.395161
19.746061
20.956718
19.636547
20.537424
18.318235
20.545309
19.253746
20.258200
19.644741
19.031361
19.987917
19.755554
21.264696
19.415394
20.224932
19.266920
19.782448
20.754850
20.900286
20.276077
20.539604
20.990753
20.024534
19.604553
19.750977
20.161026
20.805613
19.564711
18.706814
20.507071
18.970524
21.102436
19.091152
20.615025
20.606663
20.101492
20.034309
20.330439
20.837210
19.690336
19.574053
21.095083
20.944532
20.952116
20.667402
20.121044
19.980408
19.728144
19.262291
20.356386
20.023487
19.860826
20.751747
21.931158
20.774336
19.416164
20.292620
19.461452
20.862888
20.293415
21.322578
19.495522
18.286556
18.916325
19.636084
19.771927
21.054594
19.533611
18.841665
20.343037
20.371222
20.010256
19.844204
19.078566
19.365877
20.115528
20.442232
18.913548
19.546989
17.510933
21.232239
18.841658
18.931782
19.571981
19.632875
20.365480
19.788372
20.059427
20.108643
18.590733
19.681864
19.721817
18.976168
19.227100
19.979956
19.804096
19.655134
19.669893
20.202116
18.993696
19.748484
17.787083
20.188747
19.368383
19.051893
20.656239
18.642811
18.459185
19.044518
19.224899
19.340635
20.002716
21.378874
19.775696
20.069916
19.254616
19.912361
19.799919
19.070200
19.874027
18.678930
19.842360
20.113359
18.679390
19.101362
19.762480
20.965197
19.268509
19.724895
21.275640
18.550333
19.348251
18.662500
18.890123
19.607401
18.785984
18.659395
20.271454
19.450642
18.577963
18.610435
18.639065
20.598055
19.491184
19.239149
18.317068
19.232752
18.572407
19.593103
20.139809
20.093109
19.630520
18.462545
18.789509
17.948021
19.377537
19.284775
20.434155
19.401136
18.840073
19.748247
19.308266
17.850010
19.578671
18.037815
18.559452
19.759020
19.494692
19.433430
18.025383
18.138784
19.224913
19.494570
18.066658
18.422907
18.587154
18.991907
20.129005
18.760015
19.080902
19.043188
18.677668
18.607058
19.804998
19.362236
19.381855
18.121592
19.131027
18.162094
18.878300
20.368208
17.325111
18.593994
19.870300
17.882906
19.620167
19.167147
18.156067
19.333244
18.961689
19.141148
18.612745
19.354494
18.944733
18.165035
19.933815
18.916384
18.453285
19.384312
18.466015
17.852404
18.857723
18.277546
19.473734
18.784088
19.161745
18.278095
18.760883
20.047287
20.028397
18.322775
17.982496
19.062363
18.566793
17.902464
18.547632
18.270535
18.779953
18.373255
18.826664
17.741787
17.678843
18.809006
17.045132
18.123577
19.019825
17.556877
18.959482
18.408407
19.604591
18.920233
18.385290
18.893368
18.725550
19.563232
18.471272
18.167612
17.597031
17.227177
18.748613
18.689095
19.108610
18.002928
19.133442
18.917463
17.955019
17.470613
19.255234
19.006756
17.893728
19.965076
17.653200
17.569609
18.860884
19.438112
17.815548
18.501472
18.600277
18.325569
18.105751
18.383850
18.450926
18.756216
18.076571
17.703535
18.303286
18.427444
18.801682
19.254612
19.083963
16.450089
18.361708
18.194183
18.735100
18.478045
18.089722
17.617195
17.405178
18.078636
18.084269
18.472231
18.419338
18.681822
17.985563
17.769661
17.056894
18.458200
16.955145
16.971178
18.761974
17.721647
17.511881
18.306238
19.198664
19.670219
18.126715
18.388428
16.486277
18.893112
17.175051
18.042473
18.076565
18.735601
17.743647
18.509212
16.642921
17.622524
17.728065
18.666531
19.673061
17.994549
17.539179
17.497095
18.439766
17.836275
18.427439
17.537945
16.505022
16.040293
18.449944
17.790104
17.677423
18.461985
18.205999
17.422476
18.441772
17.256382
19.015320
17.644104
17.713343
17.785097
18.322824
17.280981
17.789177
17.505899
17.998108
18.290768
18.200672
17.277849
17.127710
16.740900
17.563190
18.191339
18.504766
18.340935
17.658030
18.405193
18.017010
16.745970
17.158236
17.454565
17.888685
17.244034
17.039619
18.219959
18.117371
18.816278
17.750792
17.782593
17.411303
17.302599
17.989399
17.618231
19.016846
17.175512
17.066601
17.268591
16.939495
18.560474
17.293976
17.887007
16.951555
17.013870
17.129389
17.910009
17.590355
16.699553
17.101360
15.802058
17.616114
17.815191
18.149195
17.705244
17.085609
16.442270
16.922667
18.009129
17.942680
16.890854
17.090021
18.433161
18.076576
17.005552
16.788055
16.776661
16.419147
17.124163
16.253172
16.226900
16.815538
17.586775
16.661213
18.202108
18.430573
16.839905
17.116037
17.428467
17.233938
17.646235
16.942347
16.539124
17.497686
15.246694
16.388771
17.773129
17.179274
17.576773
17.253300
17.712444
17.019835
17.543219
17.339489
17.054447
17.330355
16.489128
18.056999
17.627878
16.445005
17.476118
17.864883
16.680162
16.342886
16.392607
17.645985
18.849596
17.251558
15.753431
16.129347
17.405041
18.215103
18.142347
16.470640
17.444410
16.777731
17.147831
16.901510
17.160429
15.450523
17.001970
16.990490
17.137741
17.695187
17.363062
16.421385
17.336369
16.970703
16.154665
16.395750
17.271172
16.114138
16.035864
16.236425
15.455506
16.402836
15.875572
16.870527
17.535635
16.441225
17.695246
16.877728
16.953781
17.214071
16.064659
15.787649
17.500654
17.107161
16.857006
16.462143
16.599180
17.255535
16.533670
16.737473
17.323519
17.139368
16.113274
17.286995
16.675753
16.268593
15.899246
18.002131
16.624702
17.608150
16.324783
17.239426
15.646095
17.273409
16.995358
16.847813
17.472878
16.398043
16.406799
17.095911
16.854681
16.857018
16.571999
17.288769
16.364693
17.570156
16.555811
15.107711
15.888006
16.700773
16.024471
16.345739
16.931124
16.440041
16.655031
15.707621
16.473475
17.498999
17.463558
18.141790
16.687330
15.910400
16.730532
16.464165
15.821582
15.824181
16.086927
16.743137
16.433508
16.398174
16.934330
16.852919
16.793512
17.004787
15.686772
15.973006
15.965241
16.247478
16.433407
17.153486
16.886976
15.503676
16.768436
15.714569
16.411860
17.152500
16.999077
16.646927
16.519268
15.869513
16.906345
15.909325
15.989555
14.893013
15.733015
16.908152
17.556362
16.679863
16.375084
15.937004
16.091757
15.884390
15.474847
15.439284
17.451389
15.098604
15.876465
16.282932
15.351019
16.539070
16.794226
16.066696
15.532732
16.520973
15.842162
17.575111
16.078028
15.947354
16.333467
16.555555
15.370746
16.077925
16.443668
15.819165
16.070646
15.565187
16.373337
16.985252
16.962229
16.090683
16.446747
16.988579
16.057325
16.311468
16.509031
15.652673
15.841845
16.164862
16.038500
16.484499
16.526703
16.513000
16.474344
15.693612
16.127888
15.173100
16.648123
16.275295
15.957683
16.327120
16.049940
16.575396
16.073208
15.933816
16.081430
15.990196
16.167925
15.029099
15.812992
15.674496
16.981085
15.903384
16.235851
15.268849
14.987788
16.206776
15.917328
16.186598
15.612893
15.163206
15.714318
15.835443
15.743958
16.163773
15.451547
15.796835
15.200430
14.279625
15.412700
15.783791
15.817602
14.614881
15.622489
14.823585
15.545555
15.578695
14.897454
15.135356
14.169602
15.166565
15.219441
15.188370
15.992813
16.124460
15.684914
16.249844
15.341323
14.695761
16.073330
15.802702
15.274060
15.192168
15.103271
15.766741
15.704846
15.332528
14.855398
16.342484
15.520767
15.204370
15.885861
15.848524
14.616133
15.286975
15.107293
15.682878
14.849081
15.977912
15.828119
15.553212
14.951130
14.950901
15.641170
15.685716
15.236037
15.027267
14.964795
16.274647
15.056112
15.338107
14.753805
15.069973
15.743625
14.657364
16.240700
14.737670
14.846434
15.896935
14.882252
15.932162
14.449650
13.645015
14.685913
15.739719
14.826941
16.514772
15.046388
15.089434
15.030910
14.644740
14.997115
15.811020
15.395145
14.517172
15.660650
14.746801
14.982894
15.881746
15.465594
15.278297
14.884246
16.503761
13.933358
16.004490
15.432079
14.661452
15.476177
15.336051
15.632272
14.784064
15.489492
15.174548
15.805859
14.915343
14.370605
15.502699
15.321975
15.081999
15.435725
14.991302
14.932043
13.802137
14.539917
15.824840
15.328598
15.079563
15.018119
15.345167
14.876841
14.398267
15.169488
14.417674
15.091455
15.699400
15.707711
14.966848
15.263659
14.336568
15.307576
15.651798
14.728206
14.209274
16.368614
15.385760
13.689291
14.901450
15.929139
15.067835
14.910480
15.328688
15.421767
14.985918
14.520216
15.056769
15.070627
14.015989
15.622724
14.737520
14.455243
14.105867
16.284037
14.341195
15.144445
15.733803
14.594849
14.860377
15.675157
14.911263
15.174335
14.062452
15.711384
15.162355
14.774321
14.269135
14.772687
14.621244
16.074173
15.110427
14.324862
14.619560
15.448291
13.483536
15.112483
14.526381
14.780810
15.097817
14.434137
14.178835
14.915416
14.409796
15.056228
14.348473
13.675076
14.243071
13.892710
14.380170
14.481058
14.860199
14.419537
14.745582
14.324611
15.374395
15.131407
14.408381
14.588079
13.467623
14.848957
14.834270
13.819968
15.453595
15.317800
14.095073
13.711071
14.557166
14.998163
15.077676
14.847050
14.118765
14.979859
13.787086
14.887306
14.328808
13.723513
14.375199
13.869579
14.569194
14.228609
14.525085
14.567847
15.345433
14.792378
14.075500
13.132884
13.514817
14.587821
13.817837
15.008892
13.910585
14.734205
14.448896
14.852458
14.396212
15.125095
14.162739
14.031404
14.939758
15.214231
13.619556
14.530890
14.710404
14.537319
13.451797
13.144825
14.021256
13.803096
14.638399
13.285469
13.841419
13.789106
15.538320
13.786087
13.747712
14.098558
14.352946
14.876298
13.893732
14.356847
14.132232
13.303832
13.579519
13.798519
13.523589
13.915814
14.892582
14.150961
14.249762
14.818476
13.602778
14.270037
13.878790
14.348378
15.382405
14.172792
14.316188
13.707898
13.156293
14.350384
14.271781
13.509076
14.014369
14.388530
14.367771
14.285961
13.194719
13.848177
13.819736
14.113521
14.388503
13.543080
14.697547
12.682802
14.883164
14.499513
13.140377
14.652535
14.083861
13.891328
13.960461
13.680141
13.726319
13.398410
14.101306
13.828738
13.794516
13.740643
13.053510
13.964471
13.530428
13.963170
14.048224
14.182216
14.113155
13.771885
14.212677
13.842128
13.453023
14.240487
13.364344
13.949654
13.179247
13.892635
13.664351
13.157055
13.927246
14.078452
13.231096
14.373663
14.444573
13.118009
12.909489
13.854662
13.743909
13.095675
14.598197
13.412240
13.508287
14.370653
13.098544
13.086377
13.091786
13.184933
12.997350
12.669302
14.089969
13.440726
11.949233
13.638288
13.030842
12.505213
13.857445
13.426741
13.190327
13.665610
13.686299
12.632610
13.812348
13.429815
13.667042
13.654271
13.094503
12.525887
12.550460
12.964897
14.011234
13.843874
14.005739
13.841753
13.470437
12.285295
13.569027
13.392973
12.975660
12.747037
12.755816
12.787757
13.156440
13.518133
13.690489
12.941618
13.547029
13.045927
12.987082
13.654140
13.890709
12.469730
12.852264
12.748230
13.338199
13.362819
14.106123
12.692137
13.095785
13.155375
13.559221
12.094074
12.386518
13.702698
13.132840
13.524924
13.542698
14.362243
12.936035
12.680027
12.812103
13.568079
13.639923
13.159373
13.373159
13.427698
13.198952
12.515374
13.106384
12.903610
12.245415
12.272037
12.637888
12.975969
12.762122
12.431476
12.942664
12.687368
13.206741
13.280989
13.159421
12.819353
12.277993
12.920718
12.880452
11.842949
13.239848
13.064863
12.944561
12.993650
13.408898
12.593142
12.061106
12.697412
13.840729
12.068069
12.569579
13.681155
12.473050
12.760042
12.418408
12.588161
12.702868
12.152276
12.917163
12.782493
12.701838
12.370733
13.320849
12.344137
12.846150
13.155828
12.223564
12.083936
12.404721
12.300829
11.501966
12.661687
13.604131
12.458406
12.581788
12.966456
11.471953
12.919263
11.880860
12.792570
12.634073
12.255153
13.049772
12.889442
12.524262
12.499021
12.179210
11.964015
12.344213
13.156491
12.064849
11.836666
12.110500
12.567125
12.950856
13.034332
13.089581
12.214859
13.114023
11.792537
11.754738
12.061257
12.518184
11.538245
12.017864
12.588185
12.631131
13.118916
12.243401
11.384624
11.927742
11.005704
12.327200
12.495698
12.426511
12.390201
12.646327
12.463087
12.840613
11.855326
11.724149
12.955153
11.894265
12.102531
11.962736
11.450945
11.806122
10.815683
13.246619
13.113648
12.915056
12.308764
13.041256
15.266231
13.653478
15.061056
16.070641
16.369066
17.805235
23.936644
25.073595
29.391836
26.740898
29.549751
31.688082
21.328253
19.918728
25.464121
12.317609
6.700989
2.453086
1.690130
2.490669
2.889920
3.150037
3.237907
3.963915
11.327232
24.749559
24.424158
20.375347
31.374275
37.970512
93.718033
70.314072
135.657379
87.794823
65.450760
48.756104
17.373062
14.676047
18.060963
19.498465
31.453949
7.364075
12.044395
11.151743
5.134957
17.215174
15.820026
4.815588
2.469809
6.150069
1.914034
1.393775
1.495037
1.747696
1.486228
2.083809
5.878959
6.693360
5.722729
9.457866
17.044546
27.707777
32.000347
11.884039
34.233955
28.659416
36.822056
30.527365
49.729870
133.946732
274.821320
145.016678
138.081116
65.988823
215.031265
136.909927
90.389641
20.080341
30.346613
28.605310
28.279554
22.998468
11.792888
3.472499
2.126957
2.172056
1.351872
1.141942
2.073796
1.029285
4.039832
7.553488
5.013874
4.611930
8.560223
14.863984
21.017485
19.821699
18.528683
27.677792
44.219212
25.057785
23.616512
21.805777
14.092826
5.677362
4.407287
5.095940
4.776989
2.616486
3.094820
7.064551
3.610621
4.506477
5.599531
13.848372
29.756807
62.417244
28.278975
33.728493
51.613407
70.000862
50.687820
50.444305
31.247269
14.409886
9.827445
2.587964
2.109864
1.000534
1.372063
1.214750
1.111222
1.288807
1.524959
1.315685
1.881497
1.553369
2.506345
2.094128
2.233772
2.839121
3.211637
5.055382
3.011195
2.545236
4.430264
2.218649
3.725543
3.845642
1.956598
3.460952
3.185841
3.759524
2.979261
3.725582
5.149153
3.165090
3.169302
4.255736
3.234081
3.712249
3.962938
3.443465
2.923741
5.921543
13.531104
16.629959
19.739412
44.114792
81.879333
68.927704
58.619518
59.511295
48.018543
17.693438
15.582462
3.653890
8.120865
4.612903
5.985368
3.892557
1.473295
2.471724
0.864496
1.352121
1.045613
1.085805
1.402669
1.319281
2.100818
1.387278
1.368848
1.361326
1.705549
1.368359
1.486450
1.885666
2.143696
1.987275
2.178014
4.193511
9.327531
10.881589
20.551794
15.171211
9.665842
6.902907
13.356174
13.046169
16.923059
51.470127
21.472197
12.195062
11.018518
2.708581
1.840922
1.492266
1.680466
3.308457
7.448438
16.566967
25.500027
58.397346
56.585972
76.843048
54.785011
39.159195
37.272171
7.961222
10.713656
7.149002
2.295978
2.268201
1.405839
1.125210
1.893676
1.585407
1.256295
1.236112
3.139482
2.411719
3.131269
2.020068
8.191305
4.820824
5.968297
4.775582
11.071732
6.621612
4.202432
4.029571
2.544011
2.789398
0.851662
3.505340
3.549466
6.631767
9.217847
25.016460
23.178654
23.800142
20.682074
17.131281
13.503980
12.706427
5.332245
8.943931
3.730135
4.816039
4.635383
7.335992
1.874882
2.704157
3.732849
8.502721
11.600979
10.102256
7.697853
9.516052
4.422280
6.537838
12.832293
7.627989
13.061274
18.205702
11.587461
7.228451
8.767634
9.950323
4.848217
5.131067
3.777652
3.367668
2.038234
0.918926
2.507014
2.746511
6.140997
17.337332
18.010666
60.344959
41.765884
61.285751
47.935455
39.814865
7.766169
15.782937
7.946812
3.298259
4.342599
7.500068
3.311802
2.445838
6.360619
2.112333
1.600174
2.324155
2.678170
3.607497
2.599823
5.759673
2.892052
2.235354
1.623294
2.406816
2.118863
6.489802
5.056558
10.082552
9.461384
5.568146
10.832693
5.011324
6.190502
3.738400
4.471335
3.176690
6.119473
2.992656
2.311367
2.285609
2.146243
3.507156
2.721353
2.455084
3.334056
5.428841
9.302642
16.808712
8.554950
12.406421
12.333858
8.330618
11.633003
26.190952
24.475616
12.880673
13.082207
4.692161
8.692248
5.704995
5.356677
5.325560
5.066928
6.601423
6.761658
14.523802
24.962328
24.034491
24.941963
32.039257
18.007471
14.820058
14.765604
7.380820
8.988380
6.600622
3.278962
2.827794
3.135968
2.821296
3.375875
2.712720
3.276111
3.311995
5.406459
4.971303
2.500536
5.343661
3.600110
4.330445
1.629687
3.530340
3.829073
3.511949
5.597917
2.165667
5.184690
3.800267
1.970261
0.961757
2.378850
6.047704
8.905397
22.311495
17.026371
11.060341
20.951235
8.967456
10.884683
8.086629
8.176433
3.933873
5.391273
2.764619
3.315489
3.111532
6.511991
1.350179
2.125513
5.079343
4.865677
8.458021
9.096147
5.284163
3.023202
3.069703
5.803061
1.545648
3.229267
2.688211
2.690849
6.664115
7.314609
6.641788
9.715219
14.009812
42.548229
34.525181
56.057102
48.102077
53.544548
20.366478
25.144585
16.352646
15.024926
16.342726
5.536682
4.014137
4.217358
2.211418
3.959006
4.445621
7.100563
9.921876
4.763255
13.316806
8.885772
9.516198
8.700493
4.634762
5.054099
3.640059
7.651216
5.144987
7.289388
7.252905
6.397306
7.271661
10.153376
12.362400
11.224584
13.359016
6.679469
7.557439
4.808393
2.658280
1.962597
1.532863
2.356590
1.740600
1.988500
1.839521
1.497865
3.233200
3.732350
2.916664
2.132680
5.014888
2.464064
2.925472
1.928809
4.409903
3.512914
4.588266
2.998627
1.977270
1.227693
1.638963
1.350605
2.642586
4.685549
6.563725
6.049309
6.059605
7.934659
8.140261
14.661577
13.832466
22.855127
14.145684
10.675447
10.538801
8.504752
4.749769
2.051325
2.333324
2.139500
4.009266
2.696706
2.500698
1.945036
1.659958
1.805953
2.609987
2.581250
5.163298
4.366635
4.100756
4.768315
5.610049
3.525715
4.571048
6.512184
4.424363
2.645456
2.063225
1.848220
2.502239
4.651171
3.030292
2.939158
2.348214
8.431415
5.329074
9.298589
10.460470
22.312111
19.118567
17.694521
15.139573
9.750776
19.119677
15.365343
10.899608
9.633514
6.088002
2.689238
3.688819
2.499300
1.769872
2.949303
2.141737
2.720183
2.213954
4.515179
3.569771
4.867103
3.783117
3.397091
2.728188
2.517856
3.246767
3.771075
6.014387
4.931559
8.492382
6.330190
4.248295
2.596935
8.065390
11.374686
7.664777
9.019430
11.604388
4.888228
6.872518
9.570529
11.290576
7.990026
5.183658
9.712013
4.674925
6.706028
6.567422
9.770629
4.897022
4.932546
1.486702
5.848960
1.732154
2.090309
6.221482
7.861125
8.670458
9.485369
10.545397
11.712936
7.928867
5.542034
3.785749
1.789068
2.532475
3.717364
2.746382
5.536448
5.150466
6.767650
4.184471
4.868040
3.203462
7.207878
10.747328
4.872879
9.639884
8.907213
8.508742
9.390121
9.970276
14.554097
7.225286
13.295197
5.458788
3.914529
6.656826
3.833138
4.609944
4.136753
4.402768
2.096643
3.937212
4.156240
2.647906
1.588813
2.219099
1.916171
1.599597
2.166728
1.424867
1.508774
1.203755
0.938259
0.830345
1.122304
1.484233
1.431295
5.524539
5.151854
7.884810
6.070474
7.170034
5.985079
5.206255
3.830629
7.693182
4.697917
8.884067
8.838263
7.955606
15.716396
14.945084
14.410177
15.914341
7.598643
11.267152
3.161715
2.811800
2.280638
2.431981
1.931593
3.430609
2.463446
2.138532
2.147072
3.393587
2.676794
6.834589
6.074563
5.972987
3.733160
4.917217
4.593138
3.411687
7.102941
7.829143
12.127446
9.784471
10.181048
9.537583
15.738339
14.574829
23.038607
30.966185
35.832291
41.446514
14.792054
21.653879
18.272242
9.287618
4.721914
5.290629
4.815196
4.344160
3.295476
1.587842
3.529582
4.818744
4.519938
3.406287
3.275136
2.296100
3.374156
2.166330
2.891156
3.132279
3.474115
4.767825
8.711051
9.439998
12.338402
14.322513
24.718559
65.845444
37.961464
33.642097
32.354481
28.810329
27.787773
10.078705
8.373148
4.977679
3.817543
2.514983
1.773228
1.276950
0.995666
1.106560
1.352217
1.267699
1.794607
1.766035
3.637281
2.611538
4.663156
3.608134
2.416037
2.331885
3.322512
6.241911
2.988034
3.914797
3.181023
3.867377
7.173441
2.616508
2.266161
3.187603
1.906839
3.442216
2.212045
3.832879
3.266116
3.239555
4.431318
2.182748
1.573105
1.565491
2.446352
4.231066
2.937678
1.324794
8.990141
6.178405
6.213050
5.349414
13.517366
3.217886
15.114846
9.721544
7.702075
5.275909
6.599520
5.719697
3.933275
3.891775
3.324061
4.262505
5.040101
3.409024
5.608956
6.121869
8.326677
13.149679
16.745348
17.709118
13.417914
7.251878
6.427478
13.433792
9.003234
8.003436
3.991127
4.802283
4.826787
4.619135
2.924607
4.159666
2.261166
8.696449
3.026061
3.941568
3.392001
3.291636
4.333748
3.067910
4.004415
2.789692
3.800807
3.389591
2.929373
4.357459
3.927126
4.317843
3.374512
7.982373
9.528966
4.715700
9.207171
8.051901
5.898547
3.868444
4.746930
2.755265
3.924045
1.789822
1.835426
2.080432
3.151413
1.443214
1.175327
2.476691
1.838611
1.933847
1.725413
1.717493
1.683959
1.438413
2.029663
1.628848
1.318397
1.648551
2.437812
1.238779
1.241737
2.073302
1.251246
1.960041
3.056022
4.204629
5.052811
7.413641
7.422662
6.619923
6.978156
6.995771
6.209742
6.953006
10.469884
11.282688
8.372757
14.897539
7.572628
8.006149
9.659409
9.636154
5.045371
2.793465
3.027309
1.695087
0.907032
3.279340
1.385473
2.549115
2.282669
1.549603
3.619380
3.576326
2.144728
3.798370
1.314531
1.904436
3.815200
2.023370
3.269595
3.201270
5.771992
4.850220
21.309048
23.428740
8.115760
13.262491
11.153677
8.205348
5.599317
3.755999
3.985546
1.608885
5.426984
1.768803
2.158959
2.812751
2.384871
2.709875
3.373319
7.283267
6.675757
9.221435
13.896401
10.016440
9.487604
3.643926
2.591155
4.067303
1.839331
1.861737
2.465469
2.159897
3.021586
9.285478
5.826908
4.133251
7.123606
6.348832
2.971123
7.358350
4.342022
5.862956
6.113412
7.896709
11.139919
8.848928
7.569569
5.095179
5.076574
3.990990
5.240712
7.022941
10.526625
10.753249
7.946081
7.122309
5.417918
4.440611
8.119341
7.065205
9.292994
7.725198
9.200678
7.562245
7.738255
5.747856
3.996881
6.874426
4.223153
1.427752
1.934975
1.931575
2.157050
3.810585
4.776882
6.534903
4.484962
3.884638
3.188423
3.836052
4.620794
3.636065
4.102927
2.644778
3.492795
2.965179
1.994365
4.745783
3.808176
4.808735
2.795296
3.682337
4.009920
3.570653
1.718761
4.461769
4.607543
11.466731
5.856482
6.235112
8.430160
6.309878
14.669887
8.604926
12.014467
12.674646
11.835535
7.842210
6.013411
9.286971
8.046573
3.429237
4.369882
3.433076
4.635223
3.811347
2.338466
2.369241
1.661590
2.208833
1.445163
1.053978
1.866455
1.548420
1.343543
1.270557
1.578901
1.490994
1.266808
1.551053
3.895813
4.588605
2.469685
2.831124
2.953433
2.799772
1.761071
2.792293
2.952075
1.127975
7.231684
2.074358
2.164215
2.654358
2.753739
2.084783
3.107563
6.258082
3.693290
3.495603
4.581605
9.367583
6.263086
8.452159
4.054130
4.265941
5.413288
4.227277
6.095462
2.598107
3.263318
3.326632
3.034633
1.859471
2.173552
2.076703
1.908823
1.487825
1.367038
2.090811
1.540338
2.463846
3.674010
7.678893
16.490372
13.904305
14.733310
12.579484
12.379130
6.992871
6.729636
5.711535
12.267074
7.670063
11.671697
7.835579
9.520332
10.728848
8.564623
7.731951
12.693799
10.010479
8.278161
6.187529
11.918265
5.023946
4.763035
5.811491
4.560617
2.504864
1.986410
1.423312
1.541633
1.899850
2.555597
1.150653
2.164463
2.272175
2.073841
1.309161
2.223038
3.115031
1.861469
3.690162
6.021088
4.750809
6.521690
7.320738
5.625641
5.590312
18.352701
9.750444
8.947548
6.396535
5.441888
3.851189
3.996636
1.468203
1.428504
0.860417
1.284026
1.602105
1.031049
1.499630
1.342995
1.200069
1.738557
1.767430
1.707291
2.074269
1.309613
2.097710
1.903498
2.601010
2.474024
2.639777
2.538069
3.828807
2.554438
6.378721
5.867241
4.708947
7.219810
9.501075
10.154701
6.921818
11.231613
9.063420
7.387275
5.459962
4.514958
5.415684
6.308170
9.957712
8.262202
7.398662
9.797414
12.128383
12.731436
6.679856
7.428297
2.784530
3.195940
4.227995
4.247299
3.312051
2.381426
5.679332
4.807878
5.881746
2.904733
3.354961
4.956261
6.555618
3.027837
1.980127
5.381423
2.749311
3.701898
5.865633
3.786932
3.148644
3.589204
2.936834
5.314298
3.420611
3.482990
4.746176
3.335814
4.056190
2.568295
2.109186
5.310539
3.559699
7.169855
7.853685
5.003611
4.023823
4.794255
7.354731
3.116233
5.355472
3.594711
3.063149
4.396172
5.531253
3.171741
4.346434
2.284925
1.486445
2.971052
3.298272
1.953153
3.605140
2.269170
2.803897
1.944147
1.830235
1.513727
2.547128
1.301788
2.009940
1.561731
2.183081
3.923829
3.198522
3.679643
3.766901
2.290334
4.289177
4.353844
4.738223
2.313419
4.456899
4.211804
4.976295
5.820462
5.869754
3.414670
3.190321
3.848931
2.269329
2.731219
1.042672
1.311771
2.254570
2.278727
2.060766
3.087663
2.665425
5.130805
2.655591
3.115752
3.559249
3.924672
3.704372
0.946254
5.004021
4.063994
5.067219
6.166366
3.187474
4.556268
2.991303
3.959603
5.163918
4.545129
7.628974
9.660409
7.202393
8.849564
3.804902
6.657463
3.878321
5.095364
5.812492
5.742994
8.593792
4.817297
8.982361
3.388916
4.024107
6.662864
2.891069
2.429798
3.187981
1.589588
2.116739
2.057023
1.962348
2.446478
2.341556
2.490175
5.913536
7.895206
4.915127
7.268280
5.644078
4.232422
4.391348
6.794082
2.305653
2.443731
2.867884
1.264988
1.798198
1.219069
2.562174
1.889487
1.918822
2.111293
2.147573
3.385397
1.271524
2.643977
1.767903
2.189164
2.674290
1.761863
2.902894
2.600351
1.483359
1.483106
4.284287
5.928377
35.028061
39.047108
63.335041
37.174744
44.379494
49.911331
31.631403
14.191460
10.028668
6.966478
6.914806
3.859898
1.555095
3.156834
1.933635
1.341248
3.124103
1.667760
1.796521
1.314578
1.738262
2.016972
1.897804
1.500137
1.103558
1.559060
1.043001
1.466883
1.580317
1.241850
2.310790
2.426958
1.732993
2.768734
1.354560
1.542018
1.618751
2.466301
2.738762
4.133532
2.471292
3.268435
5.048496
1.637721
2.290922
2.561330
3.017372
2.325847
4.424237
4.706855
4.581975
5.117182
1.995970
2.764102
2.408517
4.572429
1.419252
2.105154
1.661585
1.303045
2.216181
3.209183
1.431282
2.331744
3.883602
2.264004
2.138043
3.677638
4.864788
2.672934
5.362542
2.830059
8.646487
4.362314
2.072774
3.445123
3.910033
2.653311
2.861705
3.027379
1.836698
4.120627
2.715987
4.601356
3.362402
3.279528
3.729213
2.225975
1.956677
4.965555
2.655436
3.021224
2.036652
3.825607
3.371305
2.119207
2.968188
2.540260
2.537838
1.681088
4.358814
1.564981
3.561827
2.924209
5.586024
2.588623
9.905375
4.685390
5.877127
2.895298
4.294516
2.815863
4.426305
3.969374
5.071283
3.107826
3.547599
2.439684
2.411131
1.021345
1.189109
1.598540
1.595917
1.135234
1.502397
2.196544
3.394889
3.058695
3.881251
6.776195
7.875154
13.121850
9.691459
5.801890
5.139837
9.369494
6.850659
7.848063
5.115812
4.889654
4.690503
2.473903
2.372044
1.552728
2.693579
1.570169
1.470390
1.813947
3.549397
3.376779
2.217306
4.291513
5.066417
3.935992
1.176951
5.658731
2.548223
4.120398
1.556395
3.907176
3.583693
1.795054
7.294331
3.533638
2.271529
3.328362
6.497094
3.700701
2.808178
5.843508
4.453881
2.378709
3.809676
4.667242
3.106605
7.106626
5.784535
7.124944
7.494980
8.463156
7.208750
3.830539
6.789931
2.670840
2.748665
2.687481
1.775000
0.779651
1.259936
0.925100
1.276411
1.130768
1.552373
1.391881
0.763534
2.204968
2.824080
1.712793
2.283936
3.014442
6.617807
5.634377
7.464192
5.721141
4.527752
4.959053
6.100845
3.578804
4.521774
3.993891
4.147255
2.386887
3.032270
3.059059
3.618055
2.722442
4.017851
6.503117
6.914051
7.378563
6.476819
9.432793
7.668034
9.590308
11.418490
12.337361
9.654182
4.455977
5.025927
7.629031
4.959095
8.149755
5.491659
10.340746
6.256657
3.779048
4.962294
5.151095
7.443832
4.175420
2.932904
2.878271
3.346623
2.122737
5.227635
2.049153
1.850120
2.201855
2.999387
2.687454
3.145550
2.047421
3.516563
2.789963
2.542561
3.199153
3.824368
4.345304
2.220933
2.991552
2.852163
1.766583
1.845317
3.025842
2.800309
2.696410
2.290992
4.639640
4.103062
1.728700
2.391132
2.917594
3.174187
1.541036
2.823211
1.311048
1.906847
1.497823
1.789114
1.194909
1.792478
1.295976
2.184727
1.826175
1.349792
2.231682
1.844285
1.484495
2.491318
3.897984
1.972119
3.213403
2.357399
3.714095
3.074233
4.215133
3.280782
2.935629
4.374762
5.340041
5.007393
4.933939
4.313693
4.791912
5.654581
3.719985
4.564677
3.058037
3.530692
5.736029
4.552318
2.656449
2.271632
3.567048
2.318913
1.317850
1.388441
1.828895
1.577854
0.919256
1.069208
1.730579
1.055976
2.015010
1.869167
2.316165
4.180207
3.809285
2.994597
1.582330
3.499307
3.505804
4.524618
2.675370
4.414455
2.993732
2.753959
4.160618
6.662373
2.576868
4.431623
2.080916
3.493857
3.974763
3.486925
4.126588
3.179934
2.704364
5.757446
3.650850
2.676283
3.786532
1.683977
4.137789
7.013366
8.256166
9.126146
13.315550
16.915527
13.979045
19.674290
16.429365
10.266655
15.152445
6.751918
3.220913
6.592337
5.569602
3.083887
2.782392
3.286253
4.053908
3.239461
3.271303
2.167852
3.720810
2.332611
2.037034
1.863032
3.320808
1.430752
1.891175
3.095883
2.552958
5.173898
3.589310
4.209470
2.881621
5.353455
3.298056
4.554198
6.585854
6.539425
8.140987
9.689711
6.615771
2.144977
3.857035
3.818065
4.551531
2.652698
4.109486
2.454176
1.527839
2.255307
1.384380
1.675036
1.972008
2.101201
2.101193
1.837289
3.497471
2.290976
2.338237
2.597437
3.128316
2.159932
2.168463
2.048131
2.433926
3.226915
3.716068
4.945578
2.853932
2.825655
1.860188
1.715335
1.663648
2.311818
4.521454
3.811576
6.807477
3.803480
5.718113
5.116963
3.476707
5.012794
5.434606
8.501120
9.254880
6.041996
5.279487
5.987024
4.491224
3.952710
2.039358
3.722807
2.949072
1.755374
1.767904
2.955180
2.172074
2.209681
2.670903
2.326710
1.675320
1.835609
1.525557
1.584758
2.604657
1.701922
1.925182
1.699730
1.683617
3.114110
3.211835
3.084266
2.090664
2.080374
2.707156
2.235403
2.523627
4.214382
4.266003
7.683266
1.743972
3.326849
3.483507
4.208158
6.360220
7.993431
3.076274
5.254704
3.180773
7.808243
2.092724
5.353422
2.167426
2.336939
2.687237
3.030496
2.255880
4.508000
2.415697
1.915330
3.716630
2.929574
5.336432
3.283309
2.647979
4.357002
3.170760
1.737232
2.329669
3.506863
1.591902
2.168544
2.912432
3.624439
3.122690
2.179820
2.514791
3.533540
3.644602
2.576679
1.934195
3.140119
3.947787
4.788303
2.057061
2.242411
2.405750
2.483639
2.461913
2.213281
2.178773
2.065391
2.276998
1.251744
1.838430
2.440118
1.522278
1.731395
1.529662
3.219559
1.464921
4.656112
5.304222
4.287676
6.184254
5.763376
5.220409
6.377525
6.420725
2.815194
5.661931
3.685679
3.294926
3.280922
1.648569
1.816685
2.370440
1.151925
1.869310
2.827187
2.472165
3.148125
2.238848
2.337036
2.977164
5.084868
1.499607
2.322164
6.569809
2.608664
3.411742
3.817625
1.840978
2.988679
2.117446
1.553814
1.878072
2.273139
2.228178
1.718385
2.060759
2.159656
1.458873
2.237136
1.513560
3.794151
2.037254
3.325091
5.756745
2.274060
5.181674
4.920019
7.777826
10.759717
7.973183
6.013533
4.732853
7.924813
8.644555
10.607650
12.514633
10.068527
13.330225
10.449701
9.142682
6.810134
4.890378
3.595205
8.269595
4.030462
2.839180
3.212492
3.522643
2.243896
2.373612
0.920224
1.797894
2.340744
1.721563
1.173122
1.987703
2.369911
1.581722
2.735194
1.801656
1.498376
2.697449
3.819636
3.273093
7.399984
7.783179
11.586259
24.077030
19.664455
11.859095
15.411682
12.018899
7.097490
7.043597
3.230322
3.574067
2.436906
1.481993
1.560297
1.460078
1.798651
1.882033
1.671359
1.993604
1.094252
1.922773
2.774997
1.774901
1.986181
2.506970
2.262209
2.036501
1.716828
2.154158
2.845948
2.591638
2.692606
1.810105
3.683316
4.796496
2.673613
4.614970
2.759377
2.097948
1.246524
2.058775
3.441910
1.406168
1.772989
1.689391
1.760048
1.257434
3.087261
1.336863
1.239431
2.386006
1.685596
1.644673
1.595406
1.304892
1.649803
1.501971
1.594869
3.952371
2.952356
2.717885
2.001148
2.000154
1.333204
1.232355
1.427225
1.685704
1.507095
1.158228
1.840919
1.220581
1.530285
2.473269
2.357988
2.595708
2.983102
3.747133
7.238110
7.940350
7.806701
8.550993
3.358620
9.594869
3.406970
5.758105
5.477091
9.080750
5.291319
5.087667
6.430023
3.994795
2.670294
4.017937
3.506782
4.601728
3.138754
3.570715
2.421387
2.754357
1.844190
1.762548
2.882774
3.217986
6.184252
1.820550
3.994516
4.384477
2.248529
5.868834
2.935402
6.640005
2.862481
4.119886
2.434007
3.786989
2.538373
6.175991
4.406428
4.955542
4.031132
3.504431
5.710812
3.609329
4.524754
4.944301
3.931352
4.114278
4.818658
3.771271
6.114556
4.577325
4.355852
5.415393
2.540550
3.019225
2.362662
1.855538
3.078504
2.586836
1.165738
1.783301
2.655704
2.560510
3.268349
2.382024
2.467056
3.387310
4.413817
3.890790
3.468114
2.784570
3.006364
3.360653
2.099043
1.220597
2.588469
3.076005
2.069141
2.214257
2.846821
3.057451
4.311910
3.942656
3.047156
3.755429
2.620267
4.715136
5.225472
4.080836
4.665653
5.250731
7.040836
5.487471
2.871631
3.058958
2.236943
2.466717
2.145491
3.502437
2.775556
1.851333
1.658890
2.572503
2.818217
4.702756
7.080300
3.875568
4.436757
6.502389
2.526114
3.188778
2.496349
2.974280
3.759432
2.010388
2.294126
2.209330
0.928438
0.811956
2.933569
1.382792
1.765977
1.758931
1.762852
3.246003
1.722342
1.741622
1.295834
1.853365
2.245182
1.992494
1.874577
1.669074
2.755757
1.936831
3.526644
5.793677
8.112962
7.435591
8.001095
6.636327
6.074041
5.504053
5.295684
3.742698
3.604737
6.235503
8.983147
6.591168
4.871584
6.779331
5.558229
5.254621
5.029463
6.586035
3.125153
6.334054
3.358406
5.373412
4.697704
2.430432
1.292583
1.715493
1.189746
1.230849
1.589643
1.035359
1.728121
2.069017
2.297783
2.283354
2.940340
5.381708
4.204970
7.529902
6.244532
4.682249
10.124007
4.554796
6.136604
3.226828
6.563468
5.623024
5.150902
4.399935
8.826934
5.267622
5.305080
7.578830
7.624942
6.435709
5.379946
3.623632
6.421920
6.156266
6.213078
9.461703
10.055016
6.771936
3.352473
3.546277
6.468812
3.131013
2.322272
3.821876
4.319666
2.287065
5.244883
3.518059
3.874246
5.770984
5.078293
4.472144
1.758433
2.025185
2.861279
1.454779
2.551832
1.715159
2.481268
2.500607
2.003161
2.514042
4.361641
1.803542
1.640686
2.701262
3.738224
3.482049
3.775710
2.945848
5.276897
2.542274
4.952419
5.567444
6.418025
8.635809
5.462756
6.313682
3.333032
2.371934
2.676849
2.291662
1.846231
1.900379
1.317863
1.430517
1.130792
1.305358
1.429484
0.788192
1.316441
1.031747
1.878828
3.641523
1.406731
3.772648
2.550332
2.872294
1.697085
4.028424
3.529084
3.879070
3.724467
3.623471
4.671922
3.798581
3.556327
3.450515
4.020133
4.167699
4.412424
3.973207
4.187625
2.259685
3.604146
1.314045
1.538474
2.524816
2.218511
1.610678
3.642691
2.400549
4.456175
2.714823
7.295107
2.861825
2.569043
2.081963
2.344376
2.981349
3.147851
2.448003
1.563049
2.432752
3.365816
4.869742
4.309429
3.890723
4.653617
3.055390
3.607518
2.783497
1.536548
1.875758
2.245880
1.431731
1.251306
1.253849
1.607751
2.182452
1.240612
1.717166
1.873146
2.602555
2.261581
2.271864
1.982384
2.483024
1.783223
0.854597
3.909487
2.029698
2.830550
3.267166
3.054831
3.648441
1.978462
2.866789
3.158610
2.374006
3.329267
2.210404
2.298794
2.736114
3.312801
2.357826
2.403933
2.838460
7.494371
7.520301
6.025583
12.913009
9.862665
8.029181
7.315880
7.376942
5.081740
4.646452
7.305470
3.397360
3.687845
2.547940
2.431463
2.645268
3.485422
2.338081
3.228348
1.933721
1.845291
1.907543
1.848298
2.592216
2.505564
4.580867
2.043000
3.287172
2.462331
4.212838
3.751620
2.750422
4.344775
5.275163
3.193906
4.597781
6.430776
4.942671
5.586232
4.575768
4.225828
2.849221
3.677859
5.406737
6.079090
7.987615
8.058221
6.674101
10.145720
9.704661
11.329231
9.678436
14.974591
12.211265
6.144083
3.918723
4.137146
3.986176
2.673358
5.485493
1.897509
1.583555
1.830843
1.830105
1.701595
2.654378
2.059251
1.930469
1.778074
2.375083
3.085591
4.111440
1.983229
5.542542
7.105834
6.319788
2.818662
5.060287
3.270404
4.122553
4.848056
3.010372
3.014158
4.566611
2.700843
2.412163
3.239896
1.867633
1.963917
3.915586
1.405758
2.693725
2.213964
1.980441
2.065038
2.387527
1.253700
1.275406
1.189951
1.943580
2.460879
1.494367
3.851835
1.827964
3.214869
4.224807
4.137798
2.830287
4.608404
4.897484
5.167821
3.479859
3.821563
2.645084
3.285818
4.049751
4.628970
2.679003
2.415523
2.433978
3.491691
3.830859
4.433179
3.066501
4.639058
4.150957
4.333768
5.655443
5.362234
3.813010
2.900540
1.900236
1.638600
1.570314
2.746499
3.253000
2.159417
1.882665
1.892367
2.033807
2.655322
2.620642
2.238406
1.958017
2.126472
1.883030
1.950244
2.569537
3.154898
2.620831
4.159371
1.730583
4.737753
5.835052
3.265996
6.172945
5.297851
9.187775
10.221239
5.629713
7.251391
4.044805
3.832264
3.468975
2.688525
3.361985
2.306259
1.905930
1.946921
2.722568
1.634545
2.285640
2.685197
3.278076
1.833977
2.393548
2.602569
2.969127
2.816377
3.472830
4.171585
2.547424
3.957112
4.412264
1.962900
2.033752
1.664979
2.400038
2.668489
2.345602
2.833188
2.383133
3.358824
1.519069
3.813135
2.770399
2.939364
6.363305
6.504309
3.165068
3.615031
2.904694
4.629514
1.920160
1.925841
1.780844
2.357239
1.806383
1.870234
2.696906
2.353704
2.509000
1.196273
1.561584
2.129425
2.263438
1.937729
1.874917
2.920004
3.334458
1.808943
2.514512
2.243029
2.706248
1.463319
1.652872
2.080636
1.635958
2.185356
2.497499
0.934811
2.728625
3.372268
3.885376
2.118781
4.511132
5.218091
3.187255
7.166543
6.785408
16.391685
9.879877
10.085503
6.925966
6.208754
3.551692
6.379476
4.064044
4.085561
4.108887
2.813857
6.135975
4.216271
4.117132
5.775588
3.968929
8.177393
4.795019
4.327174
2.420015
2.123564
2.541417
2.063210
3.955710
1.406877
3.353904
2.387805
2.351974
3.387333
1.123470
2.530656
3.018893
1.534929
3.948887
3.098943
4.130179
2.943313
2.524085
4.071789
3.172358
2.248888
1.737358
2.919673
1.325147
2.209483
2.775053
1.426565
1.594220
1.643960
2.758270
1.952262
1.235830
2.146009
1.240153
1.863127
1.872693
1.541686
1.470909
2.354794
2.260837
3.067793
3.567125
2.594340
4.112125
2.818308
3.296619
3.053155
1.796805
3.369384
2.426862
3.637540
4.605491
4.947203
5.884970
2.010198
6.344452
4.556755
6.767984
10.067787
3.363991
6.230485
7.418115
7.521487
7.236058
8.054553
8.381337
6.281854
4.940165
4.710549
5.838500
6.933437
6.742394
5.550513
5.562898
2.333587
3.011495
3.026210
3.274236
4.385593
1.571669
1.630323
3.585677
2.448956
2.418884
2.011446
2.456797
1.569170
1.583497
1.126470
2.689845
2.587409
1.903916
3.054208
3.660192
4.857008
8.605296
9.971242
8.354756
8.202096
10.203145
5.658378
9.030607
16.343187
15.503576
18.510284
11.759698
9.795156
6.420119
4.974315
6.409599
3.716469
4.873917
4.436101
4.307801
4.608989
3.287841
3.000188
2.691243
3.605638
3.612087
3.216318
2.915125
2.506213
3.069558
2.595960
3.649413
1.609376
3.382761
4.054101
4.753241
3.420382
2.531328
3.568135
3.270085
3.927928
3.690727
2.873742
3.021962
3.035456
2.601033
2.032675
3.322584
2.876189
2.612250
7.423415
7.502367
8.453825
6.292209
8.071672
7.279927
5.569229
5.165561
5.896434
2.747933
4.260779
3.401159
2.276192
4.030196
1.907337
2.584604
1.119863
1.490657
1.021214
1.786201
2.086030
1.465769
3.059238
2.783272
2.900352
1.374403
2.502855
1.884169
1.208622
2.497609
1.376853
1.721369
1.931802
1.751527
2.276471
2.780308
1.329876
1.961610
2.784125
2.120540
2.260563
2.557332
2.262055
2.500827
2.631839
1.805704
1.942050
1.695928
2.665315
2.220591
2.628007
2.868842
2.560486
2.853393
2.207456
2.574363
2.329173
3.335526
2.735052
3.310327
5.160796
2.838128
2.346279
2.631550
5.543660
6.885725
5.005381
4.951876
4.571935
4.795206
4.362869
5.009261
2.971612
3.203302
3.377029
2.051389
2.263513
1.960393
4.199176
1.790349
1.942158
1.781563
2.474550
2.277296
1.924383
1.424966
2.296003
1.830722
2.643782
1.294318
2.295315
1.862031
1.637661
1.642122
2.811878
1.968777
1.516742
1.710372
1.950212
1.792701
2.933144
3.497846
4.101228
3.068455
5.550676
4.044517
2.449546
2.626504
1.455107
2.250050
3.484053
2.525555
2.426381
2.963324
3.139916
2.339550
2.557380
3.831750
3.450954
2.896842
2.603335
3.166230
2.366957
2.970120
2.986244
2.453831
2.740304
3.528151
2.160576
2.911533
2.167870
1.950712
2.049171
2.677199
2.652385
1.850378
2.133447
2.090273
1.811669
3.002073
3.594225
3.133268
4.746776
3.894766
3.449510
2.935979
3.205142
3.308428
3.986204
3.268960
3.309943
1.583665
4.290370
4.030405
1.913550
4.347836
1.500719
2.831873
1.860121
3.051348
1.851332
2.303988
1.844626
2.177970
1.857924
2.817829
2.156221
1.739539
1.262170
1.976740
1.638373
2.262764
2.169787
2.560461
2.975003
4.230189
8.705075
6.244462
6.475132
4.056854
4.742280
4.649369
6.544495
6.899779
4.814732
3.830705
2.586811
2.654806
3.173389
2.979552
2.001829
3.134082
2.481143
1.732628
1.993735
1.819803
1.878684
1.651748
1.734942
3.062667
1.568050
2.020236
1.887973
2.304297
3.199149
1.877272
2.004731
2.880190
1.852435
1.987607
1.391961
1.923905
2.303437
0.979686
1.479714
1.575470
1.232127
1.783756
1.259969
2.303673
2.693351
2.154310
3.098470
2.433386
2.631838
2.739842
2.284511
4.175727
3.222480
6.167643
4.632681
7.914473
8.336619
9.708014
4.868115
7.884040
5.213914
5.340190
3.881672
5.043652
4.339863
2.828505
5.569149
4.136663
3.518369
4.802567
2.570847
4.038110
4.111473
3.472659
4.477219
4.208516
3.275933
3.538973
2.856969
1.555676
2.413585
2.125702
3.829678
4.863904
7.040086
2.658854
4.604728
4.348903
7.246446
4.749478
3.815794
5.257782
5.885949
3.762296
3.609726
2.920017
3.343715
2.826760
1.578859
2.366236
1.868225
2.857389
1.102374
1.930768
1.455268
1.601462
1.406137
1.425094
1.516501
1.796842
1.989552
1.142925
1.949328
2.056121
3.768002
3.011118
3.539336
4.476368
3.351978
3.225480
4.051658
1.907974
3.130219
4.381236
3.593117
2.045573
2.385896
1.659811
2.259916
2.137809
2.035990
1.592123
1.180900
3.000921
2.430247
2.435676
2.285333
2.169011
1.824907
3.488239
2.306057
1.436018
2.510334
3.186336
4.504463
3.713881
5.804039
5.088045
4.516777
6.079957
5.890535
3.226792
6.765358
3.687173
5.178945
2.790505
3.209013
4.331851
3.381877
2.766519
2.847795
1.989405
2.855408
3.344008
3.041846
2.014219
2.839547
0.954607
1.856987
1.255910
1.301660
1.615499
1.474331
1.914461
2.754879
2.959421
7.824666
7.942026
9.692904
12.631968
10.096778
8.941025
7.907849
9.310366
8.015107
5.522056
2.883641
3.121952
3.053794
1.627582
2.735124
2.477321
2.361789
2.162380
1.477777
1.583103
1.521049
1.090942
1.787458
1.786485
1.326711
1.042232
1.171026
1.895172
2.102421
1.971085
2.461551
1.325984
3.615045
4.912182
2.190967
1.422130
2.238045
2.158184
4.260675
2.442142
4.890470
3.076121
2.893858
4.387867
3.167554
3.053157
3.605333
4.012082
2.209498
3.755571
1.185314
3.200954
1.951941
1.592801
2.500203
2.313422
2.342118
1.688906
1.923106
1.818794
2.478930
2.991997
1.849873
2.700177
1.578341
4.169019
4.026662
2.818519
3.476106
3.808948
2.718353
4.660548
3.280280
3.649549
1.468585
3.526369
2.855831
2.569713
3.752026
2.614922
2.819547
2.192304
2.717072
2.553304
3.042124
1.865438
1.820545
1.863382
1.948618
2.809256
2.297695
2.587687
2.704894
2.270105
1.805952
2.597819
1.670015
2.722380
5.332732
5.186414
4.576301
5.271774
4.996096
5.253318
4.121180
3.007385
4.564153
1.926250
2.196906
3.051406
5.698069
1.881879
1.578453
2.161042
1.813221
1.973023
2.008848
1.258901
1.322251
1.553917
1.497047
1.206990
1.528327
1.403169
1.360475
2.072155
1.688745
1.443764
1.472439
2.125892
1.373792
1.495413
1.123956
1.310985
1.179314
1.220159
1.044220
1.879138
1.306942
1.832195
1.296830
1.711890
1.093362
1.080980
1.029180
0.966105
0.880686
0.842555
0.948535
0.906964
0.726336
1.265428
1.125251
1.098644
0.963884
1.220581
1.013310
0.950853
0.673108
1.078580
2.977661
1.794925
1.932186
2.045022
1.347373
2.086380
1.602515
2.628700
2.357341
4.615651
4.348937
2.612446
1.258758
1.392431
0.828646
0.909083
1.504657
1.804625
0.885759
0.941768
2.067331
5.099092
6.077525
7.127876
2.065372
2.100009
4.525959
2.519712
2.521541
1.604578
1.190820
1.387576
1.275803
1.459584
1.391104
1.381215
2.007738
2.418696
2.725510
2.156477
1.753386
1.844715
1.220482
2.265638
1.862397
1.540324
1.791490
1.494208
2.159173
1.850960
1.904995
2.508364
2.390052
1.513106
1.362948
1.450323
0.861015
0.754442
1.230059
0.981899
1.082941
0.881703
0.782868
1.144370
1.211399
1.213453
0.853863
1.137322
1.137506
1.951150
1.817285
3.031353
1.821059
3.601318
4.774425
3.725638
2.360514
2.110864
1.308134
1.105785
0.946020
0.900903
1.051978
1.051098
1.488445
1.838489
1.121922
1.276249
1.447537
1.179228
1.191663
1.746755
1.609181
2.642318
1.854315
1.408586
1.754274
1.274475
1.678375
1.523702
2.223066
1.341660
1.005819
1.139845
1.155092
1.319489
0.894066
1.035518
0.958492
0.933690
0.932536
0.945008
1.075849
1.190676
1.000749
0.998024
0.951422
1.022915
0.962257
0.879156
1.381172
1.350075
1.558577
0.941060
1.208206
0.863563
0.774119
1.228487
1.433370
1.009072
1.435072
0.997801
1.081699
1.329349
1.004841
0.834693
0.921214
0.957482
0.801945
0.755017
0.727653
1.079683
1.158811
0.852301
1.007105
0.991317
1.101817
1.069610
1.010507
0.852462
1.246491
1.167964
0.916191
1.128755
1.799224
2.834369
1.211796
1.180464
2.592171
1.483759
2.200590
1.120890
1.318064
2.083518
2.380225
2.759916
2.019353
1.829499
1.317842
1.247062
1.573993
1.269068
1.493633
1.596178
1.142325
1.370257
1.510850
1.568802
1.191795
1.275664
0.792416
1.049713
1.307471
1.286542
1.608611
1.193497
1.548921
1.455636
1.085831
3.430291
4.660314
1.905215
2.492227
2.012976
0.961366
0.884181
1.378587
1.006215
1.372963
0.928281
0.848698
1.490667
0.834166
1.180413
1.111118
0.660561
0.803873
0.916275
1.078276
1.023259
1.258818
1.504783
1.175019
1.227968
1.571563
1.315665
1.949016
1.198038
1.089815
1.296970
1.274634
1.029004
1.287449
1.162584
1.281735
1.449613
1.070036
1.595047
1.807452
0.749437
1.412509
0.971285
1.183371
0.800088
1.157813
1.306318
1.267913
1.034778
1.207623
1.035205
0.940748
0.841172
0.994361
0.926228
1.189464
0.787377
1.176006
1.210502
1.494167
1.593574
1.820063
1.505858
1.204451
1.198131
1.258039
1.244958
1.151461
0.734638
0.871990
0.911876
0.941955
1.135890
1.429585
1.812587
1.646192
0.990948
1.332602
1.126132
1.042012
1.190132
0.787698
1.000976
1.136805
1.004488
1.143572
0.910737
1.302828
0.859927
1.006988
0.975346
0.935508
1.222355
0.891746
0.833698
1.109694
1.484281
1.407129
1.252594
1.150755
0.926583
1.302817
1.149075
1.568717
1.241737
0.979349
1.425535
1.101291
0.943576
0.918446
1.198600
1.139650
1.330135
1.248267
1.175213
0.913390
0.840753
1.340472
0.987436
1.669080
1.310026
1.649043
1.636875
1.676068
1.356021
1.360991
1.278896
1.800748
1.209322
1.123982
0.880146
0.909727
1.095769
0.847146
0.957279
0.890752
1.092291
1.227366
1.535850
0.862187
1.027676
1.048792
1.232999
1.253014
1.249666
1.841855
1.435785
1.510400
1.511230
0.827908
1.174349
0.856410
1.351936
0.800618
1.100619
0.609061
0.829940
0.633548
0.896035
0.866903
0.815833
0.907510
0.786040
0.907287
0.949763
1.584932
0.969981
1.116157
1.074962
0.897254
0.904481
1.088023
1.243813
0.521608
0.752592
1.137937
0.585592
1.191421
1.113342
1.320384
1.275229
1.068759
1.698854
1.473073
1.364972
1.550511
1.174798
1.181179
1.013686
1.464808
1.321090
1.695709
1.610245
1.215037
1.221499
0.950300
0.771961
1.548743
1.056846
1.023044
1.238688
1.119311
1.034732
1.082542
1.254405
1.171922
1.081432
1.519862
1.432246
0.900106
0.855062
1.506065
1.289223
0.960766
0.796970
1.264732
1.146577
1.202351
1.195838
0.968941
0.734242
1.096885
0.906006
1.063721
1.028708
1.089206
0.891017
0.956940
0.888675
1.010413
1.071568
1.278996
1.297952
0.939506
1.020251
1.022190
1.623260
1.368440
1.023451
1.294581
1.525315
1.606814
0.817604
1.107563
1.000665
1.069016
0.894537
1.220396
0.995012
0.738473
1.276666
1.020970
1.190345
1.148764
0.981122
1.116255
1.253348
1.086210
1.516700
1.288254
1.368732
0.763236
0.812900
0.911293
1.223230
0.933356
1.021518
0.942262
1.111462
1.397130
1.692744
1.963338
2.144343
1.386769
1.243993
1.221354
1.166722
0.949764
1.409711
0.790711
1.277929
1.276953
0.926698
0.673374
0.863376
1.073125
1.059331
0.733672
1.580670
0.654377
1.335388
1.567841
1.052342
1.259010
0.762627
0.997563
1.215886
1.321124
0.785563
1.041672
1.052224
0.861700
0.821650
1.296338
1.538581
1.474318
1.226555
1.200944
1.109073
0.919313
1.233385
1.231117
0.895265
1.032440
0.860951
1.011808
0.777113
1.001683
0.920700
0.973776
0.893336
0.829027
1.108369
0.814507
0.844642
0.952446
1.243494
1.073892
0.975119
0.777586
0.846740
1.231807
1.120521
0.621077
1.268693
1.172586
1.009821
0.896715
1.295072
1.108950
1.292934
1.226465
1.194795
1.377688
1.148093
1.113709
1.852905
1.536201
1.344784
1.109330
1.446815
0.859320
1.401788
1.334205
1.475288
1.608844
1.193199
1.161145
1.031060
0.965549
1.183838
0.952130
1.087804
1.267699
1.080937
1.048374
0.819141
0.714589
0.950812
1.165968
1.104151
1.066480
1.238402
1.230620
1.023172
1.027297
1.266587
0.833107
1.337989
0.994465
0.711023
0.783808
0.855848
0.875977
0.771750
1.240194
0.913418
1.005359
0.794472
0.968466
0.864269
0.788845
0.669779
0.819017
0.996504
1.082319
1.346235
1.115948
0.894036
1.398705
0.917949
1.030979
1.184414
0.899649
0.992617
1.229034
0.855187
1.354671
1.396600
1.020610
1.214366
1.204044
0.871717
0.823356
1.049308
1.323982
0.996803
1.077809
1.054367
0.933923
0.866882
1.087141
0.753377
0.953196
1.318401
1.055206
1.325441
0.995546
1.286171
1.371002
1.412036
1.011495
1.371235
0.909937
1.377122
0.907934
0.891781
1.076748
1.078026
1.004346
0.720390
0.918439
0.661902
0.919071
1.011408
0.836732
0.881964
0.887313
0.966331
0.847331
0.892297
1.280803
1.382750
0.924211
1.161960
1.309623
1.105069
1.109796
1.340199
0.997810
1.511492
0.994416
0.997481
1.198184
1.129971
1.386925
1.333198
1.417514
0.943593
1.220767
1.399842
0.572507
1.309279
1.198917
1.155619
1.016356
0.941346
0.924694
1.197586
0.881487
1.100482
1.084083
1.142778
1.053574
1.224290
1.310151
0.903599
1.073832
0.919999
0.909924
0.837787
1.238420
0.974393
0.946832
1.050589
1.068731
0.871233
0.847498
1.342028
1.030706
0.859879
1.194300
0.923295
0.962296
0.910636
1.317604
1.144468
0.702801
1.052949
1.027759
1.069531
0.928454
0.900590
1.014293
1.190036
1.393401
1.982970
1.635346
1.622219
1.221771
0.963071
0.836144
1.087940
0.950632
0.884351
1.641802
1.493631
1.229564
1.026069
0.720971
1.032344
1.003879
1.511385
1.337789
1.411510
0.780642
1.418183
0.969115
1.327707
0.918480
1.273903
0.997176
1.221788
1.102854
1.261122
1.132570
0.652788
0.940678
0.864589
0.924382
1.133999
0.842667
0.983047
0.912399
1.085066
0.980651
0.993766
1.125165
0.917359
0.781086
0.775028
0.786028
1.235042
0.888435
0.927749
0.931787
1.072009
1.077310
0.917617
1.110033
1.047932
1.020594
0.687772
0.879697
0.793743
0.704039
0.882865
0.845722
0.769663
1.129380
1.033989
1.019074
1.581875
1.147419
1.067053
1.390129
0.777017
0.785814
0.864232
1.057385
0.842754
0.824907
1.377186
0.966812
0.898589
0.989915
1.320596
1.016696
1.274297
1.070881
0.982265
0.930618
1.380892
1.316743
1.409666
1.291634
0.939135
0.962910
1.183721
1.092603
1.261846
0.602446
1.012724
0.837142
1.128688
0.740052
0.725089
0.564886
0.757895
1.112790
0.667525
0.944508
0.904027
0.970203
0.883987
1.037072
0.969853
0.701350
0.982867
0.902686
1.161841
0.982463
0.989407
0.914547
0.971570
0.847231
1.003217
1.097830
1.201843
1.170028
0.662005
1.164316
1.134031
1.337937
1.149844
0.758519
1.219704
1.269771
1.175664
1.089563
1.131341
0.942682
0.799993
0.916393
0.816425
0.976650
0.995566
1.101746
