epoch,train_loss,train_xent,valid_loss,valid_xent,valid_xent_accuracy,valid_exp_accuracy,valid_xent_qwk,valid_exp_qwk,learning_rate,mb_time,time
1,1.601863,nan,1.516539,nan,0.097099,0.281528,-0.116463,0.626397,0.001000,0.480147,183.751567
2,1.454714,nan,1.390853,nan,0.111678,0.328036,-0.179372,0.732715,0.001000,0.431184,178.081407
3,1.338861,nan,1.287678,nan,0.111824,0.349030,-0.203781,0.768459,0.001000,0.430905,178.019597
4,1.247095,nan,1.208491,nan,0.115615,0.357049,-0.218895,0.757456,0.001000,0.431327,179.949737
5,1.171109,nan,1.139986,nan,0.111095,0.414929,-0.229081,0.783848,0.001000,0.431058,179.939470
6,1.114307,nan,1.088796,nan,0.105263,0.452253,-0.256999,0.804984,0.001000,0.431214,179.747930
7,1.064264,nan,1.045101,nan,0.121446,0.395393,-0.234102,0.811264,0.001000,0.431169,180.676818
8,1.025490,nan,1.017201,nan,0.124800,0.363318,-0.213100,0.770786,0.001000,0.431209,181.185854
9,0.995845,nan,0.979755,nan,0.117947,0.440735,-0.231295,0.839714,0.001000,0.431352,181.710884
10,0.967919,nan,0.958464,nan,0.114740,0.445692,-0.241396,0.825924,0.001000,0.431729,181.936702
11,0.943720,nan,0.935630,nan,0.127861,0.369296,-0.233982,0.805610,0.001000,0.431311,180.996991
12,0.922498,nan,0.914273,nan,0.117364,0.445692,-0.233114,0.839364,0.001000,0.431397,182.624863
13,0.902627,nan,0.898230,nan,0.116489,0.432425,-0.204913,0.835327,0.001000,0.431117,180.249508
14,0.887551,nan,0.883268,nan,0.115615,0.449628,-0.241323,0.843613,0.001000,0.431261,181.156714
15,0.873166,nan,0.875270,nan,0.091559,0.475725,-0.253652,0.825645,0.001000,0.431316,180.776143
16,0.860400,nan,0.857206,nan,0.127570,0.398892,-0.240207,0.841367,0.001000,0.431199,180.944459
17,0.848141,nan,0.847039,nan,0.113282,0.455752,-0.225687,0.841623,0.001000,0.431418,181.870094
18,0.838269,nan,0.835168,nan,0.117510,0.474413,-0.217143,0.863603,0.001000,0.431336,181.378959
19,0.827071,nan,0.829798,nan,0.128444,0.357487,-0.247535,0.836811,0.001000,0.431417,181.672085
20,0.820167,nan,0.819046,nan,0.119551,0.475580,-0.240273,0.859828,0.001000,0.431215,181.615590
21,0.811962,nan,0.810567,nan,0.116635,0.492346,-0.215305,0.871873,0.001000,0.431395,181.274448
22,0.803143,nan,0.803074,nan,0.121738,0.493075,-0.219407,0.874893,0.001000,0.431273,181.419243
23,0.799146,nan,0.799230,nan,0.125820,0.494095,-0.241555,0.859060,0.001000,0.431208,180.809791
24,0.792732,nan,0.792847,nan,0.123633,0.472955,-0.242964,0.871187,0.001000,0.431244,182.221326
25,0.787765,nan,0.786520,nan,0.123342,0.508966,-0.238989,0.876593,0.001000,0.431802,184.030553
26,0.782201,nan,0.782442,nan,0.125674,0.505321,-0.250644,0.879657,0.001000,0.431824,185.666752
27,0.777169,nan,0.779872,nan,0.116635,0.508821,-0.208018,0.858911,0.001000,0.431784,185.728908
28,0.773264,nan,0.776039,nan,0.127278,0.482432,-0.236265,0.873424,0.001000,0.431319,181.522362
29,0.770042,nan,0.772338,nan,0.120717,0.499490,-0.213566,0.879242,0.001000,0.430904,180.296900
30,0.768009,nan,0.769600,nan,0.114886,0.522379,-0.216341,0.882325,0.001000,0.431643,180.121368
31,0.763474,nan,0.764652,nan,0.121446,0.543082,-0.235787,0.883204,0.001000,0.431390,180.694412
32,0.760955,nan,0.765993,nan,0.120426,0.518880,-0.227574,0.863520,0.001000,0.431092,181.622352
33,0.759109,nan,0.762143,nan,0.122175,0.493366,-0.220489,0.873321,0.001000,0.431056,180.874876
34,0.755691,nan,0.757080,nan,0.123342,0.552413,-0.226732,0.891952,0.001000,0.431134,180.727090
35,0.752424,nan,0.755893,nan,0.125674,0.513778,-0.237583,0.886151,0.001000,0.431020,181.285723
36,0.752474,nan,0.756868,nan,0.123342,0.506634,-0.220534,0.868145,0.001000,0.431170,180.816187
37,0.749952,nan,0.755303,nan,0.122029,0.511591,-0.221941,0.869608,0.001000,0.430990,180.880328
38,0.747517,nan,0.749687,nan,0.125091,0.564514,-0.230208,0.896657,0.001000,0.430943,181.204400
39,0.746548,nan,0.749284,nan,0.127278,0.514215,-0.231552,0.886903,0.001000,0.430956,181.113166
40,0.743674,nan,0.748233,nan,0.123779,0.542353,-0.229246,0.884074,0.001000,0.431206,181.097565
41,0.742755,nan,0.745745,nan,0.117072,0.557807,-0.202309,0.891895,0.001000,0.431036,181.158748
42,0.740951,nan,0.743406,nan,0.125820,0.564222,-0.235357,0.902933,0.001000,0.431024,180.994555
43,0.739440,nan,0.742246,nan,0.124508,0.561889,-0.230559,0.904078,0.001000,0.431049,181.488653
44,0.737660,nan,0.743269,nan,0.117510,0.553142,-0.208321,0.893143,0.001000,0.430915,181.242441
45,0.737112,nan,0.739904,nan,0.123050,0.578364,-0.224935,0.906258,0.001000,0.431029,180.450854
46,0.736726,nan,0.742177,nan,0.121884,0.533605,-0.228130,0.890118,0.001000,0.430960,180.737069
47,0.735725,nan,0.739216,nan,0.125674,0.566701,-0.237846,0.898278,0.001000,0.430989,180.953055
48,0.734504,nan,0.738601,nan,0.124362,0.555183,-0.228677,0.893282,0.001000,0.431010,180.911515
49,0.733164,nan,0.736352,nan,0.127570,0.585071,-0.239610,0.905025,0.001000,0.430850,180.934531
50,0.732782,nan,0.735355,nan,0.125966,0.597317,-0.231966,0.910022,0.001000,0.430817,181.549356
1,0.728675,nan,0.733037,nan,0.125674,0.631433,-0.233879,0.921364,0.000100,0.479944,184.596599
2,0.726874,nan,0.731768,nan,0.125237,0.646158,-0.236312,0.926039,0.000100,0.430839,176.481455
3,0.725926,nan,0.731812,nan,0.126257,0.650095,-0.234677,0.925260,0.000100,0.431057,178.675404
4,0.725075,nan,0.730951,nan,0.126112,0.647033,-0.235704,0.926981,0.000100,0.431081,176.987851
5,0.724591,nan,0.730389,nan,0.126841,0.662925,-0.235214,0.929587,0.000100,0.431167,177.568157
6,0.723943,nan,0.730001,nan,0.126112,0.667298,-0.230383,0.930352,0.000100,0.431011,176.954880
7,0.723300,nan,0.729877,nan,0.126841,0.656655,-0.235778,0.926926,0.000100,0.431066,177.940306
8,0.722680,nan,0.729297,nan,0.126403,0.660446,-0.234090,0.928582,0.000100,0.431173,178.642516
9,0.722239,nan,0.728995,nan,0.126112,0.669194,-0.236169,0.929917,0.000100,0.431058,178.009091
10,0.721821,nan,0.728544,nan,0.126403,0.658113,-0.232890,0.929736,0.000100,0.431184,177.860636
11,0.721346,nan,0.728485,nan,0.125529,0.663508,-0.230337,0.929261,0.000100,0.431065,177.656105
12,0.720751,nan,0.728241,nan,0.126986,0.674297,-0.235123,0.930031,0.000100,0.430958,177.268371
13,0.720459,nan,0.727940,nan,0.126841,0.668319,-0.232399,0.929513,0.000100,0.431144,177.303269
14,0.720082,nan,0.727246,nan,0.126986,0.676192,-0.233795,0.934085,0.000100,0.431138,177.127319
15,0.719591,nan,0.727192,nan,0.126403,0.680274,-0.229017,0.931019,0.000100,0.431127,177.825687
16,0.719360,nan,0.727027,nan,0.125820,0.676483,-0.229370,0.931669,0.000100,0.431229,178.127161
17,0.719047,nan,0.727494,nan,0.125674,0.669485,-0.229748,0.927895,0.000100,0.431172,177.929008
18,0.718615,nan,0.727567,nan,0.123779,0.667298,-0.223799,0.924484,0.000100,0.430977,178.534366
19,0.718267,nan,0.726460,nan,0.126695,0.677650,-0.233309,0.930038,0.000100,0.431204,178.922908
20,0.717919,nan,0.725813,nan,0.127132,0.685523,-0.234041,0.933436,0.000100,0.431241,179.494984
21,0.717742,nan,0.725718,nan,0.126257,0.683482,-0.228684,0.933635,0.000100,0.431253,179.670373
22,0.717415,nan,0.725505,nan,0.127424,0.682024,-0.234130,0.933239,0.000100,0.431071,178.316862
23,0.717123,nan,0.725508,nan,0.127278,0.680857,-0.234318,0.932295,0.000100,0.431160,178.763899
24,0.716657,nan,0.725600,nan,0.125820,0.679254,-0.228561,0.931509,0.000100,0.431081,178.925363
25,0.716435,nan,0.724666,nan,0.126986,0.689459,-0.234822,0.933307,0.000100,0.431097,178.733080
26,0.716360,nan,0.725046,nan,0.126841,0.688584,-0.234714,0.932708,0.000100,0.431137,179.316015
27,0.715926,nan,0.724522,nan,0.126695,0.691938,-0.235068,0.933077,0.000100,0.431040,178.564849
28,0.715712,nan,0.723783,nan,0.128299,0.685960,-0.240218,0.935660,0.000100,0.430934,179.263193
29,0.715468,nan,0.724110,nan,0.125674,0.696749,-0.229070,0.934728,0.000100,0.431044,179.184253
30,0.715129,nan,0.724285,nan,0.126257,0.684356,-0.229430,0.931182,0.000100,0.431068,178.616885
31,0.714992,nan,0.723857,nan,0.126986,0.693687,-0.234068,0.933900,0.000100,0.431051,179.437189
32,0.714737,nan,0.723632,nan,0.126986,0.688439,-0.233982,0.933860,0.000100,0.431115,179.609814
33,0.714556,nan,0.723434,nan,0.126986,0.692667,-0.231227,0.933083,0.000100,0.431237,179.228647
34,0.714286,nan,0.722858,nan,0.127278,0.702872,-0.237122,0.935140,0.000100,0.431134,179.904454
35,0.714008,nan,0.722742,nan,0.126986,0.698644,-0.235653,0.935608,0.000100,0.431178,180.619097
36,0.713862,nan,0.723012,nan,0.126695,0.685960,-0.232593,0.931302,0.000100,0.433323,180.104804
37,0.713591,nan,0.722772,nan,0.127715,0.693687,-0.232652,0.934464,0.000100,0.431349,179.482826
38,0.713544,nan,0.722959,nan,0.125966,0.693687,-0.226693,0.932379,0.000100,0.430666,170.434131
39,0.713437,nan,0.722424,nan,0.127278,0.689459,-0.233117,0.932045,0.000100,0.433343,171.952951
40,0.713095,nan,0.722391,nan,0.128007,0.700539,-0.233350,0.933317,0.000100,0.430706,171.496854
41,0.712902,nan,0.721883,nan,0.128590,0.700394,-0.231957,0.935980,0.000100,0.430760,170.621607
42,0.712862,nan,0.722399,nan,0.126695,0.698207,-0.229025,0.931375,0.000100,0.430799,170.691607
43,0.712645,nan,0.721763,nan,0.129173,0.699373,-0.236308,0.935129,0.000100,0.430742,170.886977
44,0.712281,nan,0.722758,nan,0.125529,0.682607,-0.197833,0.928978,0.000100,0.430800,170.639585
45,0.712372,nan,0.721977,nan,0.127424,0.689168,-0.213486,0.931949,0.000100,0.430550,170.479638
46,0.712064,nan,0.721268,nan,0.127132,0.694999,-0.205938,0.935687,0.000100,0.430687,170.393063
47,0.711847,nan,0.721168,nan,0.127715,0.700102,-0.217910,0.935842,0.000100,0.430867,170.837212
48,0.711583,nan,0.721467,nan,0.127278,0.693541,-0.175168,0.932084,0.000100,0.430729,170.409878
49,0.711589,nan,0.721533,nan,0.128299,0.693250,-0.195972,0.930628,0.000100,0.433291,170.526994
50,0.711440,nan,0.721155,nan,0.127715,0.694708,-0.126831,0.932908,0.000100,0.430671,170.516734
51,0.711379,nan,0.720932,nan,0.128444,0.699081,-0.149881,0.933407,0.000100,0.430694,170.384525
52,0.711243,nan,0.720750,nan,0.127715,0.701706,-0.124041,0.934355,0.000100,0.433360,170.810615
53,0.711052,nan,0.720812,nan,0.128736,0.700685,-0.150687,0.934402,0.000100,0.431546,188.914022
54,0.710832,nan,0.720076,nan,0.128153,0.701414,-0.133007,0.935509,0.000100,0.434667,193.807446
55,0.710744,nan,0.720316,nan,0.128882,0.714098,-0.082574,0.936069,0.000100,0.430777,169.993724
