epoch,train_loss,train_xent,valid_loss,valid_xent,valid_xent_accuracy,valid_exp_accuracy,valid_xent_qwk,valid_exp_qwk,learning_rate,mb_time,time
1,39.151737,38.281857,41.487213,40.615513,0.136297,0.136297,0.000000,0.000000,0.010000,0.437028,180.307057
2,40.510559,39.640617,41.099636,40.231678,0.136297,0.136297,0.000000,-0.000121,0.010000,0.401003,173.717004
3,11.227417,10.356991,4.215513,3.343635,0.206268,0.198980,0.233830,0.224944,0.010000,0.400877,174.075889
4,3.782696,2.911941,4.219240,3.350053,0.225948,0.239067,0.334813,0.301841,0.010000,0.401016,173.704941
5,3.524629,2.656652,3.472467,2.605644,0.241254,0.217201,0.418167,0.406501,0.010000,0.400852,173.475193
6,2.908705,2.043055,2.551152,1.686935,0.353499,0.353499,0.669353,0.653811,0.010000,0.401072,180.195375
7,2.569235,1.706692,2.483870,1.623027,0.379738,0.377551,0.723255,0.712265,0.010000,0.400871,176.091371
8,2.446217,1.586991,2.418291,1.560711,0.392857,0.395773,0.752892,0.737135,0.010000,0.400968,176.497999
9,2.372951,1.516957,2.445585,1.591214,0.373907,0.380466,0.736381,0.738534,0.010000,0.400737,174.345089
10,2.320905,1.468105,2.310444,1.459245,0.422741,0.431487,0.801898,0.795610,0.010000,0.400986,174.599588
11,2.282573,1.432944,2.295093,1.447053,0.424927,0.429300,0.804228,0.793123,0.010000,0.401164,175.822175
12,2.240293,1.393806,2.285940,1.441011,0.419096,0.427843,0.815061,0.812799,0.010000,0.400644,174.901015
13,2.214667,1.371297,2.212303,1.370500,0.451895,0.451166,0.829853,0.821749,0.010000,0.401087,174.680008
14,2.190039,1.349754,2.220554,1.381825,0.448251,0.440962,0.832372,0.821434,0.010000,0.401020,174.779111
15,2.166820,1.329593,2.180783,1.345104,0.474490,0.481778,0.842810,0.834949,0.010000,0.401158,174.883807
16,2.141286,1.307111,2.189989,1.357344,0.491254,0.508017,0.850069,0.849376,0.010000,0.401040,175.116295
17,2.120974,1.289832,2.155905,1.326291,0.477405,0.487609,0.852634,0.851280,0.010000,0.400978,176.422446
18,2.109294,1.281177,2.143786,1.317196,0.485423,0.501458,0.866602,0.861137,0.010000,0.400873,174.683913
19,2.086995,1.261896,2.151338,1.327739,0.480321,0.491254,0.848837,0.846852,0.010000,0.400991,174.577068
20,2.069036,1.246902,2.132090,1.311461,0.491254,0.490525,0.865294,0.861122,0.010000,0.401005,174.642086
21,2.055078,1.235911,2.100092,1.282416,0.499271,0.526968,0.873725,0.881058,0.010000,0.400918,174.517947
22,2.034707,1.218503,2.118779,1.304069,0.478134,0.515306,0.870039,0.869969,0.010000,0.400906,174.585428
23,2.023728,1.210477,2.095281,1.283517,0.520408,0.521866,0.865470,0.856217,0.010000,0.400745,174.649857
24,2.011640,1.201319,2.095551,1.286696,0.509475,0.527697,0.868722,0.866621,0.010000,0.400923,174.626373
25,2.001141,1.193731,2.077467,1.271541,0.544461,0.543732,0.882750,0.872413,0.010000,0.400814,174.565629
26,1.984384,1.179896,2.057963,1.254938,0.507289,0.540816,0.872776,0.877592,0.010000,0.401166,174.600397
27,1.980941,1.179343,2.045516,1.245373,0.518222,0.553936,0.883698,0.884215,0.010000,0.401085,174.817327
28,1.965886,1.167170,2.052302,1.255031,0.540816,0.553207,0.881539,0.885090,0.010000,0.401246,174.757821
29,1.954033,1.158183,2.072273,1.277864,0.505102,0.526968,0.868511,0.870503,0.010000,0.400929,174.607181
30,1.943444,1.150449,2.068308,1.276756,0.537901,0.564140,0.879835,0.881674,0.010000,0.401092,174.665799
31,1.937108,1.146953,2.052681,1.263953,0.505102,0.548834,0.879113,0.889714,0.010000,0.400941,174.753957
32,1.922129,1.134805,2.012234,1.226341,0.542274,0.567055,0.895231,0.891841,0.010000,0.400843,174.700876
33,1.914030,1.129534,2.007760,1.224691,0.557580,0.584548,0.896821,0.897241,0.010000,0.401053,174.643250
34,1.902640,1.120968,2.014759,1.234516,0.510204,0.566327,0.893178,0.901121,0.010000,0.401055,174.623614
1,1.928435,1.148261,2.018793,1.238756,0.553936,0.585277,0.895309,0.899125,0.001000,0.435318,180.497925
2,1.885191,1.105300,1.999846,1.220103,0.545918,0.586006,0.898650,0.903554,0.001000,0.400710,173.373290
3,1.870334,1.090738,1.999585,1.220139,0.551020,0.588192,0.897557,0.900651,0.001000,0.400893,173.408457
4,1.866433,1.087135,1.993120,1.213972,0.572886,0.591837,0.903751,0.906344,0.001000,0.400896,173.563865
5,1.858354,1.079352,1.991464,1.212613,0.562682,0.601312,0.902240,0.905287,0.001000,0.400830,174.065074
6,1.855708,1.077004,1.976463,1.197909,0.583819,0.609329,0.911178,0.910949,0.001000,0.400599,174.368544
7,1.850411,1.072003,1.993740,1.215482,0.583090,0.622449,0.905989,0.907614,0.001000,0.400783,174.408264
8,1.846520,1.068409,1.996744,1.218783,0.556851,0.598397,0.898963,0.903784,0.001000,0.400745,174.314966
9,1.843763,1.065950,1.986005,1.208341,0.584548,0.615160,0.906823,0.908708,0.001000,0.400483,174.406541
10,1.845431,1.067915,1.977087,1.199721,0.586006,0.627551,0.906043,0.909566,0.001000,0.400767,174.511266
11,1.839088,1.061869,1.983797,1.206727,0.574344,0.612974,0.905615,0.908501,0.001000,0.400863,175.040395
12,1.837668,1.060746,1.991903,1.215130,0.583090,0.618076,0.904913,0.907256,0.001000,0.400495,174.377329
13,1.836855,1.060229,1.991579,1.215102,0.551749,0.607143,0.903790,0.910264,0.001000,0.400774,174.528005
14,1.833703,1.057374,1.996132,1.219953,0.590379,0.607143,0.902261,0.901987,0.001000,0.401045,174.556551
15,1.832122,1.056090,1.999695,1.223813,0.583090,0.604227,0.904751,0.904423,0.001000,0.401160,174.410040
16,1.827789,1.052053,2.001089,1.225503,0.575802,0.601312,0.898624,0.903246,0.001000,0.400879,174.361864
17,1.828616,1.053177,1.966337,1.191049,0.585277,0.622449,0.908796,0.909661,0.001000,0.400638,174.353320
18,1.824805,1.049663,1.984584,1.209591,0.572886,0.613703,0.902795,0.907368,0.001000,0.400944,174.455394
19,1.826369,1.051524,1.984835,1.210140,0.569971,0.604956,0.907470,0.910191,0.001000,0.400872,174.550726
20,1.822142,1.047595,1.994992,1.220595,0.587464,0.602041,0.907073,0.907293,0.001000,0.400745,174.486756
21,1.819909,1.045658,1.978728,1.204626,0.553207,0.610787,0.904904,0.910238,0.001000,0.400689,174.783837
22,1.819047,1.045092,1.977739,1.203933,0.553936,0.600583,0.907052,0.911425,0.001000,0.401011,174.455017
23,1.817858,1.044199,1.980328,1.206817,0.570700,0.602041,0.905536,0.906100,0.001000,0.400704,174.541433
24,1.811950,1.038585,1.977580,1.204364,0.588192,0.626093,0.908526,0.909885,0.001000,0.400826,174.524390
25,1.813344,1.040275,1.997840,1.224921,0.576531,0.594752,0.905909,0.905782,0.001000,0.400828,174.508312
26,1.810779,1.038005,1.973561,1.200937,0.577988,0.618076,0.907149,0.909319,0.001000,0.400768,174.523674
27,1.808844,1.036367,1.981674,1.209346,0.587464,0.615160,0.905739,0.907927,0.001000,0.400868,174.460394
