epoch,train_loss,train_xent,valid_loss,valid_xent,valid_xent_accuracy,valid_exp_accuracy,valid_xent_qwk,valid_exp_qwk,learning_rate,mb_time,time
1,4.141202,6.013591,3.740348,6.041240,0.276968,0.270408,0.314646,0.315817,0.001000,0.438038,349.761443
2,3.299268,7.486960,3.201153,7.599207,0.269679,0.265306,0.468048,0.466751,0.001000,0.401561,339.478623
3,2.976468,8.029152,2.958878,8.174961,0.301020,0.300292,0.510714,0.510967,0.001000,0.401471,327.882456
4,2.831963,7.833683,2.687018,8.316627,0.325073,0.325802,0.580422,0.580907,0.001000,0.400935,321.291518
5,2.709226,7.959116,2.690967,7.765585,0.332362,0.331633,0.567972,0.568698,0.001000,0.400855,329.973954
6,2.615293,7.999907,2.648088,8.168896,0.311224,0.311224,0.578178,0.577628,0.001000,0.401365,322.691841
7,2.532645,7.889433,2.570456,8.036097,0.322157,0.320700,0.559835,0.559528,0.001000,0.401153,327.618784
8,2.466945,7.873970,2.447310,8.128333,0.355685,0.351312,0.608990,0.608165,0.001000,0.401489,334.064522
9,2.421848,8.164518,2.529253,7.936936,0.344752,0.344752,0.571761,0.575011,0.001000,0.401604,328.828046
10,2.415877,8.119073,2.353933,8.340793,0.351312,0.352770,0.615962,0.616035,0.001000,0.400950,321.418408
11,2.296025,8.112365,2.273812,8.216165,0.362974,0.362974,0.636643,0.634379,0.001000,0.401158,348.109195
12,2.294239,8.257016,2.286615,8.315428,0.360058,0.360787,0.620371,0.619702,0.001000,0.401325,326.552680
13,2.268318,8.004616,2.224709,7.740585,0.380466,0.377551,0.632143,0.629732,0.001000,0.401850,331.989967
14,2.225809,7.659523,2.195876,7.909094,0.362245,0.362245,0.631672,0.631470,0.001000,0.401079,322.441903
15,2.149206,7.778947,2.177493,8.030844,0.378280,0.376093,0.637086,0.639262,0.001000,0.400758,322.240919
16,2.154581,7.564536,2.182468,7.675316,0.372449,0.368805,0.621503,0.621931,0.001000,0.401145,322.504973
17,2.143458,7.495687,2.097425,7.281821,0.362974,0.363703,0.640280,0.640766,0.001000,0.401037,332.812553
18,2.093923,7.197855,2.095636,7.646682,0.376093,0.376093,0.643926,0.644803,0.001000,0.401502,335.223732
19,2.060892,7.097487,2.053006,7.099817,0.394315,0.395773,0.648301,0.648842,0.001000,0.401255,323.898081
20,1.881061,5.981035,1.799530,5.845389,0.389942,0.381924,0.714250,0.715421,0.001000,0.401129,327.072954
21,1.789598,5.802734,1.870035,5.944819,0.346210,0.343294,0.694187,0.694213,0.001000,0.401363,325.179470
22,1.769492,5.539507,1.758697,5.481544,0.398688,0.394315,0.714950,0.713095,0.001000,0.401044,330.295471
23,1.681023,5.651122,1.720855,5.346891,0.413265,0.407434,0.720714,0.722627,0.001000,0.401406,323.125731
24,1.681818,5.720337,1.732488,5.641230,0.408892,0.408163,0.736220,0.738684,0.001000,0.401479,316.340647
25,1.665370,5.303774,1.665608,5.206047,0.413994,0.409621,0.753703,0.749453,0.001000,0.401345,320.008163
26,1.598575,4.941849,1.642873,4.191612,0.419096,0.416181,0.750076,0.747878,0.001000,0.401019,323.027861
27,1.108764,3.034924,1.117239,3.207833,0.528426,0.550292,0.875929,0.886452,0.001000,0.401436,327.362392
28,1.002243,2.896331,1.104526,2.930908,0.519679,0.548834,0.863535,0.875790,0.001000,0.401253,328.883853
29,0.971042,2.852511,1.056068,2.943100,0.563411,0.586735,0.882010,0.891262,0.001000,0.401409,325.527628
30,0.944738,2.750109,1.020429,2.800329,0.554665,0.576531,0.888267,0.895289,0.001000,0.401476,321.255715
31,0.972417,2.735140,1.061123,2.858823,0.536443,0.547376,0.875807,0.885073,0.001000,0.400958,312.840733
32,0.932387,2.714104,0.965699,2.768038,0.563411,0.588192,0.891387,0.898319,0.001000,0.401064,318.082379
33,0.882431,2.653644,0.994964,2.693320,0.549563,0.588192,0.886185,0.893433,0.001000,0.401180,316.864025
34,0.873916,2.626924,0.974752,2.553911,0.544461,0.559767,0.873978,0.884412,0.001000,0.401123,312.409882
35,0.880504,2.581877,1.027239,2.394138,0.561953,0.588192,0.874774,0.879391,0.001000,0.400866,318.774136
36,0.868933,2.598481,0.994638,2.505809,0.551749,0.556122,0.869673,0.876181,0.001000,0.400834,313.787294
37,0.837193,2.537374,0.924103,2.534240,0.584548,0.628280,0.891005,0.899813,0.001000,0.400862,307.930876
38,0.800877,2.449745,0.911989,2.494833,0.592566,0.641399,0.892217,0.902105,0.001000,0.400903,307.118485
39,0.784286,2.328906,0.887179,2.372649,0.533528,0.602770,0.886317,0.906561,0.001000,0.401111,312.712738
40,0.702826,2.194483,0.805150,2.294288,0.586735,0.632653,0.911696,0.925191,0.001000,0.400993,310.677592
41,0.702320,2.182434,0.850897,2.306791,0.551020,0.594752,0.899350,0.911319,0.001000,0.400881,308.642622
42,0.710771,2.170738,0.826456,2.322532,0.561224,0.623907,0.906204,0.923538,0.001000,0.401210,308.991673
43,0.647366,2.141896,0.781344,2.165949,0.592566,0.639213,0.915587,0.926834,0.001000,0.401235,303.690557
44,0.617479,2.097146,0.807969,2.203813,0.572157,0.623907,0.897297,0.915572,0.001000,0.400807,325.863788
45,0.633326,2.125352,0.762900,2.232203,0.587464,0.636297,0.910238,0.921927,0.001000,0.400638,302.162562
46,0.638325,2.146190,0.792702,2.206721,0.579446,0.631924,0.902359,0.916953,0.001000,0.400723,299.206594
47,0.612579,2.120067,0.806734,2.263007,0.567784,0.597668,0.904158,0.911964,0.001000,0.400587,301.543775
48,0.630264,2.143251,0.805549,2.255105,0.570700,0.607143,0.910639,0.921435,0.001000,0.400973,305.356378
49,0.610258,2.101952,0.765240,2.190238,0.559038,0.623178,0.908094,0.920751,0.001000,0.401018,299.469091
50,0.581557,2.074564,0.781089,2.238982,0.607872,0.643586,0.913432,0.925627,0.001000,0.400721,301.468816
51,0.551256,2.108455,0.717063,2.234020,0.592566,0.642128,0.917488,0.927435,0.001000,0.400816,301.103421
52,0.564360,2.084101,0.751494,2.170234,0.614431,0.650875,0.913997,0.924616,0.001000,0.401050,304.569222
53,0.552546,2.053871,0.682421,2.117141,0.614431,0.663994,0.922356,0.933503,0.001000,0.400160,305.661056
54,0.533562,2.047923,0.848086,2.174355,0.577988,0.589650,0.877236,0.890688,0.001000,0.400573,294.851214
55,0.582690,2.087421,0.721330,2.095560,0.619534,0.670554,0.919045,0.928438,0.001000,0.401210,298.908550
56,0.519533,2.058176,0.692414,2.156427,0.615889,0.653790,0.920702,0.931456,0.001000,0.400611,300.296004
57,0.526772,2.064502,0.749765,2.241727,0.575802,0.613703,0.907417,0.918348,0.001000,0.401318,299.742405
58,0.547537,2.069627,0.715003,2.154107,0.597668,0.633382,0.918248,0.926998,0.001000,0.400864,304.690379
1,0.483929,1.970358,0.656821,2.112784,0.624636,0.687318,0.926791,0.937969,0.000100,0.475961,183.854504
2,0.450883,1.967809,0.614374,2.131972,0.639942,0.705539,0.934572,0.945662,0.000100,0.437567,176.222825
3,0.437607,1.951859,0.617706,2.105925,0.642128,0.706268,0.931509,0.942276,0.000100,0.438259,176.481152
4,0.427215,1.946175,0.632277,2.124554,0.641399,0.702624,0.926069,0.941062,0.000100,0.438246,177.257791
5,0.415827,1.948884,0.603898,2.075810,0.642857,0.709184,0.932930,0.943046,0.000100,0.438194,177.130637
6,0.409958,1.933378,0.597322,2.113738,0.655977,0.727405,0.937723,0.948595,0.000100,0.438283,177.682411
7,0.402667,1.914151,0.598074,2.088143,0.663265,0.730321,0.931888,0.946432,0.000100,0.438342,178.619650
8,0.397057,1.917262,0.621248,2.139173,0.644315,0.706268,0.924172,0.942955,0.000100,0.437823,176.905091
9,0.391331,1.925639,0.608451,2.102861,0.653061,0.728863,0.929215,0.945681,0.000100,0.437723,177.455404
10,0.387810,1.901860,0.595196,2.121479,0.655248,0.725219,0.932194,0.945101,0.000100,0.437928,177.436568
11,0.381325,1.894286,0.599946,2.103323,0.655977,0.736880,0.930063,0.944980,0.000100,0.436780,177.302492
12,0.376266,1.898523,0.577310,2.093372,0.655977,0.728863,0.935094,0.948093,0.000100,0.437933,177.436225
13,0.374143,1.891591,0.576223,2.098388,0.664723,0.741254,0.930318,0.946670,0.000100,0.437900,177.052342
14,0.367879,1.871016,0.582479,2.126389,0.654519,0.722303,0.933629,0.946592,0.000100,0.437986,177.036324
15,0.364482,1.857308,0.604073,2.088266,0.653790,0.720845,0.926616,0.942290,0.000100,0.437520,177.106748
16,0.359433,1.836464,0.588556,2.129230,0.650146,0.720845,0.928945,0.946367,0.000100,0.437980,177.280401
17,0.358704,1.847884,0.589324,2.097922,0.662536,0.734694,0.933010,0.944150,0.000100,0.437996,177.158107
18,0.354010,1.827471,0.578809,2.079244,0.661808,0.750000,0.929450,0.948172,0.000100,0.437897,176.966755
19,0.350123,1.809198,0.573818,2.070194,0.659621,0.725948,0.935349,0.943362,0.000100,0.437802,177.015161
20,0.347159,1.817307,0.565566,2.091008,0.661079,0.732507,0.934392,0.944677,0.000100,0.436740,177.010350
21,0.343579,1.808699,0.558342,2.027532,0.666181,0.741983,0.929961,0.948271,0.000100,0.436992,177.171043
22,0.341004,1.801894,0.578447,2.070690,0.659621,0.737609,0.930490,0.945382,0.000100,0.437848,176.957797
23,0.337098,1.785111,0.575338,2.105821,0.665452,0.735423,0.931622,0.944887,0.000100,0.438042,177.238916
24,0.335506,1.787708,0.565921,2.060644,0.672741,0.745627,0.932069,0.949081,0.000100,0.438097,177.180945
25,0.329608,1.760062,0.576042,2.111616,0.663994,0.736880,0.932347,0.946261,0.000100,0.437668,177.395691
26,0.330022,1.781908,0.575201,2.075265,0.666910,0.739796,0.931562,0.943444,0.000100,0.438012,177.680916
27,0.327523,1.780253,0.571370,2.040649,0.666910,0.739067,0.925367,0.949100,0.000100,0.437959,177.586576
28,0.324040,1.760087,0.572179,2.073363,0.663265,0.736880,0.928757,0.943922,0.000100,0.438108,177.699341
29,0.318858,1.760934,0.558393,2.065122,0.672741,0.752915,0.934951,0.948442,0.000100,0.438045,177.589046
30,0.317103,1.741251,0.566719,2.083741,0.663994,0.741254,0.933562,0.945524,0.000100,0.437892,177.558064
31,0.316179,1.722960,0.561890,2.034799,0.674927,0.760204,0.933113,0.949094,0.000100,0.438036,176.777894
32,0.313925,1.709334,0.538984,2.045315,0.685860,0.759475,0.940744,0.949907,0.000100,0.438035,176.633044
33,0.308526,1.700373,0.542224,2.035187,0.662536,0.748542,0.933135,0.949393,0.000100,0.438012,176.204530
34,0.309115,1.696461,0.529126,2.043610,0.677843,0.750729,0.939732,0.951742,0.000100,0.438372,177.482098
35,0.307899,1.715510,0.570407,2.025551,0.674198,0.754373,0.934737,0.945134,0.000100,0.438673,178.302317
36,0.304430,1.707980,0.549018,2.043441,0.677843,0.754373,0.931381,0.947902,0.000100,0.438751,178.991370
37,0.300751,1.713305,0.540610,2.037196,0.681487,0.773324,0.931030,0.952931,0.000100,0.437594,179.311536
38,0.299015,1.699589,0.563633,2.058054,0.669825,0.744898,0.930122,0.944473,0.000100,0.437604,178.998576
39,0.297625,1.692787,0.542804,2.043081,0.663994,0.742711,0.934909,0.949424,0.000100,0.438805,179.009486
40,0.293445,1.658668,0.567803,2.056060,0.674927,0.747813,0.931751,0.946616,0.000100,0.437529,178.966107
41,0.296356,1.674303,0.546543,2.119674,0.662536,0.743440,0.936799,0.950363,0.000100,0.437239,178.880745
42,0.294699,1.693802,0.552749,2.121469,0.674927,0.752915,0.931082,0.946968,0.000100,0.438739,178.840243
43,0.289541,1.686004,0.545398,2.062086,0.677843,0.753644,0.936131,0.948825,0.000100,0.437315,178.781504
44,0.289943,1.676684,0.545312,2.040676,0.672012,0.758746,0.933123,0.948345,0.000100,0.438585,178.963671
45,0.288088,1.661399,0.552836,2.059328,0.677114,0.764577,0.935128,0.947633,0.000100,0.438502,178.936333
46,0.285951,1.645274,0.553693,2.028980,0.674198,0.739067,0.936059,0.947563,0.000100,0.437834,179.047728
47,0.284024,1.643509,0.536611,2.073236,0.674927,0.741254,0.939568,0.948995,0.000100,0.437279,178.766253
48,0.284717,1.636280,0.547732,2.085534,0.668367,0.746356,0.932684,0.948133,0.000100,0.437105,178.957553
49,0.281986,1.635759,0.550315,2.072837,0.667638,0.750000,0.934142,0.947380,0.000100,0.437997,178.488640
50,0.279496,1.639481,0.552588,2.080927,0.669825,0.736152,0.933964,0.946121,0.000100,0.438378,178.118718
51,0.279172,1.642497,0.543792,2.089202,0.670554,0.753644,0.924852,0.947672,0.000100,0.437897,177.381020
52,0.275951,1.627425,0.534383,2.037535,0.677114,0.753644,0.936093,0.949984,0.000100,0.438402,177.225666
53,0.276900,1.621587,0.521996,2.044508,0.675656,0.756560,0.938565,0.950201,0.000100,0.437816,177.150398
54,0.272690,1.597530,0.549498,2.026597,0.672741,0.752187,0.934088,0.946628,0.000100,0.437298,178.640093
55,0.274207,1.600690,0.562016,2.070275,0.674198,0.752915,0.927264,0.944831,0.000100,0.438269,179.737004
56,0.270571,1.602650,0.537754,2.042603,0.678571,0.750729,0.936619,0.947992,0.000100,0.437328,179.512762
57,0.269513,1.610223,0.534764,2.027003,0.677843,0.759475,0.933830,0.949124,0.000100,0.438239,179.592539
58,0.268728,1.626664,0.562781,2.103790,0.679300,0.752187,0.929764,0.944592,0.000100,0.436915,179.485627
59,0.272963,1.634619,0.510834,2.043152,0.672741,0.750000,0.938621,0.951694,0.000100,0.438527,179.717754
60,0.269710,1.628474,0.528679,2.083409,0.672741,0.753644,0.934642,0.949078,0.000100,0.438411,179.654288
61,0.268481,1.625890,0.551386,2.097368,0.663994,0.745627,0.930121,0.946493,0.000100,0.438420,179.709365
62,0.269094,1.619823,0.541604,2.109465,0.674927,0.750000,0.931913,0.948033,0.000100,0.438541,179.523621
63,0.265595,1.600208,0.547979,2.113589,0.666910,0.752915,0.934192,0.946715,0.000100,0.438073,180.016397
64,0.265136,1.598406,0.522245,2.050974,0.665452,0.749271,0.936066,0.950177,0.000100,0.438535,179.977446
65,0.263084,1.593520,0.528453,2.052453,0.670554,0.755831,0.934234,0.948225,0.000100,0.439249,182.622265
66,0.264920,1.589691,0.506187,2.047363,0.675656,0.761662,0.938207,0.952272,0.000100,0.438943,182.651294
67,0.264081,1.580428,0.553680,2.068333,0.672012,0.750729,0.927271,0.944100,0.000100,0.438581,180.536881
68,0.261269,1.603817,0.535011,2.063295,0.680029,0.758017,0.933052,0.948290,0.000100,0.438686,180.078567
69,0.259527,1.608250,0.525294,2.088325,0.666910,0.752915,0.933824,0.949427,0.000100,0.438710,180.137178
70,0.258563,1.588397,0.544751,2.053220,0.679300,0.763120,0.928113,0.945766,0.000100,0.439382,181.778419
71,0.256882,1.593575,0.526188,2.047087,0.685860,0.764577,0.934451,0.948505,0.000100,0.439521,182.546604
72,0.257232,1.571601,0.504346,2.002095,0.688047,0.768950,0.940214,0.953289,0.000100,0.438501,180.647535
