epoch,train_loss,train_xent,valid_loss,valid_xent,valid_xent_accuracy,valid_exp_accuracy,valid_xent_qwk,valid_exp_qwk,learning_rate,mb_time,time
1,1.790752,8.059649,1.761894,10.798708,0.153790,0.155977,0.177748,0.056483,0.100000,0.326939,226.844233
2,1.727584,11.222161,1.705536,11.967203,0.182945,0.142128,0.533179,0.095962,0.100000,0.280942,144.688264
3,1.684060,12.741471,1.673535,13.564279,0.168367,0.150875,0.482566,0.114298,0.100000,0.280857,144.717882
4,1.650147,13.374422,1.639923,13.284041,0.200437,0.142128,0.589116,0.112668,0.100000,0.280953,144.918680
5,1.620075,13.857380,1.609591,12.976257,0.204810,0.142857,0.603943,0.118620,0.100000,0.280892,145.051679
6,1.591088,13.702882,1.582088,13.685444,0.188776,0.143586,0.577463,0.127366,0.100000,0.281211,145.302291
7,1.564333,14.024208,1.557779,13.469893,0.170554,0.147230,0.541664,0.124945,0.100000,0.280880,145.020499
8,1.536610,13.840396,1.528057,13.702394,0.199708,0.138484,0.618337,0.129418,0.100000,0.280940,145.087192
9,1.512539,13.936184,1.504461,13.719937,0.201895,0.142857,0.610693,0.129749,0.100000,0.281082,145.054372
10,1.488728,13.835639,1.482472,13.594237,0.203353,0.139942,0.620496,0.128997,0.100000,0.280886,145.223963
11,1.464274,13.378990,1.456876,13.094799,0.209184,0.139213,0.633552,0.135662,0.100000,0.280989,145.104499
12,1.442354,13.411255,1.436794,12.764547,0.201166,0.145044,0.606790,0.136955,0.100000,0.280917,145.035337
13,1.420535,13.181351,1.415976,12.981978,0.220117,0.137755,0.642144,0.131684,0.100000,0.280828,145.104291
14,1.400352,13.317197,1.394637,13.023526,0.225219,0.139942,0.644862,0.119867,0.100000,0.280914,145.127102
15,1.380460,13.060329,1.377573,12.548321,0.216472,0.139942,0.637665,0.129098,0.100000,0.280824,145.075365
16,1.361329,13.046748,1.358799,12.282883,0.220117,0.141399,0.637171,0.126459,0.100000,0.280897,145.129161
17,1.342378,12.801841,1.340244,12.641532,0.205539,0.142128,0.602564,0.135705,0.100000,0.281093,145.135550
18,1.325177,12.867640,1.324753,12.318717,0.225948,0.140671,0.650170,0.120763,0.100000,0.280876,145.128853
19,1.308308,12.577861,1.304611,12.317901,0.228134,0.137026,0.671408,0.139099,0.100000,0.280947,145.102860
20,1.292362,12.570704,1.289873,12.411399,0.225219,0.137026,0.668974,0.136313,0.100000,0.280866,145.094142
21,1.276969,12.502899,1.276850,11.861759,0.225948,0.139213,0.657973,0.138154,0.100000,0.280840,145.099405
22,1.262947,12.487524,1.259702,12.169143,0.224490,0.137755,0.674604,0.141316,0.100000,0.280795,145.010032
23,1.247470,12.328842,1.244348,12.021110,0.219388,0.137755,0.667529,0.144315,0.100000,0.280928,145.049785
24,1.234026,12.233908,1.234257,11.812674,0.231778,0.139942,0.670173,0.136721,0.100000,0.281022,144.852808
25,1.220539,12.010857,1.220291,11.819913,0.220117,0.137026,0.662348,0.140144,0.100000,0.281177,145.143779
26,1.208918,11.983645,1.206523,11.739581,0.228863,0.138484,0.677683,0.143679,0.100000,0.280920,144.988229
27,1.195940,11.854166,1.193924,12.063498,0.223032,0.140671,0.660446,0.145582,0.100000,0.280908,145.024337
28,1.183857,11.818147,1.183674,11.351003,0.239796,0.138484,0.685897,0.141434,0.100000,0.280959,144.993442
29,1.172188,11.589181,1.170544,11.471937,0.238338,0.137026,0.694306,0.143467,0.100000,0.280815,144.902107
30,1.160508,11.535378,1.163395,11.268222,0.228134,0.140671,0.667791,0.139968,0.100000,0.280929,145.144014
31,1.149789,11.395121,1.150074,11.188827,0.232507,0.139942,0.680845,0.145057,0.100000,0.280789,145.021363
32,1.140116,11.301455,1.141101,11.283788,0.238338,0.137755,0.681134,0.136757,0.100000,0.280860,144.993978
33,1.130207,11.147175,1.131896,10.950433,0.235423,0.138484,0.689492,0.139685,0.100000,0.280878,145.061127
34,1.121060,10.989964,1.122392,10.800941,0.222303,0.134840,0.666445,0.143645,0.100000,0.280816,144.936921
35,1.111617,10.867539,1.113488,10.667923,0.236880,0.137755,0.692391,0.141406,0.100000,0.280966,144.954701
36,1.102792,10.839320,1.103451,10.566739,0.244898,0.137755,0.702799,0.139148,0.100000,0.280738,144.884851
37,1.096270,10.693563,1.097076,10.419923,0.241983,0.138484,0.695039,0.143923,0.100000,0.280834,144.975217
38,1.087298,10.548587,1.089534,10.628901,0.238338,0.138484,0.694993,0.143116,0.100000,0.281069,145.015437
39,1.079655,10.620200,1.081116,10.426070,0.236880,0.139942,0.690837,0.143291,0.100000,0.281010,144.944148
40,1.072736,10.537475,1.073036,10.266735,0.247085,0.139213,0.706505,0.142381,0.100000,0.280882,145.072607
41,1.065208,10.425327,1.066767,10.304315,0.231778,0.138484,0.690940,0.147719,0.100000,0.280939,144.965031
42,1.058544,10.356450,1.060266,10.270644,0.233965,0.139213,0.691043,0.146508,0.100000,0.280935,144.971010
43,1.051758,10.227841,1.054424,10.111835,0.218659,0.137755,0.649991,0.144754,0.100000,0.281030,145.176663
44,1.045533,10.094342,1.047289,9.709924,0.241254,0.137026,0.703318,0.144771,0.100000,0.280975,144.876571
45,1.039792,9.938295,1.041747,9.716331,0.241983,0.137755,0.704676,0.145143,0.100000,0.280971,144.982252
46,1.032857,9.822814,1.036142,9.923127,0.228134,0.139213,0.685648,0.147454,0.100000,0.281005,145.002018
47,1.028235,9.763745,1.031855,9.729427,0.228134,0.137755,0.671030,0.143218,0.100000,0.281088,145.015140
48,1.023533,9.572983,1.025757,9.414199,0.231050,0.137755,0.690269,0.147682,0.100000,0.280988,145.095861
49,1.017191,9.587470,1.019974,9.318119,0.247813,0.137755,0.716687,0.143188,0.100000,0.280952,144.942153
50,1.012500,9.425051,1.015080,9.275895,0.249271,0.137755,0.710828,0.145209,0.100000,0.280999,144.849996
51,1.007971,9.420918,1.013821,9.359820,0.231778,0.139942,0.672647,0.141555,0.100000,0.280859,144.912712
52,1.003747,9.376083,1.006946,9.103406,0.243440,0.138484,0.701143,0.143432,0.100000,0.280800,144.880992
53,0.998307,9.190302,1.001930,9.188931,0.233236,0.138484,0.688880,0.146549,0.100000,0.281011,144.996922
54,0.994098,9.166218,0.998177,9.067979,0.244898,0.137026,0.708586,0.144237,0.100000,0.280999,144.997721
55,0.990160,9.077242,0.995320,8.989480,0.231778,0.136297,0.687116,0.144100,0.100000,0.280755,145.102578
56,0.986629,8.947073,0.994619,8.778629,0.223032,0.137755,0.661847,0.140679,0.100000,0.280765,145.116252
57,0.983566,8.849645,0.985198,8.788986,0.246356,0.137026,0.709759,0.147430,0.100000,0.280971,144.989058
58,0.978942,8.759010,0.981882,8.583419,0.248542,0.136297,0.712912,0.145916,0.100000,0.280965,145.012143
59,0.974774,8.656912,0.978133,8.530410,0.243440,0.137026,0.710287,0.148450,0.100000,0.281004,144.993779
60,0.972173,8.565508,0.976475,8.469401,0.232507,0.139942,0.680110,0.147184,0.100000,0.280859,144.972681
61,0.968837,8.497160,0.971895,8.266368,0.241254,0.137755,0.702794,0.147381,0.100000,0.280952,144.988202
62,0.966228,8.336434,0.970779,8.207737,0.244898,0.134840,0.702084,0.146028,0.100000,0.280855,144.986092
63,0.962679,8.283322,0.966623,8.111311,0.244898,0.139213,0.702797,0.144655,0.100000,0.281142,145.061586
64,0.960608,8.167464,0.964025,7.958566,0.247085,0.139942,0.708792,0.144592,0.100000,0.280996,145.081348
65,0.957765,7.980637,0.960458,7.797072,0.249271,0.137026,0.718703,0.145102,0.100000,0.280898,145.008722
66,0.954422,7.995422,0.959522,7.943254,0.240525,0.136297,0.702046,0.145859,0.100000,0.280947,145.026574
67,0.952981,7.873234,0.957904,7.731091,0.248542,0.137026,0.700387,0.141198,0.100000,0.281016,145.105899
68,0.950546,7.759206,0.956527,7.543916,0.236880,0.137755,0.687676,0.141226,0.100000,0.280963,145.053405
69,0.947863,7.572202,0.951904,7.664182,0.219388,0.139213,0.662952,0.147653,0.100000,0.280960,144.973192
70,0.945514,7.661741,0.949691,7.614727,0.233965,0.136297,0.693835,0.148323,0.100000,0.280943,144.965829
71,0.944924,7.551994,0.947640,7.299190,0.240525,0.137755,0.704402,0.148413,0.100000,0.281015,145.088464
72,0.943027,7.507635,0.944699,7.255628,0.236152,0.138484,0.698017,0.149082,0.100000,0.280928,144.937191
73,0.940291,7.359632,0.943843,7.321333,0.245627,0.138484,0.702572,0.141935,0.100000,0.280969,145.015444
74,0.938467,7.404456,0.939581,7.277344,0.247085,0.137755,0.715865,0.150968,0.100000,0.281018,145.043893
75,0.937379,7.381265,0.941278,7.184029,0.245627,0.135569,0.704184,0.146558,0.100000,0.280965,144.992855
76,0.935784,7.317470,0.940730,7.258482,0.240525,0.138484,0.697803,0.143607,0.100000,0.280941,145.008175
77,0.933554,7.281329,0.941223,7.342000,0.230321,0.137755,0.672394,0.141941,0.100000,0.280917,144.991060
78,0.931988,7.241949,0.936280,6.792130,0.245627,0.137755,0.705946,0.146068,0.100000,0.280908,144.993793
79,0.930228,7.150311,0.938098,7.107008,0.228134,0.139213,0.676203,0.142265,0.100000,0.281012,145.089410
80,0.930015,7.145223,0.931987,7.088747,0.247085,0.137755,0.714943,0.147742,0.100000,0.281056,145.182498
81,0.926921,7.097469,0.931774,6.931710,0.244169,0.136297,0.708027,0.144027,0.100000,0.280979,145.024974
82,0.926638,7.072711,0.931156,7.006640,0.231050,0.138484,0.687540,0.145961,0.100000,0.281044,145.008273
83,0.925560,7.104515,0.929142,6.962540,0.247813,0.137755,0.713468,0.145819,0.100000,0.281097,143.891444
84,0.923172,7.069767,0.927118,6.944160,0.247813,0.136297,0.711919,0.142979,0.100000,0.281242,144.219334
85,0.922932,6.951135,0.928113,6.905454,0.243440,0.138484,0.697323,0.139934,0.100000,0.281067,144.507071
86,0.922254,6.978331,0.926827,6.855180,0.244169,0.137026,0.706789,0.141963,0.100000,0.281088,144.509663
87,0.921198,6.959480,0.925301,6.971375,0.241254,0.136297,0.706473,0.145823,0.100000,0.281126,145.102824
88,0.918738,6.986835,0.923790,6.911768,0.229592,0.139213,0.683048,0.147163,0.100000,0.281341,145.022293
89,0.917101,6.827818,0.921733,6.675058,0.246356,0.137026,0.713276,0.145597,0.100000,0.281381,144.964267
90,0.916787,6.819505,0.921626,6.723799,0.245627,0.137026,0.704263,0.144797,0.100000,0.281175,144.974275
91,0.915319,6.852110,0.923308,6.648052,0.237609,0.134840,0.681808,0.142838,0.100000,0.281224,145.046260
92,0.914822,6.706591,0.920997,6.608170,0.244169,0.137026,0.697019,0.142558,0.100000,0.281426,145.182135
93,0.914221,6.714793,0.917657,6.544060,0.250729,0.138484,0.710789,0.148643,0.100000,0.281526,145.079930
94,0.912856,6.712626,0.916627,6.764122,0.246356,0.137755,0.709467,0.146172,0.100000,0.281391,145.184570
95,0.911806,6.623307,0.916244,6.694954,0.252187,0.137026,0.715392,0.144582,0.100000,0.280962,145.093223
96,0.913047,6.670016,0.917369,6.486885,0.240525,0.137026,0.690112,0.144838,0.100000,0.281379,144.946036
97,0.910477,6.655465,0.913704,6.487163,0.247085,0.137755,0.719445,0.149968,0.100000,0.281334,145.083184
98,0.910693,6.590843,0.918507,6.587902,0.233236,0.138484,0.674331,0.143078,0.100000,0.281248,145.066453
99,0.909157,6.620744,0.911806,6.439844,0.246356,0.137026,0.713682,0.148554,0.100000,0.281221,145.137872
100,0.908392,6.597041,0.912050,6.282131,0.252187,0.137026,0.721147,0.146323,0.100000,0.281301,145.072866
101,0.907264,6.557899,0.912407,6.417761,0.250000,0.136297,0.714943,0.145679,0.100000,0.281363,145.106856
102,0.907709,6.647014,0.913008,6.576153,0.238338,0.137026,0.697019,0.146969,0.100000,0.281337,145.022391
103,0.906453,6.573282,0.911244,6.475580,0.240525,0.139942,0.695225,0.147485,0.100000,0.281321,145.055124
104,0.905693,6.592680,0.911513,6.429129,0.248542,0.137755,0.701255,0.146164,0.100000,0.281311,145.056032
105,0.905009,6.548503,0.910463,6.580748,0.241254,0.139213,0.697367,0.144062,0.100000,0.281305,145.231726
106,0.903896,6.570246,0.908881,6.619370,0.241254,0.137755,0.709877,0.146112,0.100000,0.281189,145.101459
107,0.902383,6.475267,0.906008,6.376873,0.248542,0.136297,0.718271,0.150185,0.100000,0.281237,145.109786
108,0.903150,6.497710,0.906095,6.264200,0.250000,0.136297,0.714820,0.147675,0.100000,0.280659,145.040275
109,0.903240,6.438245,0.907573,6.366626,0.227405,0.135569,0.685195,0.148880,0.100000,0.281196,144.950521
110,0.901639,6.441025,0.908051,6.303882,0.237609,0.139213,0.694932,0.146953,0.100000,0.281091,145.153982
111,0.903483,6.495842,0.906330,6.503292,0.241983,0.137026,0.707179,0.148221,0.100000,0.281139,145.103513
112,0.901667,6.446173,0.905822,6.389182,0.236880,0.138484,0.700704,0.148398,0.100000,0.281009,145.021996
113,0.900970,6.370583,0.905434,6.263071,0.250729,0.136297,0.713519,0.143711,0.100000,0.280926,145.003799
114,0.901431,6.442788,0.907190,6.492413,0.235423,0.139942,0.691406,0.146293,0.100000,0.281031,145.055393
115,0.900761,6.453895,0.903325,6.170535,0.250000,0.138484,0.719335,0.150685,0.100000,0.281084,145.047984
116,0.899845,6.406229,0.903723,6.234076,0.244898,0.137755,0.711516,0.148265,0.100000,0.280961,145.019284
117,0.900269,6.422149,0.904212,6.292599,0.252187,0.137755,0.720752,0.147041,0.100000,0.281026,145.293294
118,0.898794,6.453816,0.904938,6.260990,0.247085,0.137755,0.709793,0.144727,0.100000,0.280930,144.988425
119,0.900487,6.427498,0.909153,6.413302,0.236880,0.138484,0.685144,0.134405,0.100000,0.280852,144.976169
120,0.898898,6.387476,0.903827,6.384517,0.242711,0.137755,0.703056,0.148755,0.100000,0.281078,145.043426
121,0.898198,6.413958,0.903078,6.431702,0.239067,0.137755,0.701598,0.147756,0.100000,0.281062,145.025185
122,0.897463,6.421196,0.902605,6.211380,0.256560,0.136297,0.720186,0.147165,0.100000,0.280918,144.950690
123,0.898045,6.369198,0.905595,6.298204,0.236880,0.137026,0.687373,0.144312,0.100000,0.280955,145.020148
124,0.898270,6.431956,0.904576,6.435534,0.247085,0.134840,0.698046,0.141076,0.100000,0.281003,145.003497
125,0.898575,6.426352,0.901900,6.381564,0.247813,0.136297,0.714698,0.148821,0.100000,0.280951,145.144429
126,0.898937,6.440011,0.905156,6.637439,0.224490,0.139942,0.666777,0.147391,0.100000,0.279799,144.902145
127,0.898557,6.509756,0.905933,6.411786,0.231778,0.137755,0.675501,0.140100,0.100000,0.280992,145.028753
128,0.897373,6.421010,0.902042,6.442479,0.246356,0.137026,0.705649,0.148243,0.100000,0.280900,144.997379
129,0.896449,6.437866,0.902978,6.442798,0.243440,0.138484,0.697737,0.145855,0.100000,0.280893,145.155502
130,0.897220,6.496005,0.900688,6.346849,0.251458,0.137755,0.710578,0.150326,0.100000,0.281082,145.023069
131,0.896242,6.431182,0.899514,6.226500,0.243440,0.137026,0.716764,0.149413,0.100000,0.281021,145.045163
132,0.896302,6.389954,0.899901,6.334713,0.251458,0.137026,0.725372,0.147992,0.100000,0.280910,144.922075
133,0.897039,6.457081,0.902199,6.246670,0.251458,0.138484,0.711773,0.144789,0.100000,0.281074,145.178278
134,0.896197,6.421873,0.899622,6.455014,0.247813,0.139213,0.716110,0.151213,0.100000,0.281056,144.989217
135,0.895522,6.462507,0.901347,6.341183,0.249271,0.137026,0.714689,0.141670,0.100000,0.281163,145.030431
136,0.895888,6.537120,0.900792,6.456858,0.236152,0.136297,0.698622,0.149032,0.100000,0.281134,145.053178
137,0.895422,6.516883,0.899381,6.414564,0.244898,0.136297,0.712430,0.148043,0.100000,0.281060,145.036228
138,0.895125,6.480845,0.900915,6.480946,0.243440,0.139213,0.702794,0.146512,0.100000,0.281090,145.042025
139,0.894547,6.443613,0.896627,6.333862,0.258017,0.136297,0.737417,0.150621,0.100000,0.281004,145.020042
140,0.895229,6.445671,0.900586,6.401466,0.245627,0.137755,0.708292,0.144373,0.100000,0.281157,145.177812
141,0.894669,6.412661,0.898390,6.338747,0.244169,0.136297,0.712719,0.149554,0.100000,0.281086,145.022524
142,0.894767,6.474464,0.897253,6.398268,0.247085,0.136297,0.719602,0.151882,0.100000,0.281243,145.190214
143,0.893762,6.417647,0.898985,6.381371,0.242711,0.137026,0.714355,0.149224,0.100000,0.281126,145.105976
144,0.893177,6.402329,0.897245,6.274170,0.250000,0.139213,0.718820,0.148941,0.100000,0.281222,145.102056
145,0.892626,6.370079,0.897107,6.388176,0.247085,0.137026,0.715071,0.151907,0.100000,0.281154,145.079391
146,0.892809,6.396489,0.899473,6.343097,0.242711,0.137026,0.697563,0.146535,0.100000,0.281167,145.138383
147,0.894112,6.491657,0.897792,6.387421,0.244169,0.137026,0.716641,0.151022,0.100000,0.281227,145.059251
148,0.894139,6.429424,0.900057,6.337720,0.244898,0.136297,0.701260,0.146281,0.100000,0.279433,146.465755
149,0.893547,6.487250,0.898578,6.519483,0.236880,0.137755,0.697086,0.149116,0.100000,0.272530,145.411871
150,0.893502,6.511496,0.897902,6.405017,0.250729,0.136297,0.711080,0.146562,0.100000,0.280531,145.011874
