epoch,train_loss,train_xent,valid_loss,valid_xent,valid_xent_accuracy,valid_exp_accuracy,valid_xent_qwk,valid_exp_qwk,learning_rate,mb_time,time
1,1.768165,1.932419,1.489302,1.602533,0.370991,0.392128,0.720405,0.720332,0.001000,0.115879,32.709386
2,1.425108,1.560735,1.362325,1.564667,0.378280,0.422741,0.765233,0.783286,0.001000,0.101747,30.122470
3,1.295225,1.503008,1.263597,1.516626,0.403790,0.418367,0.798444,0.789287,0.001000,0.110355,31.114174
4,1.202522,1.469592,1.147784,1.453465,0.422741,0.464286,0.834749,0.835409,0.001000,0.109915,31.104078
5,1.120481,1.442548,1.085828,1.441250,0.421283,0.467201,0.846325,0.849311,0.001000,0.108391,31.318529
6,1.054950,1.422590,1.047742,1.437761,0.434402,0.478134,0.829473,0.840703,0.001000,0.111866,31.120989
7,0.986667,1.388702,0.965557,1.396867,0.483965,0.493440,0.861263,0.864016,0.001000,0.112048,31.083075
8,0.935355,1.370203,0.933803,1.399624,0.420554,0.508017,0.843649,0.873360,0.001000,0.110879,31.437838
9,0.893135,1.351136,0.926013,1.412462,0.437318,0.510933,0.840338,0.855756,0.001000,0.109607,31.319212
10,0.863109,1.340548,0.844730,1.342001,0.508746,0.553207,0.872282,0.881569,0.001000,0.108972,31.443063
11,0.818342,1.313074,0.818476,1.323365,0.517493,0.540816,0.881475,0.883884,0.001000,0.109003,31.118535
12,0.774758,1.278416,0.781141,1.296018,0.521866,0.582362,0.889881,0.898501,0.001000,0.108586,31.626729
13,0.754412,1.267620,0.766136,1.292259,0.512391,0.566327,0.868694,0.878043,0.001000,0.108123,31.556308
14,0.719114,1.234287,0.737629,1.255679,0.587464,0.548105,0.901257,0.892779,0.001000,0.108413,31.492199
15,0.701163,1.220554,0.711436,1.240915,0.579446,0.586735,0.894759,0.896985,0.001000,0.108465,31.633045
16,0.678531,1.200125,0.684854,1.211706,0.594023,0.595481,0.912690,0.913131,0.001000,0.108509,31.593833
17,0.655708,1.173678,0.693131,1.234756,0.566327,0.588192,0.895290,0.906203,0.001000,0.108504,31.395231
18,0.633322,1.144450,0.665785,1.191578,0.594023,0.616618,0.904112,0.910559,0.001000,0.108535,31.451950
19,0.618587,1.121953,0.633743,1.150405,0.625364,0.628280,0.917123,0.922555,0.001000,0.108362,31.442164
20,0.602958,1.105453,0.618246,1.132118,0.610787,0.631924,0.906848,0.911478,0.001000,0.108660,31.468867
21,0.576443,1.068600,0.611645,1.117526,0.599854,0.615160,0.916764,0.920485,0.001000,0.108319,31.487675
22,0.576917,1.069323,0.619191,1.116459,0.607143,0.596939,0.914718,0.912360,0.001000,0.108506,31.421599
23,0.554757,1.036883,0.577693,1.067023,0.629738,0.638484,0.916287,0.919275,0.001000,0.108378,31.416712
24,0.537943,1.005667,0.606465,1.126622,0.541545,0.585277,0.900501,0.906317,0.001000,0.108443,31.381034
25,0.531974,0.999831,0.577805,1.068518,0.629738,0.623178,0.921245,0.917424,0.001000,0.108522,31.608443
26,0.519896,0.970386,0.577642,1.077330,0.595481,0.603499,0.906233,0.907038,0.001000,0.108325,31.510621
27,0.506308,0.952610,0.550204,1.020801,0.642857,0.653061,0.914984,0.919039,0.001000,0.108717,31.299089
28,0.489503,0.920850,0.516747,0.970349,0.668367,0.682216,0.933888,0.936754,0.001000,0.108173,31.473044
29,0.482394,0.907709,0.536763,1.005862,0.626093,0.634840,0.924661,0.927460,0.001000,0.108641,31.489784
30,0.488467,0.920721,0.516134,0.972606,0.665452,0.660350,0.933409,0.931684,0.001000,0.108643,31.385172
31,0.460196,0.863072,0.529769,1.015011,0.640671,0.658163,0.917844,0.923045,0.001000,0.108450,31.379928
32,0.473877,0.891291,0.523484,0.998214,0.639213,0.625364,0.926038,0.924299,0.001000,0.108494,31.399198
33,0.456206,0.851475,0.499496,0.932755,0.658892,0.659621,0.936391,0.938084,0.001000,0.108366,31.388256
34,0.446396,0.840157,0.521219,1.043865,0.648688,0.634111,0.926186,0.924419,0.001000,0.106620,31.269964
35,0.434956,0.815961,0.482571,0.932755,0.677843,0.669096,0.931850,0.930553,0.001000,0.108582,31.354548
36,0.427727,0.804444,0.484779,0.928458,0.680758,0.674198,0.936959,0.936781,0.001000,0.108764,31.882911
37,0.420112,0.794211,0.497292,0.998901,0.668367,0.674927,0.931090,0.932442,0.001000,0.108446,31.367182
38,0.424399,0.809695,0.491292,0.974054,0.676385,0.672012,0.931876,0.930964,0.001000,0.108703,31.464269
39,0.411523,0.768935,0.484475,0.972108,0.678571,0.682945,0.932614,0.932939,0.001000,0.108236,31.834626
40,0.408263,0.795217,0.522071,1.149281,0.610058,0.611516,0.911558,0.911716,0.001000,0.108365,31.876552
41,0.408959,0.778186,0.481794,0.995198,0.669825,0.669825,0.931193,0.931144,0.001000,0.108344,31.760807
42,0.393497,0.758505,0.474683,1.125758,0.694606,0.700437,0.928290,0.930235,0.001000,0.108803,31.477105
43,0.402380,0.787915,0.496014,1.063408,0.651603,0.655977,0.927576,0.928257,0.001000,0.108776,31.611933
44,0.391692,0.750331,0.476142,0.999508,0.685131,0.681487,0.934147,0.932965,0.001000,0.119811,32.423968
45,0.341690,0.615854,0.415046,0.809795,0.742711,0.743440,0.951122,0.950882,0.000100,0.109587,31.513164
46,0.318153,0.555864,0.423728,0.837293,0.737609,0.736152,0.949534,0.949960,0.000100,0.110913,31.549541
47,0.312806,0.542582,0.410084,0.817849,0.754373,0.752187,0.951581,0.951574,0.000100,0.111949,31.163396
48,0.304243,0.520091,0.415689,0.828025,0.758746,0.755831,0.951620,0.951447,0.000100,0.110195,31.581501
49,0.298929,0.514772,0.409402,0.823043,0.744169,0.743440,0.950408,0.950520,0.000100,0.109241,31.751424
50,0.294347,0.502718,0.404651,0.790014,0.747813,0.741254,0.951728,0.951419,0.000100,0.108678,31.674490
51,0.289699,0.497763,0.406396,0.824865,0.760933,0.759475,0.953147,0.952661,0.000100,0.108856,31.910714
52,0.284862,0.483011,0.409282,0.851410,0.750729,0.754373,0.949919,0.950763,0.000100,0.108868,31.515716
53,0.280470,0.473515,0.402138,0.821804,0.761662,0.760933,0.953123,0.952949,0.000100,0.108956,31.592560
54,0.277953,0.472746,0.401278,0.814988,0.763120,0.764577,0.953833,0.953995,0.000100,0.109782,31.554569
55,0.275524,0.471190,0.403342,0.848249,0.758746,0.763848,0.950772,0.951467,0.000100,0.108566,31.478939
56,0.271133,0.466607,0.399334,0.831528,0.760204,0.760204,0.952800,0.952693,0.000100,0.108821,31.663236
57,0.266596,0.448998,0.394015,0.799373,0.766035,0.768222,0.954092,0.954709,0.000100,0.108815,31.490022
58,0.264172,0.439952,0.391713,0.815315,0.760933,0.759475,0.951647,0.951533,0.000100,0.107930,31.505374
59,0.259730,0.442450,0.401992,0.869459,0.759475,0.756560,0.950964,0.950847,0.000100,0.108836,31.679110
60,0.258222,0.434754,0.398852,0.858868,0.766035,0.768222,0.951487,0.951759,0.000100,0.109044,31.450720
61,0.255436,0.434103,0.391181,0.832642,0.763120,0.762391,0.953798,0.954552,0.000100,0.108837,31.494599
62,0.252609,0.421218,0.391977,0.836125,0.761662,0.758746,0.952232,0.952064,0.000100,0.108766,31.681146
63,0.248674,0.419111,0.389001,0.848141,0.774781,0.776239,0.952295,0.952735,0.000100,0.108767,31.473898
64,0.247226,0.412689,0.381436,0.804549,0.766764,0.768950,0.952054,0.952700,0.000100,0.109300,31.131289
65,0.243504,0.409302,0.385546,0.839537,0.760933,0.760204,0.954000,0.953946,0.000100,0.108440,31.551655
66,0.239772,0.403940,0.386951,0.833591,0.763848,0.766035,0.954052,0.954656,0.000100,0.108182,31.562153
67,0.239704,0.407283,0.376537,0.809381,0.768222,0.770408,0.956605,0.956922,0.000100,0.108281,31.538490
68,0.234582,0.392726,0.385786,0.880443,0.768950,0.766764,0.951856,0.951266,0.000100,0.109157,31.237224
69,0.235797,0.398428,0.388785,0.860151,0.760204,0.760204,0.952957,0.953014,0.000100,0.108892,31.461429
70,0.230402,0.386719,0.377664,0.834759,0.778426,0.780612,0.956417,0.956345,0.000100,0.108568,31.437920
71,0.227714,0.388316,0.384961,0.870023,0.771866,0.776239,0.953964,0.954854,0.000100,0.108692,31.481241
72,0.225796,0.384409,0.378475,0.850584,0.778426,0.778426,0.953683,0.953654,0.000100,0.108886,31.546540
73,0.224631,0.380094,0.378795,0.857971,0.771137,0.769679,0.953921,0.953260,0.000100,0.108537,31.501167
74,0.223744,0.377400,0.380018,0.881739,0.774052,0.773324,0.950006,0.949898,0.000100,0.108726,31.744784
75,0.220903,0.377302,0.385198,0.916926,0.763848,0.764577,0.951904,0.952004,0.000100,0.109085,31.247050
76,0.217186,0.357913,0.377193,0.860692,0.766764,0.771866,0.952263,0.952478,0.000100,0.109058,31.426580
77,0.216619,0.361891,0.377063,0.883209,0.769679,0.769679,0.954173,0.954442,0.000100,0.108810,31.612514
78,0.213736,0.365086,0.372997,0.866397,0.771137,0.768222,0.951493,0.950819,0.000100,0.108932,31.536525
79,0.208724,0.338140,0.377951,0.901083,0.766035,0.764577,0.953575,0.953387,0.000010,0.108411,31.646986
80,0.205687,0.334486,0.376524,0.876598,0.765306,0.764577,0.953122,0.953339,0.000010,0.108764,31.716102
81,0.204792,0.335308,0.368454,0.849766,0.772595,0.776239,0.955430,0.955909,0.000010,0.108551,31.799873
82,0.203729,0.330457,0.374776,0.863503,0.768950,0.771137,0.953510,0.954273,0.000010,0.108547,31.645196
83,0.204823,0.335171,0.370998,0.880069,0.777697,0.776239,0.952608,0.952160,0.000010,0.108495,31.831928
84,0.202835,0.328477,0.371708,0.872986,0.772595,0.771137,0.955313,0.955107,0.000010,0.108732,31.613215
85,0.204032,0.346220,0.369423,0.838648,0.777697,0.776239,0.955998,0.955767,0.000010,0.108605,31.700317
86,0.202597,0.332806,0.372273,0.851539,0.775510,0.776968,0.956624,0.956795,0.000010,0.108735,31.563670
87,0.202564,0.334405,0.368167,0.867357,0.782799,0.782799,0.955666,0.955690,0.000010,0.108674,31.658774
88,0.201558,0.319532,0.371592,0.876211,0.784257,0.784985,0.953059,0.953186,0.000010,0.108559,31.631955
89,0.200997,0.321815,0.381150,0.919375,0.763120,0.763120,0.950911,0.951172,0.000001,0.108627,31.270493
90,0.201077,0.325054,0.373308,0.880274,0.772595,0.773324,0.953712,0.953768,0.000001,0.109104,31.290094
91,0.201126,0.327808,0.371403,0.873808,0.768950,0.771137,0.951421,0.951778,0.000001,0.108721,31.378131
92,0.201813,0.324676,0.373344,0.868134,0.774052,0.774781,0.956282,0.956391,0.000001,0.108595,31.936142
93,0.200998,0.325644,0.376290,0.872707,0.771137,0.772595,0.956642,0.956398,0.000001,0.108274,31.856483
94,0.200916,0.321170,0.372231,0.855715,0.774781,0.774052,0.954513,0.954383,0.000001,0.108366,31.783046
95,0.200820,0.320653,0.372694,0.877548,0.782799,0.781341,0.955629,0.955471,0.000001,0.108433,31.842483
96,0.201174,0.324787,0.373534,0.868889,0.766035,0.768222,0.953218,0.953427,0.000001,0.108665,31.894073
97,0.200146,0.331246,0.368634,0.854519,0.774781,0.775510,0.955810,0.955936,0.000001,0.108751,31.703174
98,0.200677,0.327305,0.366495,0.843321,0.779155,0.779883,0.955233,0.955417,0.000001,0.108725,31.698953
99,0.201401,0.326520,0.370758,0.883275,0.782070,0.780612,0.953407,0.954706,0.000000,0.108516,31.682068
100,0.199927,0.327850,0.373937,0.869971,0.771137,0.771137,0.954696,0.954934,0.000000,0.108580,31.623453
