1.861669
1.757915
1.632424
1.519989
1.499549
1.665417
1.451143
1.444651
1.533144
1.344872
1.341544
1.352403
1.517629
1.558175
1.513085
1.732100
1.422424
1.432100
1.635529
1.572257
1.637115
1.586359
1.558322
1.666373
1.575960
1.558564
1.499872
1.439050
1.387294
1.500028
1.357234
1.380435
1.423079
1.473923
1.571635
1.534874
1.448915
1.320548
1.556855
1.423115
1.067289
1.300998
1.455557
1.446343
1.304449
1.300376
1.395090
1.502431
1.453749
1.420051
1.534248
1.294469
1.240091
1.403372
1.292527
1.289024
1.332760
1.387205
1.569423
1.322041
1.396748
1.342965
1.256525
1.297682
1.325011
1.367847
1.329764
1.097503
1.151350
1.298329
1.174691
1.250375
1.312693
1.290727
1.211563
1.334170
1.359166
1.220973
1.110835
1.226799
1.295390
1.207962
1.312400
1.258900
1.341454
1.255005
1.131305
1.324052
1.191351
1.205652
1.379729
1.098120
1.177989
1.277560
1.122992
1.145093
1.152708
1.006545
1.159178
1.075269
1.125116
1.110554
1.208482
1.197794
1.218035
1.297952
1.194722
1.075116
1.191818
1.054325
1.120949
1.214645
1.051540
1.115006
1.140983
1.213107
1.224840
1.057654
1.042972
1.159087
1.127932
0.974541
0.914818
1.044208
1.221877
1.030978
1.008682
0.997424
1.150966
1.032646
1.026302
1.031000
0.924636
0.966947
1.118843
1.055833
0.874548
1.075916
1.035769
1.085274
0.935829
1.043875
0.948174
0.955844
1.035958
1.069836
1.091025
1.006107
1.051931
1.046175
1.025900
0.973103
1.002094
0.995902
0.970525
1.084688
1.024358
0.969484
1.036163
1.002069
0.893888
0.975846
0.980126
0.973836
1.009611
0.968025
1.008438
0.968815
0.911959
1.031839
0.892085
0.991730
0.990190
1.083258
0.850682
0.872726
0.978715
0.837769
0.977204
1.040706
0.831763
0.932510
0.897102
0.794392
0.799912
0.852388
0.877894
0.879224
0.786786
1.047393
0.863838
0.896968
0.934115
0.715422
0.974597
1.037109
0.875879
0.807095
0.884528
0.840726
0.789436
0.821930
0.940724
0.734910
0.816536
1.123553
0.889442
0.931497
0.839646
0.895447
0.887358
0.864380
0.878704
0.996439
0.852060
0.936582
0.917565
0.836593
0.874700
0.809300
0.788545
0.848374
0.952866
0.806064
0.995449
0.991985
0.864792
0.854489
0.750464
0.886082
0.828832
0.797040
0.842207
0.808381
0.816010
0.793727
0.793827
0.750644
0.890148
0.739035
0.895616
0.909928
0.754294
0.896547
0.779086
0.742616
0.773011
0.695332
0.665553
0.759792
0.782743
0.811379
0.842849
0.796056
0.793220
0.840970
0.863310
0.811328
0.671186
0.712975
0.784960
0.824823
0.741205
0.764960
0.791990
0.928975
0.779835
0.664871
0.852963
0.762038
0.830375
0.699638
0.754569
0.701727
0.792018
0.726583
0.906552
0.914591
0.794143
0.708784
0.866172
0.924478
0.857866
0.745878
0.732615
0.866142
0.720536
0.762218
0.748688
0.759005
0.782173
0.727517
0.788736
0.888429
0.752533
0.758586
0.886789
0.880428
0.769277
0.756645
0.721143
0.727181
0.733126
0.683000
0.807240
0.845058
0.773095
0.659489
0.661719
0.750981
0.678000
0.688337
0.794233
0.753752
0.775606
0.751817
0.685208
0.721613
0.789297
0.853684
0.778563
0.805558
0.752938
0.818360
0.764471
0.739308
0.734721
0.782579
0.634815
0.608104
0.752275
0.604478
0.680327
0.750672
0.714091
0.799576
0.700376
0.701274
0.676777
0.814623
0.762967
0.606120
0.756518
0.714519
0.652053
0.656231
0.671742
0.736783
0.672521
0.749657
0.671116
0.615870
0.676519
0.706191
0.739539
0.614780
0.681110
0.686565
0.790801
0.692010
0.589790
0.645370
0.607938
0.651109
0.811831
0.781735
0.674847
0.613109
0.765320
0.643810
0.656157
0.671279
0.654454
0.583281
0.688854
0.681680
0.643055
0.626094
0.581072
0.545794
0.590394
0.683904
0.660351
0.603890
0.692654
0.567025
0.585989
0.637234
0.602783
0.659101
0.683170
0.728991
0.551828
0.670269
0.641012
0.631212
0.653363
0.640001
0.695803
0.649403
0.681829
0.684550
0.597655
0.614374
0.591249
0.574511
0.569829
0.635750
0.634463
0.588168
0.553957
0.612392
0.597719
0.594263
0.526973
0.620002
0.665223
0.594431
0.616617
0.539258
0.570499
0.600017
0.574582
0.586348
0.586438
0.697150
0.513559
0.541861
0.493069
0.651385
0.545496
0.550687
0.538662
0.646774
0.556919
0.528941
0.538405
0.548513
0.552821
0.553855
0.588794
0.568871
0.541898
0.517860
0.530496
0.651990
0.587736
0.560411
0.620398
0.592001
0.613692
0.613342
0.532281
0.551852
0.570844
0.555212
0.556187
0.557007
0.537141
0.539680
0.487604
0.591167
0.594585
0.499868
0.544819
0.708835
0.645435
0.551126
0.570906
0.522576
0.561276
0.587030
0.578232
0.543850
0.624985
0.510255
0.582757
0.564966
0.536600
0.653376
0.549534
0.591187
0.610586
0.623641
0.684363
0.494302
0.664826
0.512742
0.619367
0.610744
0.684866
0.605494
0.643779
0.528672
0.559233
0.626206
0.573663
0.575507
0.591130
0.606667
0.564034
0.539742
0.527970
0.660475
0.539751
0.608107
0.474813
0.508036
0.480961
0.500356
0.461579
0.497180
0.562339
0.570676
0.488860
0.534434
0.570652
0.558151
0.491577
0.550526
0.505467
0.581175
0.678094
0.570898
0.541588
0.503028
0.489079
0.462614
0.538923
0.486525
0.545213
0.640841
0.586171
0.491897
0.560153
0.539084
0.541684
0.570540
0.601559
0.617837
0.524650
0.442551
0.618826
0.642568
0.486664
0.475973
0.593589
0.482642
0.568893
0.583723
0.532705
0.505445
0.545825
0.556421
0.500157
0.592940
0.521595
0.508828
0.517294
0.515092
0.506318
0.502898
0.522395
0.587603
0.578299
0.478372
0.514784
0.548386
0.443160
0.470144
0.481771
0.499588
0.520895
0.449966
0.486495
0.505570
0.439622
0.530449
0.503167
0.523633
0.522960
0.464110
0.471231
0.510813
0.535536
0.531542
0.468683
0.510130
0.512000
0.586624
0.551386
0.508517
0.484470
0.464474
0.546303
0.513004
0.460126
0.552124
0.429015
0.473161
0.530864
0.450074
0.409154
0.500400
0.444658
0.442838
0.602414
0.507848
0.486561
0.421205
0.477432
0.499789
0.518989
0.425576
0.509867
0.465943
0.401297
0.441108
0.524289
0.491974
0.527506
0.474599
0.489056
0.490834
0.530612
0.607200
0.461950
0.462720
0.527878
0.492277
0.460361
0.522794
0.449524
0.537094
0.529757
0.520190
0.545074
0.513329
0.496613
0.487951
0.415492
0.514777
0.412750
0.419125
0.540424
0.488759
0.448183
0.480428
0.434636
0.505780
0.480168
0.390545
0.406373
0.500687
0.426226
0.412811
0.424744
0.398242
0.495557
0.505354
0.422707
0.475773
0.448650
0.425306
0.519572
0.444083
0.467407
0.456287
0.526905
0.505259
0.423679
0.507948
0.454703
0.485971
0.478838
0.486474
0.558669
0.517724
0.444552
0.404517
0.432655
0.474958
0.441607
0.430960
0.451412
0.366250
0.531414
0.389941
0.394388
0.470837
0.418764
0.502257
0.471544
0.393085
0.414349
0.426446
0.433115
0.463697
0.421555
0.474030
0.414248
0.403724
0.399526
0.421616
0.445735
0.453358
0.390937
0.437673
0.436444
0.443660
0.507378
0.384877
0.375430
0.409465
0.442932
0.443870
0.444085
0.512194
0.415356
0.425927
0.513068
0.379356
0.431684
0.456192
0.449933
0.427519
0.418829
0.389536
0.405201
0.475194
0.464466
0.377907
0.420320
0.387900
0.409359
0.416202
0.458896
0.391154
0.478835
0.429591
0.381012
0.391381
0.428508
0.350132
0.454313
0.416511
0.436723
0.404623
0.403279
0.446877
0.438138
0.426386
0.386292
0.426024
0.387900
0.445266
0.464396
0.483436
0.473967
0.460308
0.516224
0.448378
0.420993
0.407480
0.446869
0.439192
0.479293
0.424970
0.420228
0.521178
0.559156
0.389656
0.351494
0.466873
0.503811
0.608908
0.348358
0.405044
0.417635
0.395009
0.617674
0.552237
0.402766
0.360729
0.397985
0.409398
0.476281
0.381615
0.364302
0.456808
0.437674
0.435259
0.396631
0.407998
0.404711
0.429404
0.377468
0.438462
0.413730
0.397673
0.425415
0.459635
0.398471
0.453010
0.439551
0.389770
0.456719
0.483546
0.396929
0.379899
0.387139
0.392679
0.405281
0.377099
0.408070
0.424721
0.429556
0.404136
0.430912
0.383123
0.347013
0.499811
0.378176
0.377130
0.360166
0.412124
0.391620
0.396279
0.364344
0.352132
0.412124
0.384234
0.373078
0.365189
0.368214
0.341429
0.444109
0.403307
0.412122
0.481442
0.447597
0.378134
0.371502
0.427532
0.491388
0.429806
0.417691
0.408835
0.461356
0.448756
0.350446
0.434201
0.401711
0.396723
0.347658
0.381717
0.372332
0.363866
0.362036
0.390480
0.413650
0.411843
0.383260
0.393144
0.332980
0.407666
0.372455
0.399657
0.427327
0.436669
0.325676
0.316760
0.439714
0.354125
0.341316
0.399710
0.426702
0.441791
0.358250
0.414962
0.437277
0.350458
0.385968
0.355465
0.432810
0.447477
0.384022
0.385903
0.377185
0.358723
0.441075
0.344144
0.375522
0.395415
0.336233
0.379777
0.354494
0.419605
0.372521
0.348574
0.416804
0.367016
0.412465
0.390146
0.380129
0.376605
0.346468
0.414494
0.396805
0.403166
0.406041
0.440448
0.417900
0.344207
0.468210
0.410546
0.413997
0.360040
0.321175
0.356846
0.354322
0.368010
0.343962
0.461946
0.357713
0.316798
0.411539
0.352344
0.356243
0.356722
0.401185
0.396672
0.351362
0.426296
0.411009
0.359098
0.311502
0.359718
0.341437
0.369776
0.317223
0.367210
0.378191
0.407046
0.410359
0.429391
0.342165
0.390352
0.494447
0.349104
0.336086
0.474515
0.493570
0.394523
0.409817
0.351961
0.364544
0.295322
0.337102
0.425371
0.349554
0.346428
0.423289
0.448653
0.413342
0.301403
0.383094
0.359041
0.375363
0.365669
0.326774
0.419596
0.371136
0.326590
0.328767
0.335989
0.388208
0.362957
0.326554
0.339289
0.368660
0.343175
0.369633
0.394418
0.355437
0.350791
0.303851
0.356766
0.361719
0.330455
0.455146
0.348250
0.324556
0.373904
0.327336
0.345407
0.319462
0.341048
0.360225
0.366380
0.347655
0.431020
0.319257
0.397601
0.467101
0.359846
0.332943
0.371387
0.306343
0.319842
0.342514
0.411992
0.288354
0.367955
0.318511
0.301458
0.361907
0.334536
0.367124
0.357611
0.359234
0.344544
0.337023
0.331580
0.366832
0.350245
0.310265
0.285427
0.415191
0.370916
0.328600
0.375996
0.366652
0.340284
0.366817
0.357609
0.375061
0.328064
0.437960
0.407500
0.312092
0.336429
0.481751
0.349037
0.329567
0.391286
0.411512
0.314509
0.324395
0.341196
0.309200
0.360364
0.319468
0.350441
0.318596
0.287709
0.322454
0.293892
0.333358
0.420035
0.337240
0.376408
0.298529
0.363891
0.340795
0.338451
0.277081
0.327767
0.322512
0.320263
0.356858
0.333119
0.349425
0.380163
0.368453
0.337503
0.306412
0.307168
0.360861
0.347010
0.285101
0.365445
0.341487
0.323016
0.318894
0.346962
0.374622
0.383137
0.317063
0.366988
0.359447
0.301526
0.395560
0.388012
0.285995
0.316816
0.327452
0.273001
0.316089
0.291392
0.364088
0.320753
0.306656
0.346401
0.312205
0.321089
0.285050
0.322388
0.328814
0.315570
0.309424
0.418202
0.325058
0.362541
0.262811
0.388397
0.374067
0.337169
0.315313
0.331063
0.320064
0.336983
0.430317
0.370776
0.427502
0.370184
0.351461
0.348968
0.336870
0.413419
0.334155
0.283218
0.304528
0.345528
0.340728
0.324700
0.277817
0.338697
0.327676
0.341993
0.338832
0.258914
0.262722
0.331295
0.271543
0.285960
0.335506
0.301658
0.262680
0.338059
0.334595
0.316592
0.317075
0.369657
0.374263
0.400866
0.312379
0.314505
0.336986
0.380204
0.375579
0.332697
0.302816
0.315385
0.374351
0.363630
0.316384
0.335030
0.310633
0.323366
0.359107
0.306560
0.288746
0.342989
0.386918
0.366679
0.308349
0.410252
0.450320
0.395050
0.310173
0.339445
0.362034
0.343097
0.330538
0.346820
0.354080
0.293920
0.331786
0.296805
0.321286
0.287415
0.286242
0.341244
0.373742
0.340772
0.340952
0.332698
0.321335
0.303692
0.342832
0.315017
0.312497
0.339910
0.320588
0.323275
0.316347
0.309242
0.339609
0.286018
0.375334
0.282115
0.290673
0.354044
0.350907
0.329570
0.317803
0.310963
0.337526
0.347542
0.348563
0.303730
0.357728
0.315164
0.302404
0.296040
0.308688
0.304556
0.338846
0.281913
0.290931
0.299843
0.280892
0.265379
0.292813
0.304162
0.400631
0.302754
0.269123
0.326875
0.322678
0.276518
0.333834
0.254208
0.401621
0.321820
0.335345
0.328337
0.269365
0.279008
0.284720
0.307914
0.319658
0.279628
0.285882
0.308168
0.350428
0.365908
0.337810
0.356578
0.305760
0.308356
0.251687
0.315690
0.308853
0.267017
0.381134
0.263587
0.289790
0.311707
0.269561
0.351335
0.285761
0.279283
0.307212
0.310800
0.313011
0.349401
0.262765
0.295894
0.260856
0.256680
0.312317
0.310109
0.291482
0.275395
0.305081
0.361343
0.278836
0.248248
0.259574
0.436413
0.294865
0.277696
0.287994
0.296911
0.298398
0.329155
0.314414
0.249843
0.313249
0.288384
0.256100
0.294090
0.267442
0.370902
0.242474
0.265551
0.278676
0.250262
0.275901
0.298144
0.304317
0.310381
0.316726
0.280755
0.234999
0.296396
0.265632
0.263063
0.305366
0.274272
0.258400
0.283815
0.285923
0.342654
0.304290
0.327241
0.284756
0.261434
0.258507
0.253755
0.256462
0.245065
0.301002
0.285533
0.348927
0.290269
0.328200
0.246118
0.329566
0.301056
0.308638
0.338661
0.270507
0.281451
0.284138
0.290144
0.231140
0.315350
0.311683
0.257550
0.232958
0.266512
0.260296
0.232795
0.329068
0.338365
0.256272
0.311399
0.276748
0.272440
0.240183
0.345116
0.260550
0.241328
0.252936
0.269970
0.253778
0.290197
0.261726
0.324364
0.247739
0.316909
0.285218
0.276270
0.253364
0.288867
0.267303
0.241344
0.283205
0.383854
0.292034
0.318988
0.287524
0.251123
0.263903
0.235272
0.239873
0.314432
0.267366
0.280109
0.292301
0.287841
0.288873
0.308587
0.258042
0.250227
0.298075
0.280904
0.293479
0.250770
0.255128
0.283774
0.294656
0.254213
0.314134
0.279045
0.297601
0.279504
0.240602
0.277989
0.240734
0.221028
0.282349
0.314677
0.327183
0.322317
0.325949
0.239405
0.265185
0.296980
0.279968
0.283038
0.268471
0.307428
0.254117
0.250229
0.295401
0.229136
0.251092
0.268858
0.268198
0.259214
0.319035
0.251813
0.316574
0.353430
0.328688
0.287963
0.244748
0.276717
0.296485
0.229185
0.217154
0.268915
0.274900
0.314632
0.290777
0.267616
0.316440
0.265329
0.230572
0.273865
0.221795
0.257110
0.253219
0.230371
0.247637
0.232347
0.227312
0.234901
0.256240
0.276135
0.368988
0.265156
0.247681
0.283585
0.269165
0.249262
0.279755
0.241571
0.246979
0.250642
0.299458
0.272446
0.283386
0.251803
0.286675
0.255472
0.220978
0.273581
0.217818
0.294653
0.281803
0.261375
0.255138
0.269124
0.249475
0.234423
0.249185
0.225664
0.257364
0.210506
0.261809
0.259740
0.238615
0.225087
0.284475
0.245240
0.259327
0.209645
0.268592
0.222772
0.265721
0.282750
0.215725
0.251511
0.225507
0.230427
0.218616
0.256712
0.243256
0.210174
0.206928
0.237432
0.222680
0.256455
0.208510
0.225400
0.250802
0.269119
0.287376
0.230958
0.243160
0.237070
0.286493
0.283760
0.277186
0.249835
0.254369
0.250690
0.238974
0.284587
0.252604
0.279143
0.202625
0.228287
0.250137
0.270948
0.216448
0.218111
0.308910
0.275574
0.346236
0.232109
0.284392
0.226449
0.244812
0.201197
0.226993
0.201049
0.285891
0.246899
0.240068
0.228421
0.253669
0.216590
0.263768
0.275265
0.263395
0.214067
0.201247
0.279816
0.203667
0.231007
0.238926
0.233735
0.297028
0.238967
0.256127
0.299520
0.271773
0.232484
0.248370
0.267278
0.253277
0.222523
0.245007
0.313016
0.259196
0.226892
0.301610
0.270361
0.238592
0.278895
0.239273
0.225920
0.236936
0.302222
0.262168
0.239115
0.274835
0.197233
0.298865
0.210219
0.257782
0.270959
0.243242
0.283315
0.209049
0.237961
0.239356
0.234320
0.307840
0.226116
0.270525
0.246543
0.216163
0.252426
0.317968
0.265438
0.246327
0.238901
0.294357
0.251478
0.217411
0.263524
0.227944
0.273962
0.275681
0.201375
0.211651
0.197412
0.194048
0.286335
0.212388
0.261200
0.257785
0.238336
0.211053
0.218854
0.217862
0.223462
0.231853
0.290549
0.222966
0.253261
0.290677
0.250650
0.282208
0.227286
0.304867
0.242832
0.226889
0.312197
0.201556
0.212424
0.274915
0.211901
0.209842
0.257038
0.245192
0.259588
0.216275
0.220524
0.194104
0.216437
0.242218
0.239545
0.217521
0.267053
0.219021
0.216262
0.253602
0.199020
0.247889
0.237637
0.267203
0.241647
0.199154
0.233152
0.196813
0.192099
0.216373
0.245905
0.215109
0.196908
0.205733
0.244263
0.234808
0.244430
0.200646
0.233496
0.205330
0.207642
0.257695
0.208919
0.187057
0.238599
0.233035
0.229904
0.260001
0.210052
0.243366
0.251062
0.196511
0.222176
0.210203
0.223373
0.209870
0.290730
0.227196
0.193181
0.247460
0.294781
0.235119
0.260503
0.210835
0.250659
0.188458
0.301009
0.255921
0.190219
0.189082
0.238694
0.185407
0.292822
0.238118
0.290010
0.225319
0.283997
0.271965
0.203046
0.214845
0.230585
0.279006
0.265203
0.231864
0.237580
0.226339
0.244423
0.254064
0.212289
0.227147
0.199347
0.203566
0.240061
0.282375
0.213169
0.226254
0.265888
0.231132
0.225281
0.215438
0.243036
0.237867
0.204563
0.251773
0.204165
0.222877
0.230318
0.212721
0.251303
0.216470
0.259702
0.283960
0.220572
0.237183
0.232764
0.213726
0.208539
0.184413
0.188630
0.201476
0.240930
0.251180
0.250246
0.242694
0.182550
0.196240
0.261699
0.200872
0.197717
0.225954
0.194664
0.216079
0.272581
0.256487
0.244062
0.289022
0.251443
0.227730
0.255118
0.239329
0.259978
0.209037
0.252783
0.269775
0.204058
0.220502
0.229494
0.274973
0.256727
0.261678
0.197843
0.197004
0.285689
0.269474
0.279900
0.204125
0.226771
0.262802
0.201982
0.218067
0.210949
0.188527
0.241435
0.233637
0.223804
0.211234
0.250928
0.191888
0.191290
0.237498
0.183943
0.206562
0.270387
0.206554
0.282502
0.279687
0.249518
0.240274
0.209137
0.238421
0.247984
0.289200
0.239337
0.198322
0.283691
0.175381
0.212688
0.211333
0.206091
0.201103
0.213528
0.197020
0.209637
0.251871
0.245315
0.190057
0.256194
0.191274
0.197007
0.206871
0.218774
0.194607
0.213508
0.221865
0.224704
0.187688
0.244221
0.176508
0.242708
0.265117
0.214825
0.269766
0.223166
0.221274
0.192381
0.197984
0.190586
0.198869
0.261189
0.199269
0.221195
0.172245
0.214805
0.225916
0.206893
0.218380
0.227985
0.279516
0.180778
0.216691
0.200299
0.175690
0.283664
0.191123
0.183295
0.219005
0.224185
0.212030
0.174552
0.219141
0.214337
0.201476
0.228673
0.190089
0.182398
0.205934
0.239319
0.196481
0.238228
0.192274
0.241238
0.205997
0.210118
0.241979
0.178932
0.189544
0.214984
0.179536
0.208582
0.204984
0.178250
0.208470
0.204796
0.180246
0.192198
0.177065
0.204142
0.203779
0.227091
0.200991
0.181116
0.243207
0.193068
0.228372
0.176561
0.198537
0.182189
0.188810
0.178875
0.232792
0.179327
0.201977
0.184204
0.192314
0.232276
0.167604
0.177746
0.182369
0.190011
0.228640
0.183546
0.228644
0.199727
0.250718
0.264274
0.203927
0.211325
0.261174
0.286452
0.207027
0.253469
0.302816
0.215585
0.277628
0.245627
0.211843
0.218805
0.188046
0.235506
0.244575
0.305984
0.239919
0.238921
0.193424
0.205164
0.239826
0.281133
0.308940
0.231010
0.212349
0.212642
0.224120
0.192583
0.246466
0.228106
0.185747
0.198483
0.224695
0.233498
0.207320
0.168430
0.191944
0.207501
0.193760
0.241025
0.200568
0.184709
0.239236
0.195605
0.203407
0.245958
0.186660
0.195155
0.172423
0.253976
0.213595
0.203718
0.213756
0.225044
0.216396
0.214784
0.197782
0.226193
0.211040
0.217406
0.187406
0.228630
0.193165
0.252144
0.241308
0.251841
0.193311
0.188908
0.178287
0.202776
0.188790
0.226973
0.175000
0.198112
0.165390
0.185983
0.170197
0.181083
0.189393
0.191339
0.244177
0.182090
0.260631
0.213414
0.223394
0.198945
0.182442
0.250617
0.215239
0.244530
0.183601
0.188548
0.181321
0.190472
0.198180
0.213208
0.209704
0.212615
0.174566
0.181815
0.223445
0.225344
0.206319
0.197130
0.182177
0.240041
0.234522
0.223682
0.211002
0.232350
0.250325
0.227517
0.192845
0.195200
0.210517
0.224110
0.200605
0.220594
0.215791
0.198795
0.176910
0.212327
0.206177
0.160883
0.190492
0.248349
0.220397
0.218436
0.306845
0.186323
0.174060
0.202065
0.210315
0.182996
0.193722
0.208221
0.261967
0.291495
0.172951
0.198388
0.280052
0.167026
0.189063
0.239761
0.196454
0.214570
0.186718
0.197837
0.172145
0.204435
0.160968
0.198017
0.219250
0.190757
0.165746
0.188471
0.169253
0.223129
0.165760
0.196256
0.226654
0.182897
0.190274
0.167069
0.248057
0.208387
0.177041
0.170783
0.168815
0.174016
0.195111
0.228868
0.233405
0.164769
0.191105
0.186422
0.166212
0.217690
0.191988
0.162877
0.163314
0.190745
0.166450
0.170640
0.187762
0.163600
0.217891
0.172275
0.177692
0.183079
0.229471
0.156668
0.184720
0.166667
0.173179
0.174322
0.185449
0.208790
0.171393
0.188008
0.186515
0.165180
0.165347
0.200073
0.171072
0.152490
0.176575
0.212229
0.172963
0.200302
0.216875
0.161882
0.160218
0.171141
0.191297
0.175944
0.166759
0.224707
0.202341
0.152448
0.176985
0.226907
0.174098
0.212770
0.179863
0.173971
0.187299
0.167001
0.176997
0.212923
0.195346
0.181596
0.184452
0.182645
0.189337
0.171042
0.172162
0.204773
0.175350
0.168165
0.182308
0.164347
0.217381
0.183359
0.175454
0.241127
0.186973
0.184640
0.181290
0.201270
0.190567
0.208542
0.187096
0.197193
0.194532
0.194335
0.198720
0.172316
0.196367
0.183462
0.176692
0.154668
0.203638
0.169222
0.234023
0.168160
0.162640
0.187001
0.206612
0.191954
0.177891
0.171558
0.241423
0.183175
0.186607
0.163500
0.165921
0.172252
0.199863
0.187592
0.179889
0.183914
0.173299
0.178282
0.184777
0.228155
0.215401
0.148997
0.236283
0.168101
0.152401
0.219827
0.174710
0.168700
0.181645
0.159733
0.195351
0.169803
0.230959
0.173318
0.182017
0.153069
0.179797
0.182313
0.167571
0.146228
0.220734
0.212529
0.182940
0.217963
0.158096
0.185787
0.152743
0.186485
0.185459
0.193539
0.166054
0.174256
0.168526
0.170989
0.186586
0.184121
0.174932
0.145255
0.181809
0.231844
0.158111
0.230243
0.177575
0.205836
0.159063
0.216694
0.182319
0.195154
0.175969
0.210327
0.188610
0.204409
0.163978
0.200376
0.210294
0.165761
0.187808
0.143686
0.192910
0.181362
0.164903
0.180514
0.180063
0.160706
0.144854
0.172945
0.143851
0.199802
0.167845
0.146639
0.179585
0.167159
0.230974
0.210660
0.146909
0.199592
0.190886
0.281047
0.174529
0.192303
0.209681
0.168011
0.183087
0.192162
0.164143
0.209306
0.177824
0.167071
0.218669
0.214927
0.219132
0.180259
0.213761
0.148032
0.154046
0.177915
0.167095
0.146142
0.180246
0.185668
0.158715
0.145467
0.159835
0.216924
0.162427
0.159951
0.151504
0.208296
0.179420
0.180873
0.185558
0.162321
0.154364
0.203636
0.143482
0.186437
0.180309
0.156530
0.164766
0.175968
0.216745
0.169457
0.167567
0.148878
0.161274
0.197736
0.205321
0.176862
0.167992
0.143625
0.147231
0.192560
0.161242
0.190507
0.198507
0.155992
0.206268
0.140677
0.154336
0.145737
0.173775
0.151230
0.142969
0.155512
0.186094
0.248232
0.223562
0.182611
0.150683
0.142661
0.173903
0.192282
0.147727
0.228277
0.201643
0.253137
0.160768
0.202319
0.151481
0.157550
0.176770
0.189800
0.190246
0.246299
0.164291
0.171065
0.192577
0.153751
0.158580
0.154491
0.174017
0.155426
0.211546
0.193602
0.176122
0.227480
0.159570
0.176856
0.160743
0.163125
0.139969
0.163932
0.166003
0.146138
0.143757
0.154022
0.182646
0.151733
0.176538
0.183787
0.162211
0.160544
0.138261
0.142567
0.145079
0.163498
0.138160
0.174274
0.137411
0.145202
0.191276
0.228087
0.192871
0.225135
0.182484
0.161353
0.144767
0.152166
0.172927
0.164737
0.174308
0.155426
0.145376
0.186730
0.163547
0.177968
0.150909
0.205105
0.190832
0.181280
0.153555
0.156454
0.137477
0.137149
0.159100
0.180010
0.160719
0.135880
0.151742
0.163211
0.145728
0.151659
0.157101
0.234773
0.134370
0.167671
0.163568
0.138879
0.147375
0.186224
0.169446
0.164616
0.148375
0.172890
0.178488
0.224153
0.184528
0.156130
0.176233
0.163234
0.152286
0.155717
0.177853
0.140277
0.174966
0.148634
0.168818
0.171400
0.141448
0.172512
0.157860
0.162258
0.134435
0.176305
0.158481
0.194224
0.180100
0.168087
0.158796
0.198717
0.196103
0.185632
0.150416
0.139535
0.173131
0.207168
0.134423
0.173658
0.203105
0.191232
0.165783
0.187344
0.138660
0.162211
0.144703
0.185685
0.163290
0.177122
0.157774
0.170904
0.201494
0.167051
0.147993
0.138133
0.150379
0.199811
0.135542
0.160578
0.153813
0.171405
0.174461
0.220334
0.185538
0.183010
0.208918
0.147830
0.150420
0.170254
0.132328
0.187335
0.224647
0.141451
0.149488
0.163861
0.169621
0.169413
0.170238
0.134212
0.183329
0.154840
0.159227
0.191103
0.154959
0.144890
0.159208
0.171520
0.166045
0.225646
0.146990
0.244560
0.223334
0.212239
0.184891
0.179680
0.144596
0.146876
0.190961
0.137071
0.141073
0.192277
0.203370
0.254252
0.147936
0.192374
0.192955
0.143467
0.177114
0.240813
0.199828
0.165906
0.193263
0.188079
0.135261
0.207085
0.158096
0.139464
0.165917
0.208246
0.153139
0.178083
0.162975
0.161589
0.211675
0.221280
0.204992
0.206991
0.160302
0.215827
0.176839
0.164996
0.216668
0.182759
0.194008
0.171916
0.223494
0.192442
0.133467
0.255298
0.166978
0.180446
0.164587
0.158760
0.173337
0.194306
0.172749
0.178230
0.132237
0.203235
0.161629
0.164887
0.160233
0.196234
0.192410
0.154548
0.164253
0.165649
0.177923
0.139357
0.156324
0.155032
0.180402
0.189403
0.173290
0.134408
0.150237
0.212013
0.148617
0.137233
0.168312
0.130635
0.163322
0.130713
0.169187
0.229590
0.142828
0.143191
0.141919
0.139874
0.130595
0.177722
0.175352
0.159529
0.141121
0.153437
0.135047
0.129903
0.155649
0.185175
0.181060
0.206356
0.147938
0.161627
0.142686
0.149113
0.155852
0.157027
0.179205
0.136834
0.129660
0.142500
0.158719
0.170472
0.157233
0.152060
0.173332
0.155798
0.219215
0.128931
0.189768
0.133551
0.138659
0.146258
0.139768
0.161455
0.243646
0.173807
0.145131
0.158363
0.194555
0.185146
0.146296
0.169573
0.157238
0.159295
0.142850
0.156881
0.158987
0.172930
0.162737
0.183167
0.153250
0.156323
0.193637
0.132547
0.138158
0.148442
0.157908
0.135383
0.138824
0.226677
0.185473
0.143269
0.178864
0.178559
0.151206
0.133022
0.135586
0.174890
0.211849
0.168370
0.178768
0.133856
0.142773
0.172607
0.145874
0.146176
0.172046
0.140420
0.188269
0.138325
0.256464
0.149366
0.202456
0.128209
0.135818
0.268323
0.146563
0.185651
0.167808
0.180715
0.240152
0.188826
0.161483
0.127963
0.133685
0.152559
0.173946
0.176803
0.166594
0.154666
0.132721
0.147436
0.137543
0.229244
0.131708
0.126744
0.147903
0.205130
0.130729
0.144189
0.200170
0.165469
0.180924
0.167801
0.135145
0.148984
0.231499
0.226544
0.165394
0.217822
0.145197
0.151460
0.132809
0.147917
0.179222
0.128220
0.220393
0.162370
0.145601
0.180991
0.153951
0.182264
0.173750
0.148547
0.152033
0.153245
0.146513
0.165605
0.131810
0.143117
0.153756
0.150538
0.221122
0.195417
0.163025
0.173286
0.133260
0.163246
0.207612
0.155178
0.145844
0.156714
0.148298
0.157872
0.146119
0.143720
0.150945
0.130527
0.132192
0.196081
0.154123
0.129167
0.197876
0.147380
0.169596
0.152605
0.124791
0.157041
0.200122
0.200404
0.141849
0.126038
0.155366
0.184568
0.175175
0.140679
0.150983
0.176498
0.175813
0.153707
0.125844
0.124935
0.148269
0.177067
0.151328
0.237992
0.153543
0.197779
0.156307
0.139631
0.148377
0.196703
0.179879
0.196129
0.175821
0.135816
0.130836
0.142334
0.197999
0.179792
0.167367
0.183631
0.146126
0.196125
0.194349
0.164370
0.186748
0.143953
0.167719
0.140181
0.174454
0.135934
0.141483
0.124910
0.124186
0.163990
0.152809
0.175171
0.155638
0.139283
0.177937
0.173744
0.196458
0.161267
0.154255
0.145330
0.156728
0.159413
0.185645
0.146446
0.150471
0.130938
0.148527
0.161503
0.148034
0.149363
0.124556
0.143700
0.153398
0.165716
0.124966
0.180193
0.129018
0.143872
0.136844
0.140866
0.165098
0.142786
0.166525
0.184653
0.191777
0.143175
0.165684
0.161892
0.144666
0.163435
0.155666
0.148469
0.152645
0.149093
0.152301
0.218646
0.192388
0.155686
0.124757
0.184616
0.147127
0.189901
0.182667
0.134780
0.147790
0.167769
0.140738
0.158590
0.160496
0.208766
0.241338
0.161253
0.178150
0.156629
0.196699
0.154990
0.187310
0.200265
0.150635
0.162210
0.157233
0.177653
0.156973
0.137366
0.149999
0.123546
0.123551
0.142249
0.129275
0.136956
0.141437
0.160789
0.151226
0.191759
0.138935
0.145395
0.152534
0.155350
0.133974
0.136815
0.149805
0.169299
0.144950
0.133745
0.144942
0.124037
0.165114
0.160401
0.124290
0.143098
0.122955
0.120314
0.167649
0.160234
0.127266
0.237908
0.176992
0.132038
0.135359
0.120340
0.121071
0.124321
0.154125
0.134907
0.123784
0.149102
0.122115
0.165406
0.125331
0.142352
0.124950
0.137911
0.138514
0.137092
0.120731
0.129098
0.118178
0.165043
0.141777
0.124470
0.150589
0.170523
0.218531
0.132250
0.147444
0.130022
0.129260
0.145755
0.142468
0.131990
0.146715
0.118663
0.135719
0.117237
0.120305
0.141038
0.135691
0.150705
0.142570
0.195801
0.145855
0.134108
0.116351
0.133237
0.134670
0.165339
0.130835
0.153197
0.134895
0.175230
0.176968
0.125198
0.131434
0.121070
0.120320
0.147281
0.179971
0.131256
0.161526
0.170371
0.154493
0.188041
0.131549
0.114895
0.157418
0.135225
0.147302
0.185602
0.155262
0.120970
0.128489
0.156398
0.133206
0.119174
0.123732
0.126426
0.143977
0.140665
0.116462
0.128967
0.164099
0.159305
0.119310
0.128586
0.138664
0.134965
0.155744
0.138287
0.126479
0.119835
0.114430
0.130774
0.167655
0.136260
0.133550
0.150163
0.139571
0.148041
0.154455
0.145836
0.116797
0.116582
0.124901
0.128309
0.131264
0.132406
0.135688
0.125306
0.173750
0.166057
0.157311
0.127780
0.114668
0.140160
0.140330
0.117238
0.162493
0.118835
0.172838
0.113129
0.150123
0.130770
0.124443
0.147043
0.134144
0.179338
0.151059
0.146737
0.147352
0.135095
0.129591
0.165803
0.117412
0.145997
0.125096
0.159437
0.123925
0.153702
0.140344
0.142243
0.153597
0.153622
0.112343
0.143764
0.150312
0.128120
0.130189
0.163301
0.125424
0.141789
0.112953
0.131365
0.123319
0.139181
0.130903
0.144532
0.149715
0.130053
0.141315
0.135399
0.171203
0.159002
0.156655
0.134965
0.124527
0.135690
0.138024
0.135482
0.172643
0.131290
0.127702
0.111800
0.138964
0.128136
0.154118
0.207152
0.125156
0.141358
0.118731
0.213422
0.160252
0.118970
0.145490
0.143727
0.127241
0.145592
0.152952
0.123864
0.123472
0.137011
0.133572
0.116947
0.113584
0.136919
0.120345
0.165581
0.153340
0.136334
0.122235
0.121331
0.233232
0.141753
0.128830
0.191679
0.158691
0.149684
0.140598
0.143424
0.127882
0.148122
0.130410
0.147000
0.116918
0.145952
0.158652
0.147365
0.128982
0.116162
0.121896
0.177026
0.122127
0.162770
0.166686
0.157239
0.180546
0.135597
0.130925
0.150516
0.145846
0.142149
0.123976
0.140164
0.114523
0.143273
0.159262
0.127611
0.140618
0.141463
0.192357
0.132931
0.142246
0.188322
0.156434
0.155706
0.139940
0.142583
0.139026
0.191231
0.142994
0.115757
0.179952
0.194453
0.112505
0.127651
0.112907
0.155415
0.149988
0.137818
0.131066
0.118421
0.135674
0.127121
0.131473
0.138973
0.114844
0.145587
0.153305
0.122263
0.157055
0.133464
0.116663
0.109676
0.151367
0.117380
0.110547
0.122194
0.112557
0.130500
0.144518
0.133408
0.122166
0.155268
0.118636
0.116959
0.133477
0.126212
0.114112
0.127204
0.125511
0.126504
0.174150
0.169903
0.142968
0.136810
0.126590
0.130920
0.109293
0.154624
0.128376
0.171775
0.130154
0.135121
0.149167
0.160191
0.111540
0.113729
0.162475
0.127634
0.164323
0.172382
0.157846
0.110271
0.159613
0.191756
0.125314
0.114524
0.177663
0.122007
0.148554
0.161608
0.161961
0.120692
0.132214
0.138176
0.118319
0.116654
0.145971
0.125531
0.171882
0.202584
0.126277
0.171334
0.149581
0.117554
0.119027
0.145855
0.140237
0.125420
0.165877
0.165269
0.113922
0.159946
0.141293
0.116050
0.115544
0.135101
0.107684
0.131737
0.118325
0.111806
0.180845
0.174993
0.136931
0.126379
0.153077
0.159809
0.119452
0.148296
0.132214
0.109920
0.114671
0.107638
0.124491
0.134456
0.123469
0.131211
0.193350
0.145612
0.125886
0.144629
0.149988
0.111452
0.136042
0.119347
0.108037
0.127035
0.109748
0.119570
0.120932
0.121752
0.122113
0.158213
0.124076
0.149279
0.143678
0.149589
0.160001
0.138866
0.122326
0.169229
0.114069
0.110352
0.123893
0.122934
0.160892
0.138834
0.157971
0.106069
0.120557
0.131774
0.120757
0.128182
0.153268
0.116794
0.167610
0.151991
0.112776
0.107294
0.106109
0.122031
0.106424
0.107440
0.131307
0.161213
0.170585
0.147912
0.124017
0.154007
0.134843
0.136211
0.127827
0.132475
0.123864
0.139662
0.117456
0.105663
0.135422
0.167107
0.174527
0.157652
0.150280
0.210279
0.130276
0.123873
0.125839
0.105093
0.134857
0.108653
0.117232
0.116037
0.129911
0.126852
0.156000
0.124908
0.112346
0.131043
0.119219
0.105963
0.115721
0.105783
0.118512
0.194548
0.115369
0.119137
0.125291
0.147766
0.135819
0.106170
0.146649
0.137515
0.118498
0.119291
0.128961
0.130182
0.163178
0.189014
0.111542
0.159625
0.144390
0.203866
0.120475
0.134361
0.106695
0.154932
0.150602
0.142255
0.115042
0.141357
0.148452
0.109858
0.164232
0.112481
0.124265
0.129520
0.167227
0.106438
0.139661
0.105715
0.131871
0.140652
0.115382
0.133795
0.104739
0.160943
0.131531
0.201563
0.139880
0.120889
0.123509
0.132230
0.103238
0.143278
0.127945
0.110076
0.111617
0.106393
0.108030
0.137781
0.153606
0.104837
0.145400
0.134677
0.128126
0.136212
0.122146
0.105339
0.114085
0.144017
0.158693
0.104497
0.133736
0.170388
0.149167
0.134546
0.164620
0.162302
0.128144
0.114176
0.121465
0.114682
0.132566
0.105652
0.197160
0.139482
0.121693
0.181731
0.161902
0.127294
0.148359
0.182162
0.171668
0.118446
0.114844
0.161639
0.137736
0.134099
0.148224
0.150036
0.157597
0.116698
0.150456
0.117073
0.119523
0.117072
0.141141
0.120558
0.104159
0.160510
0.124381
0.111759
0.106383
0.138942
0.104074
0.102557
0.136810
0.137770
0.117976
0.147918
0.118636
0.184328
0.131625
0.103546
0.137052
0.141257
0.150404
0.112284
0.136035
0.142106
0.133584
0.135765
0.104022
0.116202
0.171666
0.117980
0.138909
0.140876
0.145541
0.121486
0.141604
0.122948
0.132561
0.150744
0.109352
0.125333
0.143534
0.135069
0.121155
0.144225
0.116673
0.106273
0.118406
0.229138
0.155286
0.174515
0.134517
0.116493
0.104287
0.110508
0.158836
0.139432
0.151276
0.103869
0.102054
0.149896
0.118765
0.112654
0.128634
0.125924
0.102421
0.119167
0.182276
0.166822
0.104904
0.151909
0.109112
0.114944
0.105232
0.139327
0.133001
0.157689
0.139856
0.141385
0.150691
0.177017
0.109053
0.131425
0.148130
0.126237
0.164242
0.188312
0.117038
0.142064
0.138199
0.130449
0.114722
0.104274
0.155375
0.157199
0.101929
0.151420
0.148525
0.152802
0.132076
0.142678
0.130951
0.159522
0.125494
0.132397
0.102661
0.156344
0.103276
0.120184
0.129444
0.157754
0.178430
0.182443
0.122029
0.146948
0.143997
0.125475
0.104542
0.116221
0.159344
0.130793
0.156363
0.123198
0.153298
0.283637
0.142838
0.132073
0.111356
0.169576
0.149585
0.177852
0.190805
0.157607
0.137451
0.123324
0.149666
0.127549
0.171802
0.125732
0.145959
0.128505
0.154894
0.159269
0.149191
0.103649
0.128897
0.119537
0.149501
0.139116
0.141985
0.140370
0.144842
0.103240
0.123423
0.117181
0.131901
0.142910
0.108401
0.129363
0.170385
0.127245
0.130500
0.150479
0.121332
0.139438
0.196513
0.141299
0.112484
0.209303
0.143898
0.114511
0.128381
0.107342
0.158244
0.161768
0.129074
0.106289
0.148531
0.104312
0.121067
0.129762
0.130028
0.136821
0.129651
0.140072
0.104453
0.129338
0.120463
0.115802
0.136017
0.152039
0.153090
0.119558
0.129707
0.112136
0.118682
0.112116
0.125695
0.107052
0.159962
0.163525
0.170306
0.166500
0.119220
0.206802
0.180709
0.187314
0.160335
0.142188
0.121324
0.140673
0.164815
0.102853
0.109101
0.137256
0.146198
0.138564
0.116912
0.148668
0.140846
0.119754
0.148453
0.108134
0.115217
0.201911
0.121077
0.117657
0.118441
0.125746
0.137529
0.132125
0.165419
0.102186
0.153276
0.108614
0.173657
0.129500
0.101798
0.145518
0.162023
0.122600
0.143552
0.130586
0.130245
0.139158
0.148937
0.133824
0.101084
0.110878
0.109929
0.111444
0.115488
0.144836
0.151023
0.124886
0.148469
0.114417
0.186742
0.118133
0.123342
0.133622
0.135333
0.127600
0.123595
0.104036
0.171498
0.101937
0.100572
0.127363
0.101091
0.100960
0.101272
0.125358
0.114234
0.134552
0.132581
0.120573
0.160071
0.103242
0.115255
0.133631
0.114019
0.144118
0.127447
0.100021
0.100062
0.118458
0.111528
0.147088
0.101500
0.121096
0.123676
0.103397
0.132279
0.138221
0.116553
0.103314
0.113106
0.105364
0.112124
0.122169
0.122796
0.119724
0.098657
0.120348
0.145216
0.114641
0.125493
0.120587
0.128521
0.101527
0.174542
0.141484
0.122649
0.108403
0.136303
0.113892
0.116058
0.120377
0.113385
0.144836
0.170498
0.130813
0.114905
0.114297
0.100715
0.163032
0.118552
0.126236
0.115816
0.172539
0.128278
0.113929
0.122633
0.111458
0.115936
0.145593
0.154790
0.155012
0.164884
0.163731
0.122855
0.134514
0.117392
0.109097
0.152728
0.100877
0.133800
0.128730
0.097980
0.106511
0.097613
0.141798
0.113737
0.106143
0.097671
0.102141
0.097426
0.158629
0.118560
0.100499
0.128428
0.125703
0.121472
0.100295
0.106592
0.130166
0.141802
0.114794
0.100395
0.112442
0.111150
0.116053
0.123399
0.136812
0.103505
0.110583
0.116799
0.108137
0.126324
0.111990
0.122961
0.103546
0.122699
0.113541
0.126926
0.133620
0.111787
0.121469
0.133844
0.112200
0.098823
0.107514
0.125776
0.103896
0.111821
0.164142
0.096880
0.147039
0.116136
0.143139
0.122668
0.170363
0.097228
0.097117
0.158030
0.136961
0.103674
0.107565
0.113500
0.131376
0.134569
0.125208
0.121402
0.102698
0.097224
0.120793
0.113435
0.104085
0.168857
0.096167
0.123753
0.146078
0.127695
0.139132
0.101448
0.109681
0.096703
0.099769
0.099547
0.125253
0.118001
0.096799
0.107618
0.110819
0.109771
0.135292
0.123058
0.114916
0.125763
0.119643
0.097739
0.112869
0.109383
0.120006
0.103666
0.124446
0.124407
0.141340
0.150658
0.129344
0.150846
0.107034
0.128976
0.114944
0.135054
0.106846
0.096516
0.097015
0.109674
0.124451
0.112614
0.109326
0.106402
0.114585
0.109366
0.150368
0.103991
0.114687
0.102971
0.130927
0.134608
0.096439
0.112414
0.095294
0.125216
0.114223
0.107017
0.108202
0.105891
0.096306
0.107025
0.099182
0.097681
0.108996
0.105225
0.094435
0.126336
0.127360
0.109705
0.121028
0.110569
0.142415
0.093686
0.093705
0.127076
0.110898
0.096455
0.153173
0.142745
0.096775
0.139367
0.107078
0.093414
0.095331
0.133570
0.115706
0.114540
0.140981
0.102831
0.138772
0.133481
0.133559
0.145851
0.123026
0.094619
0.152282
0.113913
0.113181
0.107893
0.140490
0.093796
0.114653
0.095194
0.102347
0.099374
0.093790
0.112902
0.151501
0.134674
0.137178
0.093004
0.101455
0.105695
0.092835
0.145413
0.102245
0.133652
0.123857
0.128688
0.134444
0.152635
0.112857
0.122003
0.125729
0.101774
0.104092
0.145535
0.144060
0.131696
0.105961
0.096990
0.094901
0.122187
0.157528
0.141033
0.141486
0.148157
0.092845
0.126171
0.143299
0.096017
0.111710
0.099902
0.094053
0.168700
0.092632
0.123523
0.133782
0.110867
0.129071
0.098723
0.109192
0.103737
0.117195
0.126156
0.129143
0.097972
0.122020
0.107733
0.109002
0.147165
0.104814
0.107158
0.133688
0.115926
0.147792
0.093823
0.166877
0.134911
0.134349
0.095765
0.115460
0.101316
0.107740
0.130237
0.106936
0.180012
0.093123
0.093367
0.092474
0.100990
0.096380
0.091935
0.127602
0.138311
0.113375
0.108250
0.092802
0.119986
0.125154
0.112336
0.147948
0.109184
0.111402
0.098157
0.106932
0.128100
0.108476
0.103494
0.132175
0.103101
0.106752
0.100288
0.123822
0.122915
0.117577
0.105696
0.101355
0.116490
0.112700
0.141209
0.114831
0.096372
0.118087
0.109047
0.108416
0.113108
0.143804
0.126330
0.134586
0.105912
0.148671
0.100534
0.101598
0.095987
0.121826
0.092345
0.110720
0.110940
0.098679
0.096088
0.096516
0.176475
0.091386
0.130560
0.090495
0.136320
0.113411
0.221756
0.145072
0.105809
0.105448
0.093997
0.116217
0.148016
0.105226
0.115298
0.104079
0.109259
0.107332
0.151440
0.096540
0.106682
0.124079
0.103250
0.116174
0.091754
0.098921
0.113694
0.120668
0.141601
0.126841
0.138311
0.090287
0.111713
0.110815
0.105931
0.129542
0.114302
0.113251
0.134826
0.144362
0.095974
0.104981
0.109665
0.095378
0.107854
0.155940
0.121491
0.163255
0.128471
0.108716
0.115964
0.167309
0.119027
0.131284
0.139755
0.102108
0.111569
0.147291
0.141670
0.131051
0.121697
0.114638
0.136192
0.117384
0.201100
0.123028
0.140277
0.114401
0.095641
0.123793
0.096429
0.103832
0.089907
0.114260
0.117256
0.093749
0.091397
0.133432
0.121839
0.101713
0.089774
0.108697
0.136614
0.139989
0.090903
0.094655
0.091046
0.122771
0.090585
0.089621
0.122679
0.089904
0.089631
0.112643
0.124367
0.120777
0.092243
0.094773
0.110761
0.090069
0.091481
0.106458
0.095879
0.105637
0.104431
0.116930
0.111635
0.124357
0.116273
0.105058
0.119088
0.090945
0.107672
0.180479
0.107948
0.090293
0.118973
0.096216
0.102244
0.102258
0.102800
0.105998
0.106738
0.131477
0.091103
0.114638
0.089881
0.088721
0.088845
0.149759
0.122810
0.088688
0.149757
0.123313
0.115615
0.117512
0.104184
0.101408
0.131647
0.153283
0.118796
0.104304
0.114372
0.123725
0.112239
0.149878
0.109561
0.149517
0.122320
0.089233
0.121411
0.154764
0.104137
0.128303
0.124076
0.106931
0.088218
0.119942
0.088922
0.115415
0.172655
0.104213
0.115953
0.134715
0.121070
0.147196
0.102642
0.105834
0.148752
0.144439
0.118754
0.094900
0.094844
0.164076
0.136133
0.119356
0.142932
0.119763
0.131426
0.102362
0.127348
0.088252
0.097201
0.101201
0.092036
0.120450
0.119694
0.120170
0.104598
0.126234
0.103949
0.188006
0.104442
0.101667
0.122391
0.100645
0.151763
0.127550
0.129760
0.125973
0.093874
0.104448
0.088983
0.091688
0.139577
0.107551
0.104469
0.122322
0.106887
0.164274
0.100401
0.103543
0.103203
0.114820
0.110767
0.103983
0.102905
0.096110
0.111883
0.133487
0.115189
0.115332
0.095250
0.095485
0.118986
0.145083
0.136286
0.108213
0.125202
0.167797
0.102693
0.114054
0.104479
0.087776
0.118798
0.127730
0.107218
0.117958
0.107684
0.158053
0.089166
0.095535
0.094815
0.102541
0.105557
0.087432
0.115213
0.126478
0.092427
0.108330
0.099359
0.103427
0.089183
0.094630
0.092797
0.088596
0.087532
0.097499
0.101822
0.088487
0.088084
0.088250
0.091232
0.104052
0.100069
0.118155
0.087832
0.090322
0.132385
0.090055
0.120135
0.138758
0.141911
0.145964
0.087972
0.123338
0.122947
0.114524
0.087110
0.133515
0.127065
0.146189
0.114401
0.114149
0.102385
0.089515
0.186140
0.086988
0.116879
0.117802
0.095034
0.107900
0.135644
0.091646
0.129832
0.099523
0.101739
0.086956
0.119022
0.102962
0.111976
0.108120
0.122124
0.146069
0.129099
0.176226
0.144019
0.108099
0.117897
0.127059
0.134318
0.110049
0.121472
0.105893
0.115287
0.116034
0.086202
0.089551
0.106591
0.127823
0.103429
0.110954
0.106759
0.113725
0.086564
0.115877
0.097563
0.096777
0.085716
0.108284
0.104091
0.126982
0.114434
0.100812
0.105203
0.105798
0.120411
0.085695
0.086298
0.088486
0.132525
0.115233
0.102231
0.119302
0.085950
0.085450
0.125199
0.124515
0.107278
0.087584
0.100856
0.100360
0.085333
0.086901
0.099672
0.086274
0.113490
0.168199
0.084998
0.101781
0.085360
0.121829
0.108424
0.097400
0.097470
0.120998
0.120673
0.088763
0.128826
0.104923
0.110923
0.120459
0.106603
0.140400
0.099692
0.111960
0.103858
0.111059
0.099520
0.112390
0.118675
0.108619
0.089391
0.086555
0.086654
0.087421
0.098269
0.085321
0.114669
0.086034
0.089377
0.113119
0.092719
0.105690
0.118687
0.125531
0.153890
0.096738
0.129639
0.105818
0.132056
0.088168
0.107666
0.108401
0.095444
0.096610
0.115657
0.092744
0.111462
0.093491
0.104006
0.098107
0.102785
0.100113
0.098459
0.094862
0.127962
0.091100
0.138612
0.145793
0.102525
0.184943
0.111875
0.122692
0.094099
0.089052
0.131649
0.157861
0.091144
0.109645
0.113890
0.107497
0.109784
0.102325
0.084493
0.113018
0.110547
0.086808
0.100077
0.223688
0.091374
0.128367
0.092973
0.143030
0.132908
0.085225
0.124429
0.096920
0.083838
0.089721
0.131298
0.109101
0.085910
0.094587
0.084269
0.083611
0.179543
0.111791
0.098172
0.117479
0.162968
0.083803
0.101750
0.086189
0.083961
0.107812
0.171715
0.112118
0.099208
0.084149
0.084417
0.127548
0.083824
0.119312
0.100795
0.099130
0.105700
0.089500
0.092364
0.097250
0.093504
0.122871
0.083314
0.101357
0.111605
0.095559
0.092882
0.106969
0.083326
0.207898
0.111224
0.120198
0.093386
0.090862
0.092204
0.111692
0.084329
0.105228
0.104932
0.083504
0.119105
0.097498
0.094301
0.130745
0.093739
0.130565
0.085834
0.095926
0.117807
0.102505
0.126991
0.087670
0.084701
0.091717
0.089147
0.130244
0.135736
0.082857
0.090911
0.086565
0.084320
0.084052
0.100111
0.116047
0.084910
0.093584
0.091789
0.159773
0.134892
0.082712
0.103891
0.097686
0.120586
0.101098
0.117964
0.125292
0.104463
0.100609
0.103775
0.084098
0.109750
0.083616
0.100458
0.141604
0.131387
0.136562
0.085918
0.155779
0.098409
0.087461
0.102625
0.098879
0.122985
0.109327
0.086859
0.104595
0.107827
0.094705
0.118501
0.148735
0.095875
0.127986
0.121211
0.082219
0.082041
0.135867
0.085648
0.082922
0.088605
0.088033
0.093257
0.113115
0.113562
0.092233
0.081961
0.128358
0.098228
0.095648
0.094849
0.082170
0.093960
0.099730
0.142803
0.083876
0.117495
0.097960
0.124315
0.083817
0.116336
0.132687
0.147071
0.085515
0.113719
0.113978
0.084433
0.088269
0.113996
0.117704
0.101539
0.115820
0.094801
0.116020
0.114750
0.119298
0.112586
0.097527
0.095205
0.133919
0.098703
0.112093
0.101290
0.084524
0.110594
0.117199
0.094208
0.118515
0.082245
0.091880
0.081542
0.081612
0.114967
0.083082
0.127887
0.085500
0.091963
0.119856
0.081483
0.111210
0.092433
0.103475
0.095853
0.082593
0.083082
0.084470
0.081909
0.101332
0.083037
0.091939
0.117506
0.115797
0.110794
0.101340
0.114211
0.125729
0.104431
0.102780
0.090014
0.100822
0.094674
0.082187
0.087018
0.080797
0.081816
0.084335
0.109863
0.112734
0.097839
0.083486
0.130913
0.140869
0.083145
0.113517
0.080901
0.097703
0.085573
0.082904
0.104883
0.095012
0.106723
0.092151
0.080137
0.121542
0.083304
0.096909
0.080075
0.148741
0.092726
0.097129
0.146470
0.121230
0.081372
0.117204
0.080355
0.086127
0.101497
0.144139
0.128567
0.081722
0.098831
0.116120
0.117746
0.087060
0.110236
0.125993
0.094335
0.155189
0.104234
0.142370
0.100471
0.089627
0.125375
0.118296
0.123494
0.108847
0.080777
0.118601
0.099965
0.106274
0.169596
0.100542
0.110875
0.135063
0.116975
0.098108
0.166652
0.095000
0.120545
0.098516
0.119745
0.105927
0.122173
0.094317
0.146904
0.094307
0.100649
0.083937
0.088464
0.106966
0.094541
0.130234
0.089129
0.105451
0.096609
0.100588
0.084820
0.107751
0.095271
0.122142
0.088531
0.112729
0.090989
0.137553
0.106891
0.101707
0.108121
0.123273
0.102855
0.084537
0.101568
0.118164
0.081318
0.094176
0.110994
0.110195
0.082306
0.158729
0.095733
0.101991
0.102715
0.080032
0.092754
0.108518
0.095303
0.135649
0.131514
0.151684
0.101559
0.090605
0.099110
0.123702
0.098806
0.093497
0.095592
0.080062
0.154688
0.137732
0.149649
0.103222
0.134716
0.087290
0.132707
0.128376
0.079717
0.080990
0.106560
0.109348
0.134601
0.107198
0.143979
0.082348
0.128092
0.116813
0.094865
0.089139
0.083868
0.090960
0.086537
0.091802
0.089762
0.100971
0.101843
0.132418
0.092172
0.079385
0.120327
0.081028
0.094694
0.082444
0.091823
0.103086
0.099345
0.120452
0.102566
0.080434
0.079590
0.110923
0.117123
0.104869
0.154092
0.109667
0.084092
0.093671
0.079151
0.079268
0.098152
0.113023
0.130791
0.087023
0.080830
0.079275
0.081587
0.106156
0.108971
0.113734
0.079241
0.095479
0.117780
0.079259
0.088503
0.108900
0.080244
0.082167
0.103899
0.080503
0.092419
0.089658
0.098731
0.079708
0.106542
0.113889
0.114582
0.098293
0.160632
0.104637
0.100071
0.084361
0.096472
0.096700
0.134382
0.097352
0.105906
0.096436
0.128200
0.078318
0.111975
0.112270
0.105112
0.096950
0.138597
0.113983
0.131763
0.088010
0.096538
0.105716
0.131850
0.078456
0.084646
0.091983
0.092513
0.086194
0.093809
0.109321
0.115729
0.091184
0.097661
0.100058
0.098853
0.094059
0.083649
0.108486
0.089673
0.095587
0.078223
0.102546
0.095832
0.109096
0.079107
0.078868
0.077713
0.098076
0.133583
0.081850
0.089465
0.089103
0.077955
0.082951
0.114306
0.079597
0.114157
0.124753
0.091276
0.118857
0.105812
0.077951
0.107711
0.077600
0.112258
0.078247
0.077518
0.141443
0.092417
0.082989
0.087306
0.109857
0.107406
0.151016
0.090998
0.111265
0.097259
0.106139
0.098597
0.105360
0.097428
0.115198
0.133563
0.109914
0.090391
0.093997
0.102878
0.093490
0.092235
0.117737
0.138587
0.081972
0.109658
0.128487
0.104482
0.078543
0.115648
0.094746
0.146223
0.080980
0.096600
0.095895
0.096539
0.113252
0.097093
0.112298
0.080572
0.088530
0.077735
0.101394
0.090005
0.105246
0.120471
0.093204
0.112495
0.100293
0.104291
0.110929
0.126314
0.090000
0.096864
0.114268
0.103232
0.100448
0.094184
0.155450
0.079804
0.096372
0.084440
0.093727
0.077431
0.093087
0.116232
0.117996
0.112992
0.098118
0.107259
0.083119
0.094281
0.100677
0.109643
0.100198
0.077520
0.124453
0.077093
0.077841
0.088631
0.096402
0.091825
0.111933
0.077616
0.103118
0.091212
0.115937
0.106696
0.091787
0.107133
0.077696
0.076880
0.119185
0.106449
0.121923
0.106662
0.098149
0.112381
0.134077
0.126995
0.098830
0.078658
0.115778
0.092647
0.094118
0.101708
0.099619
0.106145
0.076852
0.102166
0.114518
0.097323
0.113962
0.090856
0.091644
0.085949
0.097536
0.095958
0.098060
0.077979
0.099013
0.077981
0.110155
0.078430
0.079283
0.095415
0.100989
0.080147
0.115446
0.077878
0.094934
0.083283
0.082924
0.094306
0.122081
0.126688
0.085570
0.102862
0.125948
0.076289
0.103478
0.112123
0.076690
0.118500
0.115621
0.102041
0.102971
0.076872
0.105430
0.081538
0.076150
0.123851
0.076291
0.105002
0.123157
0.103063
0.094011
0.100307
0.094083
0.127101
0.104578
0.077686
0.094492
0.081475
0.115143
0.114683
0.078193
0.133431
0.084076
0.107866
0.100401
0.143915
0.089724
0.108703
0.078819
0.101547
0.105372
0.160169
0.107247
0.093062
0.080423
0.076282
0.101750
0.095560
0.093205
0.136173
0.076831
0.076430
0.101914
0.092143
0.109442
0.096958
0.125150
0.084463
0.084425
0.114579
0.095291
0.076279
0.091380
0.090968
0.103283
0.130314
0.099246
0.112568
0.120019
0.083400
0.087384
0.091990
0.118228
0.093788
0.076042
0.081644
0.077620
0.090864
0.091391
0.099091
0.125389
0.098130
0.089762
0.091178
0.078878
0.103850
0.094171
0.102215
0.076072
0.075686
0.082421
0.076236
0.079680
0.080487
0.091269
0.127937
0.082758
0.075679
0.084487
0.091646
0.089847
0.081182
0.093742
0.102683
0.075684
0.075488
0.085999
0.076473
0.075809
0.094503
0.075884
0.102234
0.075457
0.080237
0.075262
0.081534
0.077995
0.095788
0.089828
0.101925
0.081584
0.108110
0.141365
0.074877
0.088992
0.097678
0.083047
0.075566
0.078412
0.108263
0.085165
0.096334
0.075094
0.094591
0.075026
0.103851
0.084790
0.086825
0.075126
0.075529
0.104453
0.076300
0.107998
0.103099
0.093568
0.098839
0.089697
0.086721
0.089417
0.088558
0.100068
0.099698
0.076623
0.092219
0.075774
0.079573
0.102761
0.091831
0.128545
0.106624
0.097529
0.101468
0.155741
0.091667
0.101236
0.074730
0.080108
0.110666
0.107893
0.147441
0.083867
0.115491
0.100058
0.088725
0.087933
0.097339
0.085027
0.087894
0.108639
0.077903
0.076610
0.114992
0.110965
0.105603
0.111561
0.081500
0.083513
0.101307
0.080660
0.111751
0.077673
0.073784
0.090065
0.093540
0.090791
0.101506
0.107733
0.076782
0.074703
0.112268
0.086252
0.076842
0.087527
0.073501
0.090743
0.083450
0.077820
0.092126
0.073775
0.097791
0.116604
0.074239
0.090340
0.075984
0.091168
0.097668
0.074535
0.084104
0.103847
0.082874
0.073365
0.075124
0.099029
0.091758
0.076109
0.083625
0.076224
0.102939
0.128837
0.113202
0.103512
0.100558
0.077478
0.086052
0.108669
0.081581
0.088434
0.074007
0.078069
0.089375
0.114181
0.111037
0.094822
0.082893
0.100136
0.075162
0.106593
0.073348
0.073327
0.096763
0.073939
0.102086
0.085293
0.106940
0.089293
0.092258
0.086847
0.074840
0.095245
0.111423
0.090271
0.078379
0.091327
0.092669
0.109143
0.086421
0.096517
0.097410
0.078618
0.106304
0.103873
0.092101
0.103709
0.073397
0.134447
0.103336
0.151595
0.094083
0.087111
0.104561
0.129751
0.121737
0.138261
0.092917
0.092054
0.154119
0.103879
0.113518
0.111806
0.129251
0.110602
0.138789
0.083458
0.135099
0.083476
0.074531
0.102936
0.079433
0.075295
0.075683
0.089570
0.077811
0.090388
0.090741
0.104778
0.073161
0.081917
0.101572
0.115921
0.072813
0.130170
0.093126
0.122350
0.110095
0.106435
0.075930
0.102097
0.072958
0.085963
0.101052
0.099568
0.086981
0.105717
0.111811
0.125222
0.074173
0.100225
0.144120
0.109784
0.116618
0.073694
0.082076
0.108313
0.081480
0.119647
0.074316
0.152835
0.096505
0.088290
0.092637
0.130687
0.082685
0.098488
0.103297
0.094380
0.073328
0.131696
0.101323
0.131446
0.128009
0.078502
0.074696
0.077443
0.077575
0.078210
0.101161
0.103897
0.090197
0.114236
0.105169
0.087146
0.093616
0.083783
0.117379
0.092815
0.098730
0.127518
0.103309
0.090514
0.091681
0.085953
0.090625
0.098773
0.125554
0.088439
0.095233
0.104705
0.139556
0.088562
0.125412
0.104968
0.107127
0.120632
0.094005
0.072735
0.138608
0.073087
0.110432
0.078943
0.085950
0.075683
0.088914
0.105355
0.092609
0.076643
0.085468
0.131570
0.092665
0.073804
0.078627
0.135585
0.140124
0.086994
0.107961
0.091956
0.102048
0.085603
0.092962
0.104473
0.122044
0.117959
0.087655
0.100243
0.093884
0.128226
0.074271
0.089838
0.102474
0.075112
0.104735
0.092129
0.073071
0.089825
0.101565
0.138045
0.073054
0.075551
0.086232
0.074227
0.091757
0.072455
0.085494
0.075858
0.092037
0.073811
0.072640
0.127394
0.112817
0.093115
0.087350
0.083021
0.087130
0.071982
0.096916
0.088944
0.095386
0.082135
0.112454
0.084284
0.071839
0.110356
0.112685
0.072376
0.088145
0.118892
0.088344
0.130536
0.089990
0.091836
0.072637
0.091243
0.142851
0.071959
0.106457
0.084317
0.074618
0.073783
0.089526
0.072575
0.131912
0.115329
0.071638
0.083635
0.084860
0.071591
0.106324
0.073835
0.113677
0.072160
0.078521
0.097729
0.095869
0.077326
0.072088
0.105425
0.085838
0.124378
0.129201
0.104349
0.071857
0.089908
0.081068
0.085305
0.071687
0.071593
0.105040
0.075156
0.099521
0.094314
0.086837
0.083968
0.078301
0.107946
0.086409
0.091842
0.092095
0.097017
0.086161
0.085000
0.099464
0.085507
0.082584
0.136528
0.077572
0.085898
0.075751
0.072127
0.094224
0.117610
0.100851
0.088340
0.093527
0.125433
0.103460
0.089247
0.073201
0.102481
0.096036
0.075377
0.071503
0.085930
0.083130
0.077463
0.090341
0.073467
0.082974
0.085237
0.070957
0.072914
0.088625
0.073204
0.092146
0.073801
0.071815
0.071806
0.093457
0.115281
0.080312
0.080977
0.085155
0.075954
0.130030
0.085137
0.071749
0.140432
0.104408
0.096508
0.100102
0.075873
0.098443
0.131385
0.101457
0.095174
0.081478
0.073311
0.100064
0.071691
0.088721
0.107481
0.137746
0.104476
0.116342
0.075516
0.088718
0.107736
0.119867
0.103628
0.101401
0.073145
0.110472
0.087295
0.077544
0.098884
0.119082
0.082957
0.093152
0.169713
0.077166
0.106288
0.081805
0.080084
0.121209
0.103772
0.073773
0.093585
0.087774
0.111308
0.105608
0.108635
0.093590
0.071363
0.079187
0.108394
0.090647
0.093922
0.071852
0.128201
0.083799
0.072946
0.071132
0.086244
0.121780
0.101132
0.073526
0.112900
0.085224
0.071828
0.076237
0.087450
0.073158
0.074779
0.077689
0.077871
0.080189
0.093060
0.073262
0.098172
0.113015
0.071075
0.117983
0.102570
0.114924
0.088429
0.071777
0.084250
0.100189
0.087989
0.083025
0.093043
0.084632
0.113212
0.071767
0.087770
0.103478
0.087138
0.098565
0.093707
0.083455
0.148328
0.084777
0.071345
0.084235
0.120917
0.073498
0.072018
0.100722
0.075200
0.107110
0.071459
0.107356
0.086034
0.087613
0.083744
0.090618
0.071916
0.091611
0.136967
0.093223
0.113028
0.103741
0.084842
0.117551
0.114678
0.092577
0.108161
0.099797
0.072363
0.101169
0.133308
0.099307
0.122594
0.104023
0.158856
0.077784
0.078996
0.117742
0.080054
0.094158
0.074588
0.097381
0.073965
0.081779
0.089740
0.070942
0.101532
0.112139
0.087233
0.098378
0.133053
0.099846
0.135806
0.131720
0.077815
0.099265
0.096933
0.093047
0.101676
0.110348
0.086666
0.092188
0.091952
0.079515
0.087094
0.079041
0.112482
0.117404
0.081794
0.100808
0.096341
0.073824
0.087600
0.147687
0.092445
0.074465
0.145545
0.129256
0.071294
0.146335
0.114229
0.086531
0.164617
0.123636
0.101148
0.107811
0.141795
0.113652
0.119708
0.083193
0.149510
0.145255
0.076657
0.079685
0.105619
0.157726
0.084335
0.119631
0.079527
0.083607
0.090155
0.140556
0.087574
0.134941
0.098919
0.135202
0.154101
0.082594
0.085137
0.082849
0.083570
0.092552
0.088020
0.092638
0.114984
0.094017
0.102761
0.104544
0.071748
0.133060
0.071679
0.073202
0.104331
0.113108
0.108547
0.089140
0.072541
0.109782
0.088047
0.086899
0.121561
0.073514
0.098304
0.100879
0.091513
0.105083
0.076341
0.072422
0.095888
0.102202
0.071682
0.076719
0.083500
0.072021
0.073736
0.098064
0.073955
0.086153
0.087568
0.079496
0.072010
0.086264
0.070926
0.098902
0.090356
0.070934
0.086014
0.088111
0.091245
0.115919
0.080695
0.071177
0.104916
0.110861
0.079100
0.071416
0.095013
0.094891
0.086783
0.070723
0.086250
0.081719
0.106949
0.140238
0.071008
0.088012
0.074061
0.168212
0.096610
0.088036
0.087057
0.114683
0.082414
0.085193
0.070725
0.096422
0.124931
0.105486
0.077759
0.114942
0.101753
0.107630
0.083244
0.106802
0.089804
0.086003
0.100058
0.082391
0.090392
0.096605
0.086407
0.097425
0.112627
0.084657
0.102753
0.071132
0.071815
0.102567
0.099234
0.152308
0.073237
0.104737
0.074798
0.098527
0.079970
0.070708
0.101522
0.095509
0.072222
0.087888
0.079599
0.080715
0.095796
0.100127
0.070551
0.090430
0.081817
0.117158
0.072729
0.106576
0.072170
0.136109
0.127464
0.092392
0.078270
0.085257
0.151187
0.105314
0.116258
0.088001
0.094238
0.106999
0.073684
0.088781
0.096931
0.089400
0.071609
0.092418
0.082869
0.072557
0.072134
0.085702
0.104865
0.078027
0.070601
0.099619
0.074788
0.094719
0.070687
0.071087
0.070391
0.070407
0.086436
0.070985
0.120869
0.100760
0.074701
0.086237
0.101699
0.107929
0.072956
0.083127
0.119997
0.071782
0.070590
0.072155
0.072068
0.086774
0.070567
0.132551
0.085756
0.112407
0.071163
0.075664
0.085825
0.080114
0.069811
0.071188
0.102157
0.069995
0.082461
0.084266
0.089822
0.099541
0.086280
0.085839
0.090542
0.089251
0.090154
0.082506
0.081430
0.098361
0.099067
0.094440
0.071569
0.096786
0.080517
0.090047
0.076873
0.095570
0.097484
0.073857
0.093688
0.070064
0.090224
0.070048
0.115215
0.116132
0.070708
0.092165
0.103587
0.107304
0.103763
0.108940
0.095041
0.069938
0.069770
0.109138
0.073290
0.076424
0.090099
0.070223
0.077153
0.115945
0.083806
0.105914
0.119910
0.076556
0.080988
0.069402
0.105094
0.069482
0.070384
0.089054
0.069439
0.072180
0.069634
0.069288
0.086149
0.080940
0.104865
0.073139
0.083762
0.073656
0.069192
0.071527
0.097283
0.069508
0.073522
0.097183
0.069234
0.069396
0.084931
0.108832
0.069331
0.069152
0.068921
0.096321
0.101422
0.074328
0.068920
0.069813
0.088833
0.081508
0.070227
0.126531
0.074103
0.096532
0.084840
0.127632
0.098018
0.114309
0.108438
0.068891
0.075696
0.069028
0.097325
0.068676
0.071401
0.073781
0.091347
0.068395
0.082101
0.081418
0.097337
0.087878
0.138888
0.068398
0.092941
0.068013
0.068668
0.083638
0.106048
0.067867
0.069956
0.068109
0.068318
0.088301
0.076675
0.103657
0.082408
0.067800
0.072796
0.069541
0.067881
0.068352
0.068351
0.087707
0.068399
0.097800
0.083741
0.069567
0.067626
0.067497
0.082329
0.074425
0.099571
0.073797
0.068284
0.102188
0.068559
0.067318
0.079568
0.084498
0.114123
0.067353
0.083855
0.073635
0.083702
0.096068
0.070022
0.068760
0.067354
0.089942
0.091461
0.067725
0.088850
0.081165
0.070780
0.094874
0.068261
0.070159
0.073086
0.121679
0.087938
0.082378
0.068201
0.102511
0.084116
0.082851
0.118736
0.096948
0.098846
0.067673
0.066905
0.098632
0.068239
0.066953
0.072798
0.066955
0.081160
0.066776
0.082650
0.107099
0.071821
0.085096
0.071210
0.066723
0.128970
0.080796
0.081041
0.085643
0.081708
0.105034
0.106036
0.093080
0.093394
0.107931
0.069398
0.076482
0.107038
0.106022
0.081959
0.071372
0.074382
0.084431
0.087551
0.083984
0.071073
0.067542
0.080416
0.112195
0.067563
0.070977
0.075362
0.085158
0.112547
0.087145
0.088778
0.083294
0.076524
0.099761
0.101578
0.070014
0.083369
0.071170
0.111323
0.092709
0.136854
0.070107
0.090788
0.098877
0.091953
0.066509
0.101912
0.097554
0.081576
0.066542
0.101389
0.096257
0.070788
0.103582
0.073022
0.083000
0.100995
0.066429
0.066534
0.099014
0.067607
0.066476
0.080718
0.134724
0.071826
0.082691
0.077066
0.093687
0.072311
0.092560
0.118074
0.074482
0.084194
0.125943
0.086872
0.089266
0.096615
0.083866
0.141164
0.067041
0.067240
0.097586
0.075836
0.067885
0.066856
0.108005
0.098209
0.066818
0.067139
0.082603
0.082237
0.099047
0.098606
0.066450
0.077237
0.071755
0.078135
0.066480
0.099064
0.111737
0.114280
0.097151
0.112851
0.076531
0.066420
0.112234
0.115059
0.086081
0.112968
0.093439
0.067359
0.103523
0.105509
0.098229
0.067537
0.130517
0.098993
0.124685
0.067126
0.086978
0.095409
0.091870
0.095131
0.084360
0.120680
0.112478
0.070149
0.079859
0.067186
0.076809
0.076761
0.082817
0.067669
0.128985
0.104455
0.124419
0.102520
0.098380
0.116651
0.069150
0.094487
0.108695
0.068587
0.100382
0.097818
0.124894
0.101460
0.117794
0.113749
0.069668
0.100996
0.127515
0.111922
0.095011
0.084675
0.116725
0.101933
0.099330
0.071292
0.076868
0.095960
0.074295
0.124814
0.096342
0.094453
0.066803
0.109144
0.068593
0.140072
0.131642
0.083335
0.130462
0.095348
0.086143
0.095508
0.091958
0.102716
0.091429
0.096604
0.070649
0.074611
0.097533
0.084617
0.103242
0.124112
0.067185
0.073845
0.101011
0.083330
0.086348
0.068803
0.085075
0.090405
0.076881
0.085308
0.093148
0.103545
0.066979
0.093555
0.081731
0.081420
0.106100
0.096642
0.066942
0.069856
0.100165
0.088759
0.072658
0.067476
0.136697
0.097953
0.095785
0.095777
0.096176
0.091133
0.093783
0.095648
0.107706
0.080155
0.092369
0.119290
0.102417
0.086360
0.070510
0.067648
0.095812
0.087847
0.119004
0.103643
0.066736
0.067925
0.080927
0.082842
0.069366
0.076048
0.101930
0.128991
0.080259
0.109169
0.089752
0.082890
0.080926
0.161781
0.086118
0.084245
0.066622
0.068754
0.071814
0.084017
0.100504
0.067593
0.134087
0.072345
0.078068
0.095684
0.066561
0.121787
0.093234
0.082870
0.089532
0.089324
0.069507
0.080746
0.067636
0.069344
0.072460
0.079370
0.067915
0.090828
0.071073
0.071887
0.066463
0.080679
0.130430
0.115504
0.079466
0.066835
0.131618
0.089647
0.111237
0.136054
0.078024
0.079106
0.073740
0.102960
0.075398
0.094051
0.087702
0.066514
0.066242
0.070739
0.076349
0.073782
0.086844
0.079150
0.077665
0.066586
0.066948
0.066774
0.073578
0.066929
0.081695
0.075572
0.083619
0.096589
0.095601
0.081784
0.068321
0.081376
0.133539
0.082932
0.067065
0.094384
0.075803
0.096657
0.066072
0.075496
0.073603
0.067650
0.080630
0.102502
0.105731
0.074680
0.075864
0.080335
0.070272
0.078382
0.073996
0.088234
0.086257
0.065812
0.066170
0.090334
0.084440
0.107396
0.081259
0.110300
0.146555
0.095731
0.094054
0.121556
0.084825
0.093187
0.077004
0.109294
0.093605
0.114283
0.106978
0.094130
0.089483
0.144247
0.078558
0.125448
0.157181
0.113543
0.074313
0.073918
0.077295
0.104437
0.115814
0.067021
0.076183
0.112539
0.094481
0.196519
0.089562
0.082756
0.076260
0.103797
0.075762
0.069283
0.097573
0.094869
0.082514
0.096776
0.109449
0.112521
0.143974
0.083921
0.069615
0.106332
0.144363
0.094311
0.066800
0.108005
0.069719
0.077350
0.082535
0.102104
0.111348
0.081759
0.080141
0.078008
0.090932
0.067350
0.082742
0.079799
0.067270
0.091898
0.095940
0.079320
0.153007
0.079114
0.081680
0.092147
0.076693
0.088910
0.104743
0.131115
0.080625
0.113204
0.117679
0.105617
0.072866
0.092742
0.067377
0.118226
0.089508
0.069591
0.072814
0.069108
0.098660
0.106872
0.070259
0.081598
0.077074
0.105082
0.067254
0.087336
0.078848
0.072387
0.109025
0.072319
0.083998
0.089042
0.119232
0.087259
0.066719
0.078508
0.153949
0.078125
0.083567
0.089547
0.087787
0.124276
0.068855
0.100988
0.078834
0.076738
0.080249
0.084668
0.099058
0.101746
0.068325
0.101496
0.139148
0.079276
0.071915
0.143876
0.081635
0.107740
0.072183
0.150708
0.097033
0.074579
0.071285
0.088064
0.124316
0.079782
0.105688
0.081736
0.087009
0.091558
0.087843
0.103180
0.090184
0.069992
0.066911
0.093827
0.066563
0.077784
0.076739
0.084355
0.066880
0.067316
0.084261
0.069212
0.081744
0.068238
0.102103
0.079754
0.079518
0.086689
0.074182
0.066153
0.105471
0.071990
0.067401
0.066241
0.077968
0.115457
0.067460
0.071376
0.103510
0.067250
0.091347
0.081428
0.066968
0.098209
0.067682
0.074008
0.065811
0.085966
0.082303
0.076817
0.073519
0.066518
0.085764
0.072019
0.079275
0.066449
0.081277
0.066144
0.075237
0.085880
0.097998
0.066573
0.065566
0.115743
0.068639
0.112311
0.075492
0.068722
0.065407
0.065751
0.082436
0.085442
0.080870
0.082573
0.078962
0.090817
0.076752
0.065161
0.070663
0.080152
0.074596
0.066237
0.084428
0.080789
0.064971
0.079504
0.097594
0.070437
0.080246
0.066090
0.065395
0.065005
0.065442
0.069996
0.066533
0.065510
0.065098
0.079554
0.076482
0.081114
0.078442
0.082898
0.088722
0.064811
0.079914
0.086225
0.078475
0.081082
0.071436
0.064397
0.064461
0.067864
0.068461
0.072054
0.076523
0.086642
0.074094
0.078658
0.080104
0.073218
0.085985
0.074030
0.083121
0.065793
0.064856
0.065415
0.065060
0.087923
0.086265
0.096946
0.064665
0.114461
0.123914
0.084073
0.070531
0.065107
0.093203
0.071621
0.064119
0.076943
0.105018
0.064025
0.101551
0.086318
0.107802
0.067430
0.079257
0.066351
0.079623
0.085422
0.118945
0.093803
0.076487
0.096439
0.091041
0.074562
0.080943
0.064069
0.064207
0.184562
0.068714
0.080328
0.099844
0.078903
0.066155
0.064941
0.065171
0.099117
0.108937
0.083428
0.064469
0.064018
0.065851
0.083961
0.080733
0.068656
0.084984
0.064089
0.065492
0.064438
0.082035
0.077023
0.098239
0.115595
0.096000
0.079198
0.091125
0.090780
0.066953
0.064211
0.094085
0.067374
0.118878
0.083243
0.065223
0.108285
0.064537
0.107749
0.083738
0.074582
0.082787
0.077776
0.069119
0.103083
0.065783
0.090330
0.085466
0.085833
0.063757
0.090609
0.126611
0.071581
0.102116
0.098617
0.076542
0.093038
0.069918
0.063716
0.064060
0.081595
0.067040
0.071725
0.076448
0.077632
0.090330
0.079343
0.096146
0.100546
0.091620
0.063571
0.073330
0.079112
0.080229
0.110622
0.093961
0.096124
0.096359
0.080662
0.081894
0.101957
0.077894
0.092496
0.063667
0.070546
0.086201
0.068005
0.136373
0.068839
0.074129
0.129567
0.112186
0.065584
0.063558
0.070007
0.081855
0.067620
0.102411
0.094895
0.094776
0.077741
0.064584
0.064805
0.063149
0.063199
0.086853
0.094753
0.070238
0.072340
0.077823
0.078883
0.084030
0.078388
0.087764
0.078979
0.063831
0.063147
0.090353
0.128558
0.112422
0.063029
0.066650
0.087671
0.098732
0.079619
0.063602
0.080360
0.113813
0.079302
0.113634
0.076540
0.116224
0.112278
0.071739
0.080953
0.081606
0.098504
0.063199
0.120183
0.081411
0.091572
0.064713
0.086944
0.090433
0.063443
0.077814
0.065167
0.069799
0.140025
0.081793
0.112619
0.065774
0.063906
0.134918
0.080268
0.071066
0.105684
0.079648
0.079898
0.073178
0.103585
0.068370
0.117889
0.090305
0.103168
0.133286
0.065672
0.081990
0.125820
0.135499
0.081119
0.082594
0.097181
0.080186
0.083966
0.079919
0.064030
0.063583
0.082975
0.066463
0.075224
0.115855
0.087144
0.076674
0.083967
0.140334
0.063356
0.095392
0.079737
0.089941
0.076280
0.064131
0.082714
0.102636
0.063258
0.063348
0.116412
0.092531
0.071529
0.063831
0.134148
0.095841
0.063079
0.078705
0.097348
0.091541
0.085950
0.081362
0.065985
0.062902
0.078095
0.062880
0.064847
0.062978
0.098858
0.099020
0.104032
0.070496
0.098962
0.063623
0.094949
0.062842
0.088533
0.064645
0.097973
0.082751
0.077493
0.075388
0.078457
0.073791
0.107426
0.109366
0.069371
0.063347
0.136931
0.084779
0.095694
0.063954
0.106260
0.122605
0.092135
0.111044
0.087022
0.183478
0.064005
0.086898
0.088263
0.063597
0.082973
0.079893
0.091443
0.063014
0.105605
0.062823
0.106501
0.065270
0.108894
0.078770
0.071711
0.080707
0.083433
0.096703
0.078013
0.083339
0.108114
0.128126
0.091554
0.062902
0.067328
0.063465
0.093524
0.105153
0.074955
0.114333
0.086010
0.075189
0.094961
0.063712
0.126020
0.067995
0.066651
0.078454
0.085584
0.081778
0.077896
0.112931
0.069990
0.076562
0.078788
0.062961
0.065800
0.063177
0.072182
0.063926
0.062710
0.064030
0.087427
0.082422
0.103594
0.071740
0.079215
0.062814
0.098021
0.093633
0.069630
0.066225
0.089824
0.094698
0.064202
0.074654
0.094917
0.097012
0.062648
0.065416
0.075062
0.090406
0.081018
0.078662
0.068486
0.116488
0.066695
0.084852
0.079658
0.062797
0.076039
0.095663
0.065542
0.096178
0.120476
0.069120
0.089502
0.065327
0.075579
0.093547
0.062606
0.103898
0.103898
0.082258
0.078079
0.102610
0.062156
0.077998
0.075436
0.088670
0.080129
0.104739
0.077136
0.068977
0.063915
0.078068
0.063683
0.095382
0.062697
0.084184
0.077913
0.064325
0.063090
0.062672
0.094349
0.073135
0.062883
0.135015
0.115896
0.064325
0.079257
0.086284
0.062282
0.064930
0.078886
0.065208
0.077152
0.074835
0.071888
0.071457
0.063922
0.062455
0.113013
0.077508
0.080595
0.096578
0.064877
0.062402
0.101552
0.061778
0.104390
0.063943
0.062010
0.073870
0.081021
0.084850
0.098827
0.075521
0.074292
0.074690
0.061768
0.076088
0.114778
0.080225
0.062861
0.077273
0.076704
0.063489
0.062983
0.116910
0.086846
0.079521
0.067288
0.068943
0.097352
0.106042
0.092025
0.082658
0.115026
0.107812
0.142982
0.067971
0.070232
0.103309
0.142919
0.094522
0.061853
0.078776
0.100944
0.114042
0.064787
0.106775
0.079564
0.069199
0.074588
0.081806
0.093694
0.080020
0.108271
0.118708
0.066880
0.108357
0.086600
0.115283
0.085535
0.081029
0.095942
0.062890
0.151608
0.115082
0.077795
0.073781
0.085159
0.074763
0.082154
0.099844
0.080054
0.115628
0.077474
0.079172
0.067428
0.069961
0.131044
0.068373
0.100754
0.093999
0.062682
0.088440
0.106551
0.077863
0.078200
0.091140
0.096934
0.098937
0.076919
0.101156
0.100537
0.127391
0.113832
0.080574
0.092786
0.062653
0.077579
0.064470
0.083452
0.066255
0.062293
0.062705
0.088392
0.144466
0.094396
0.109324
0.067751
0.071890
0.066245
0.087765
0.061731
0.091895
0.109450
0.062109
0.074483
0.072265
0.111644
0.094307
0.062123
0.107947
0.077066
0.074097
0.086962
0.061700
0.103023
0.069848
0.067804
0.074848
0.066295
0.077488
0.111439
0.070710
0.067890
0.079074
0.064246
0.077383
0.065683
0.067193
0.077021
0.063306
0.139240
0.086824
0.061778
0.061644
0.065873
0.068407
0.063264
0.080494
0.077077
0.061644
0.066606
0.092672
0.141820
0.086442
0.077276
0.109686
0.088296
0.079497
0.079231
0.081904
0.068553
0.061505
0.075067
0.087179
0.077198
0.086945
0.067089
0.062267
0.067155
0.084826
0.062612
0.070167
0.089543
0.107612
0.071345
0.072778
0.082793
0.113751
0.072014
0.102254
0.062609
0.076878
0.091299
0.153523
0.088459
0.088909
0.061438
0.088220
0.079872
0.072187
0.065599
0.090695
0.084510
0.108506
0.084620
0.078796
0.075858
0.149545
0.082168
0.085496
0.075037
0.082847
0.061533
0.075109
0.063879
0.090586
0.090719
0.105842
0.084088
0.085455
0.078643
0.064738
0.076795
0.081018
0.121821
0.109316
0.077081
0.077989
0.072576
0.089610
0.073999
0.061675
0.066625
0.061745
0.091775
0.063234
0.074906
0.076489
0.063793
0.064080
0.112737
0.064009
0.088902
0.090747
0.086369
0.085588
0.096312
0.073169
0.061598
0.077108
0.062151
0.075649
0.061549
0.063318
0.063771
0.095668
0.072016
0.071428
0.082710
0.080696
0.061068
0.061867
0.063027
0.065325
0.062385
0.094638
0.066657
0.105451
0.108167
0.060945
0.069158
0.062091
0.080736
0.068790
0.072830
0.077572
0.063737
0.061312
0.066190
0.075748
0.062801
0.085354
0.074926
0.064928
0.065854
0.070785
0.066624
0.081313
0.064033
0.071554
0.093497
0.079392
0.061829
0.079010
0.074394
0.073632
0.076454
0.081454
0.072203
0.085202
0.110749
0.092481
0.062201
0.116706
0.063646
0.105516
0.060854
0.094328
0.062059
0.072406
0.079772
0.112744
0.111664
0.082056
0.143277
0.096908
0.102704
0.117560
0.100824
0.124658
0.075185
0.125748
0.071991
0.075497
0.087352
0.077680
0.107423
0.166877
0.110338
0.107421
0.179321
0.116491
0.143501
0.098586
0.077060
0.077333
0.150389
0.069209
0.131542
0.152304
0.113382
0.070366
0.078149
0.114488
0.081307
0.138728
0.151701
0.074106
0.090934
0.084211
0.072124
0.088946
0.140284
0.099602
0.093359
0.083399
0.080942
0.129533
0.081716
0.110564
0.072178
0.111866
0.078838
0.071956
0.071390
0.078356
0.081054
0.113397
0.108017
0.123011
0.101789
0.082152
0.133815
0.182636
0.075703
0.084560
0.062637
0.076657
0.091496
0.099232
0.082250
0.105909
0.080989
0.074416
0.076344
0.094111
0.065334
0.081554
0.123100
0.072385
0.065801
0.093242
0.074886
0.096759
0.080189
0.125594
0.070121
0.092149
0.086642
0.084114
0.087369
0.101653
0.062799
0.078648
0.065238
0.095195
0.062630
0.067632
0.067310
0.120434
0.078432
0.094752
0.081003
0.080655
0.064017
0.063706
0.072373
0.106068
0.065364
0.105637
0.093396
0.101550
0.095581
0.094468
0.096587
0.075201
0.062782
0.062452
0.072029
0.062801
0.062698
0.062280
0.083003
0.073919
0.062437
0.075020
0.067417
0.077402
0.072218
0.074054
0.063689
0.081607
0.075732
0.072019
0.076487
0.062992
0.085331
0.069560
0.099578
0.062105
0.090485
0.062753
0.086412
0.065057
0.064348
0.071977
0.105155
0.077261
0.114742
0.141694
0.074989
0.101804
0.138062
0.075194
0.063789
0.062656
0.062299
0.075548
0.062464
0.070231
0.065370
0.063178
0.118930
0.080461
0.063892
0.076542
0.082292
0.074190
0.073113
0.082822
0.062056
0.105394
0.078834
0.084494
0.069004
0.077709
0.079450
0.072449
0.070643
0.073043
0.087985
0.062295
0.078325
0.069209
0.076531
0.087854
0.061891
0.082157
0.109027
0.106492
0.120371
0.063314
0.063071
0.081864
0.069803
0.067660
0.112853
0.089242
0.087930
0.062268
0.095692
0.061960
0.069248
0.076050
0.084522
0.154461
0.074574
0.085660
0.066325
0.073181
0.096496
0.068359
0.062990
0.095674
0.076236
0.095531
0.062622
0.117951
0.096314
0.077151
0.086017
0.089543
0.080509
0.062999
0.079410
0.061819
0.105023
0.128845
0.071157
0.083614
0.062999
0.076810
0.094948
0.064204
0.062207
0.061911
0.092666
0.061680
0.061717
0.077077
0.073926
0.099740
0.095457
0.071302
0.075854
0.092320
0.073689
0.096114
0.064020
0.065168
0.067993
0.084472
0.091513
0.081593
0.079437
0.079186
0.093334
0.073760
0.061696
0.081525
0.090425
0.063832
0.083719
0.076076
0.083889
0.070190
0.069841
0.101208
0.076093
0.061922
0.061682
0.064494
0.074568
0.064243
0.118623
0.061299
0.075627
0.067822
0.061317
0.078127
0.070223
0.067088
0.077832
0.065076
0.074856
0.086675
0.081453
0.062397
0.071474
0.061205
0.071463
0.061649
0.084098
0.061603
0.075383
0.078173
0.075453
0.080145
0.078519
0.063216
0.061312
0.061001
0.094175
0.073295
0.075684
0.066470
0.065369
0.076079
0.083519
0.074552
0.095891
0.073886
0.060953
0.070721
0.076531
0.073699
0.071476
0.083292
0.074997
0.114089
0.154103
0.085966
0.061704
0.064475
0.061084
0.115288
0.085557
0.077262
0.082679
0.076771
0.111026
0.092780
0.061757
0.087898
0.087399
0.105847
0.101157
0.078400
0.077031
0.081772
0.079255
0.073500
0.061108
0.087713
0.061259
0.075066
0.087247
0.092943
0.061394
0.100396
0.120964
0.077725
0.073301
0.061821
0.143572
0.081835
0.062732
0.072435
0.092899
0.064059
0.060624
0.073919
0.090465
0.154502
0.086453
0.086605
0.068800
0.063477
0.061081
0.085331
0.071053
0.086088
0.089790
0.060618
0.101397
0.083622
0.061339
0.060372
0.060684
0.082165
0.060363
0.063667
0.071374
0.060619
0.061100
0.075315
0.060667
0.060205
0.060658
0.065299
0.081482
0.060468
0.060416
0.060170
0.074280
0.075110
0.061516
0.074777
0.070409
0.091078
0.075191
0.085995
0.078018
0.096053
0.066736
0.090046
0.059899
0.059831
0.059814
0.086494
0.059973
0.061146
0.065554
0.059693
0.085833
0.072040
0.074036
0.059930
0.064753
0.068225
0.077326
0.059573
0.059574
0.128402
0.060025
0.060221
0.095362
0.075835
0.072632
0.093542
0.095316
0.059772
0.076987
0.074455
0.061259
0.090979
0.073799
0.085985
0.072760
0.089981
0.079458
0.072432
0.076413
0.074931
0.100105
0.098633
0.059864
0.060493
0.059652
0.092953
0.105889
0.065885
0.066550
0.084567
0.088887
0.059444
0.059279
0.087838
0.068447
0.060003
0.061623
0.109487
0.070682
0.071441
0.079988
0.073044
0.079202
0.066022
0.065152
0.089228
0.077013
0.078164
0.059921
0.087412
0.064814
0.065199
0.064534
0.061183
0.084715
0.077273
0.059146
0.080060
0.069810
0.060984
0.060367
0.077365
0.086411
0.065442
0.150619
0.058898
0.074600
0.078635
0.085013
0.070164
0.060902
0.059585
0.058932
0.075786
0.075491
0.102617
0.065181
0.075704
0.088032
0.071797
0.090698
0.079512
0.069934
0.071538
0.064035
0.058656
0.085902
0.085318
0.074456
0.058913
0.070832
0.078571
0.075841
0.110562
0.058639
0.061170
0.059156
0.073923
0.058596
0.062046
0.071013
0.063341
0.058424
0.058783
0.063020
0.058438
0.076249
0.058419
0.075201
0.076343
0.059178
0.081503
0.059805
0.062984
0.062971
0.059302
0.058337
0.073348
0.059803
0.071510
0.073122
0.058209
0.058131
0.068354
0.058201
0.058374
0.058198
0.059630
0.076433
0.059391
0.072877
0.058817
0.059283
0.058847
0.075823
0.082331
0.070048
0.058466
0.076756
0.071637
0.076079
0.071214
0.112437
0.058876
0.098039
0.068348
0.071406
0.059332
0.086647
0.058146
0.071652
0.086012
0.063104
0.058028
0.075686
0.059618
0.073051
0.074346
0.060427
0.086899
0.070363
0.066098
0.072077
0.086482
0.071087
0.057623
0.085596
0.076480
0.077799
0.059097
0.058726
0.073458
0.096695
0.060723
0.057919
0.071644
0.073988
0.057337
0.115872
0.057728
0.057573
0.067956
0.074138
0.057241
0.069062
0.076809
0.057287
0.067990
0.057579
0.065082
0.065546
0.120373
0.058059
0.117719
0.058076
0.057094
0.057439
0.057275
0.057203
0.067985
0.068702
0.059696
0.057207
0.057118
0.059635
0.088799
0.058067
0.072884
0.059513
0.075870
0.066011
0.060786
0.115319
0.056979
0.068116
0.057100
0.056853
0.065840
0.076045
0.103339
0.077426
0.056803
0.057847
0.103600
0.060990
0.073766
0.057748
0.093816
0.080740
0.058942
0.057172
0.071099
0.057701
0.128504
0.057332
0.062468
0.067481
0.056992
0.057728
0.070506
0.066410
0.072040
0.057516
0.085327
0.072964
0.057349
0.106105
0.100084
0.067441
0.138269
0.060599
0.072427
0.068949
0.058317
0.057129
0.058929
0.066435
0.056569
0.088084
0.056611
0.056518
0.073689
0.056808
0.056539
0.069194
0.056948
0.072673
0.056854
0.077640
0.057347
0.056315
0.056546
0.069425
0.075280
0.056287
0.065362
0.056432
0.077695
0.074526
0.056986
0.056709
0.056665
0.060095
0.078714
0.056682
0.074167
0.071792
0.076551
0.082819
0.058891
0.060788
0.057571
0.056419
0.077158
0.063227
0.056471
0.067884
0.082243
0.057107
0.093690
0.087553
0.056322
0.055964
0.056815
0.057941
0.079684
0.093412
0.063607
0.084408
0.086201
0.057497
0.056034
0.074567
0.056633
0.080626
0.056179
0.061433
0.098598
0.057715
0.117887
0.095352
0.058018
0.070122
0.126929
0.088459
0.095595
0.086632
0.056281
0.056333
0.063367
0.069199
0.055999
0.067144
0.057619
0.100541
0.074295
0.089078
0.099911
0.068813
0.056997
0.095741
0.058360
0.116588
0.095540
0.072056
0.073242
0.079069
0.065190
0.057387
0.057307
0.094655
0.092253
0.056078
0.092041
0.082871
0.061839
0.078319
0.116294
0.067633
0.064571
0.056417
0.080747
0.069114
0.068572
0.057329
0.064755
0.087575
0.060998
0.086879
0.057309
0.058228
0.056464
0.103244
0.071176
0.060396
0.073342
0.061099
0.057835
0.060313
0.074745
0.087299
0.056721
0.084342
0.064691
0.057320
0.056844
0.056820
0.086895
0.070085
0.058802
0.070237
0.070687
0.114397
0.099962
0.114329
0.065417
0.077045
0.061489
0.071530
0.068206
0.092427
0.113385
0.072407
0.076565
0.066094
0.070884
0.057343
0.071531
0.056356
0.059731
0.070371
0.065337
0.064674
0.058604
0.070350
0.080982
0.074418
0.073409
0.063609
0.095670
0.056001
0.073912
0.073460
0.056697
0.070077
0.064587
0.069393
0.058321
0.075415
0.066116
0.059301
0.067232
0.055941
0.085458
0.101406
0.056388
0.092879
0.079722
0.075004
0.085868
0.121822
0.127726
0.093031
0.057808
0.065832
0.099358
0.068312
0.108995
0.067609
0.056645
0.056038
0.071108
0.081313
0.079965
0.090675
0.090556
0.056330
0.075133
0.085871
0.071781
0.056341
0.077645
0.098844
0.100686
0.057803
0.056089
0.087520
0.057460
0.096499
0.057085
0.081772
0.071179
0.056326
0.056781
0.110507
0.056455
0.080874
0.070977
0.066584
0.081256
0.056410
0.074025
0.079507
0.068460
0.071122
0.056976
0.056689
0.056026
0.071307
0.062183
0.056419
0.073039
0.083145
0.055964
0.078645
0.081706
0.062649
0.075378
0.068223
0.076169
0.098324
0.084199
0.069920
0.055985
0.070850
0.065177
0.063493
0.069835
0.058939
0.069246
0.072098
0.056225
0.055939
0.065542
0.055753
0.056001
0.071380
0.062569
0.067145
0.069481
0.089250
0.055663
0.084449
0.128133
0.055652
0.092452
0.056526
0.075493
0.077989
0.070325
0.136072
0.055766
0.073350
0.072786
0.067165
0.055810
0.059674
0.140824
0.086602
0.073235
0.097397
0.056406
0.055666
0.096963
0.073469
0.055743
0.067669
0.056605
0.057073
0.070234
0.071565
0.080253
0.071091
0.057936
0.080974
0.059249
0.110735
0.055568
0.055461
0.079277
0.071011
0.074737
0.105164
0.057871
0.068846
0.074782
0.065167
0.055609
0.055332
0.066253
0.074365
0.078570
0.066989
0.090530
0.067482
0.074111
0.080075
0.065147
0.071620
0.055572
0.064748
0.073652
0.055408
0.072666
0.055341
0.082788
0.091773
0.076085
0.120773
0.064925
0.082394
0.090427
0.084170
0.067153
0.070855
0.061323
0.085699
0.059103
0.078661
0.068796
0.073522
0.066706
0.071642
0.056810
0.057388
0.092760
0.066351
0.056273
0.070120
0.055323
0.099594
0.064802
0.070789
0.063050
0.086151
0.055068
0.055282
0.072968
0.055062
0.065135
0.057847
0.055934
0.068752
0.070934
0.069442
0.069625
0.054865
0.068166
0.055925
0.056193
0.060083
0.058452
0.064049
0.054968
0.055725
0.055451
0.068556
0.067253
0.055385
0.054832
0.054885
0.061787
0.111269
0.076665
0.076283
0.058120
0.078836
0.071216
0.079138
0.056113
0.054858
0.056520
0.088429
0.082843
0.100634
0.072541
0.075077
0.109541
0.055733
0.065813
0.065279
0.085536
0.115884
0.056066
0.074373
0.069119
0.076611
0.057892
0.054673
0.074808
0.056301
0.057808
0.056915
0.125628
0.054633
0.054931
0.068079
0.100593
0.078034
0.072622
0.061688
0.069516
0.067502
0.149968
0.054574
0.055822
0.088078
0.066320
0.067720
0.068078
0.101297
0.089909
0.067392
0.082921
0.084520
0.071812
0.069124
0.083460
0.072528
0.055491
0.104038
0.071423
0.064807
0.063737
0.054699
0.061603
0.070875
0.060478
0.061162
0.101701
0.055892
0.067585
0.055553
0.060613
0.089884
0.109702
0.065443
0.069740
0.056221
0.060391
0.058316
0.073081
0.076803
0.077938
0.069655
0.089758
0.072496
0.091007
0.078068
0.083988
0.055322
0.057596
0.059905
0.085470
0.086964
0.089162
0.081369
0.069622
0.056022
0.086105
0.083994
0.054698
0.070600
0.058610
0.059723
0.066501
0.054894
0.055045
0.070075
0.087737
0.065185
0.070660
0.071587
0.055773
0.056174
0.069634
0.058478
0.072599
0.058565
0.054579
0.069529
0.072162
0.085256
0.054736
0.070454
0.093648
0.094543
0.055271
0.058486
0.069232
0.075798
0.054672
0.054483
0.055423
0.059175
0.057396
0.072578
0.066680
0.056669
0.093411
0.070199
0.054981
0.085393
0.069081
0.054249
0.081134
0.092700
0.065803
0.071212
0.072066
0.080087
0.056111
0.061735
0.088050
0.054334
0.065690
0.069640
0.054810
0.061807
0.054897
0.075713
0.064966
0.057282
0.061866
0.066194
0.054807
0.060223
0.062009
0.080324
0.065450
0.068145
0.076888
0.056771
0.060401
0.054710
0.061030
0.094698
0.098115
0.097244
0.072209
0.065803
0.054266
0.055746
0.067909
0.055044
0.062914
0.057596
0.091855
0.074515
0.068273
0.071544
0.056461
0.054543
0.081318
0.067198
0.085957
0.114018
0.059268
0.081417
0.094123
0.082254
0.074536
0.054140
0.075740
0.058135
0.054143
0.068727
0.091509
0.055173
0.083289
0.060841
0.054849
0.083607
0.055564
0.069528
0.065385
0.055388
0.070701
0.073299
0.069884
0.090462
0.057331
0.073525
0.055660
0.055073
0.078297
0.065643
0.090458
0.054074
0.079096
0.069811
0.060044
0.085212
0.055404
0.084342
0.085290
0.087806
0.054005
0.077723
0.065400
0.080637
0.054326
0.055912
0.054488
0.054135
0.055227
0.054238
0.072866
0.064153
0.066830
0.069562
0.065460
0.054289
0.065119
0.054687
0.070025
0.070705
0.075132
0.078746
0.058177
0.092968
0.087692
0.059320
0.077753
0.053935
0.086551
0.082815
0.053844
0.054417
0.060114
0.103267
0.078196
0.094593
0.101497
0.053990
0.078656
0.053944
0.068931
0.074965
0.076688
0.069594
0.058118
0.053697
0.068752
0.074182
0.066288
0.067786
0.070702
0.057207
0.079275
0.065506
0.053677
0.054325
0.053622
0.055797
0.053431
0.065576
0.067675
0.055766
0.053383
0.082681
0.098941
0.072865
0.069480
0.053885
0.074934
0.053428
0.069638
0.092823
0.074209
0.056640
0.053367
0.060786
0.055718
0.072169
0.067962
0.053665
0.053230
0.077789
0.060154
0.062681
0.067881
0.053306
0.071658
0.073059
0.053150
0.068327
0.093191
0.058627
0.059687
0.089175
0.064631
0.059246
0.054468
0.085037
0.053874
0.068879
0.053100
0.085610
0.053860
0.053323
0.068463
0.053364
0.053473
0.063599
0.065299
0.054434
0.059266
0.056694
0.057847
0.074393
0.065719
0.053186
0.070850
0.054274
0.060902
0.053877
0.092921
0.062860
0.059051
0.062920
0.076585
0.053603
0.112902
0.088754
0.054687
0.067478
0.054216
0.074279
0.053581
0.053156
0.071485
0.057802
0.053518
0.053918
0.053655
0.052983
0.052808
0.085118
0.112487
0.053771
0.054350
0.052794
0.056523
0.122701
0.058772
0.053857
0.080189
0.106244
0.069794
0.095977
0.052814
0.064224
0.065348
0.069968
0.059190
0.060457
0.080961
0.068642
0.052978
0.072587
0.077426
0.091384
0.059945
0.066967
0.053453
0.053867
0.074373
0.069521
0.053033
0.055481
0.066936
0.071360
0.054359
0.053041
0.104053
0.072204
0.105625
0.058686
0.065954
0.053316
0.086458
0.086834
0.058793
0.053079
0.053397
0.067246
0.088599
0.085500
0.067186
0.052874
0.066419
0.052685
0.070000
0.054178
0.094816
0.063176
0.059378
0.052965
0.052850
0.104374
0.074717
0.057577
0.070543
0.053014
0.053137
0.052634
0.070085
0.052897
0.097213
0.079650
0.059901
0.066544
0.053009
0.052610
0.056317
0.063587
0.052757
0.052570
0.063737
0.068907
0.071718
0.069128
0.063437
0.088185
0.089877
0.066356
0.087301
0.066437
0.064218
0.080571
0.107348
0.065258
0.070528
0.052442
0.057374
0.070859
0.053108
0.068196
0.067750
0.067254
0.059443
0.054990
0.077014
0.095664
0.071383
0.057942
0.092617
0.075447
0.081787
0.058923
0.102036
0.070007
0.069168
0.064236
0.100406
0.069294
0.057198
0.057671
0.094362
0.055879
0.071074
0.063673
0.065983
0.098069
0.076794
0.073725
0.108640
0.065031
0.052794
0.060473
0.071217
0.092246
0.154792
0.056518
0.106297
0.076810
0.053209
0.058632
0.107054
0.073663
0.078042
0.065903
0.053031
0.053323
0.061168
0.057498
0.067567
0.054412
0.053695
0.061576
0.054630
0.059910
0.055499
0.120038
0.071597
0.075028
0.077867
0.053330
0.080749
0.092178
0.054039
0.076098
0.053911
0.072139
0.062287
0.069434
0.079843
0.068185
0.054530
0.072261
0.068994
0.054153
0.056753
0.058215
0.053512
0.086596
0.053305
0.116282
0.088491
0.054139
0.066155
0.070828
0.053049
0.123524
0.081334
0.082499
0.071491
0.071674
0.075409
0.069679
0.052714
0.053212
0.070703
0.054923
0.058937
0.065490
0.054881
0.067279
0.070140
0.052670
0.054667
0.052670
0.078082
0.054645
0.070559
0.103029
0.056038
0.087176
0.052930
0.065135
0.087854
0.076943
0.073986
0.052980
0.097307
0.075824
0.110368
0.068894
0.056286
0.053235
0.057838
0.083870
0.052486
0.052756
0.054622
0.079512
0.080221
0.054022
0.052695
0.100800
0.073437
0.080537
0.082487
0.059099
0.105033
0.071276
0.067692
0.064868
0.068286
0.055178
0.052610
0.115331
0.062971
0.069171
0.053620
0.085662
0.072278
0.071550
0.054963
0.086618
0.056017
0.072395
0.063359
0.052830
0.052953
0.063620
0.066509
0.069955
0.080095
0.069297
0.065789
0.054665
0.052718
0.063654
0.056208
0.054261
0.053082
0.065295
0.052343
0.087538
0.052381
0.052270
0.052979
0.086415
0.056499
0.063516
0.053065
0.072120
0.072406
0.079572
0.112696
0.074813
0.055595
0.071232
0.057210
0.062149
0.067307
0.068606
0.062786
0.059267
0.053541
0.065850
0.054399
0.054353
0.077857
0.058138
0.072399
0.052374
0.057159
0.052109
0.052171
0.097817
0.061931
0.063127
0.053563
0.068917
0.052784
0.052466
0.078011
0.099786
0.052041
0.053338
0.052855
0.069595
0.060965
0.066489
0.141108
0.051990
0.088035
0.058610
0.056607
0.157679
0.074170
0.080792
0.066500
0.064864
0.052005
0.070843
0.084428
0.089832
0.075760
0.060823
0.065361
0.077468
0.053536
0.096731
0.055038
0.083431
0.064908
0.074234
0.070942
0.094654
0.075556
0.057141
0.069232
0.086252
0.066879
0.055689
0.075160
0.083268
0.079435
0.065861
0.069417
0.077894
0.084317
0.054314
0.090051
0.069431
0.068060
0.108074
0.058002
0.081570
0.054163
0.052981
0.065738
0.057930
0.081514
0.061695
0.073120
0.079682
0.079777
0.178282
0.093753
0.057453
0.079279
0.062849
0.052896
0.052157
0.067255
0.058226
0.093350
0.054497
0.069856
0.069291
0.072067
0.065650
0.068665
0.095677
0.100237
0.085894
0.053197
0.075555
0.053249
0.077733
0.053735
0.074113
0.053011
0.052294
0.052808
0.089710
0.085601
0.057669
0.082651
0.081135
0.056545
0.055106
0.052667
0.072047
0.059153
0.071921
0.065978
0.065458
0.052977
0.052694
0.067566
0.052468
0.053169
0.078168
0.055037
0.070272
0.076846
0.070987
0.065909
0.057178
0.072729
0.052763
0.064739
0.052932
0.069969
0.079937
0.057374
0.077052
0.054143
0.076073
0.085113
0.052982
0.052891
0.053578
0.053754
0.069216
0.082509
0.053015
0.052423
0.086158
0.052452
0.052345
0.075284
0.074868
0.052027
0.059236
0.065506
0.052077
0.053112
0.053454
0.065153
0.083428
0.052022
0.053205
0.065780
0.065547
0.068760
0.053187
0.097283
0.096819
0.068736
0.065151
0.056325
0.054689
0.057600
0.051916
0.054458
0.071417
0.056661
0.067172
0.067918
0.087742
0.084514
0.064038
0.074621
0.077943
0.052171
0.083709
0.077207
0.051891
0.071758
0.095880
0.055897
0.072204
0.065058
0.053236
0.102289
0.052615
0.052228
0.065655
0.052800
0.074284
0.086715
0.078519
0.085531
0.071737
0.071168
0.064475
0.068869
0.096218
0.062388
0.064591
0.078328
0.055931
0.063559
0.061775
0.074322
0.055182
0.052157
0.084899
0.079836
0.068210
0.071673
0.075767
0.052912
0.077656
0.057924
0.081574
0.114301
0.068442
0.059262
0.074927
0.060576
0.111532
0.068280
0.068319
0.083650
0.084838
0.054057
0.051815
0.054390
0.104053
0.056980
0.055023
0.068600
0.055578
0.053613
0.060850
0.052375
0.051681
0.111087
0.066625
0.051823
0.051845
0.051666
0.051641
0.064749
0.067566
0.052225
0.071153
0.134272
0.052501
0.054055
0.080067
0.065403
0.075660
0.058781
0.053846
0.052630
0.055619
0.068130
0.051989
0.069613
0.057659
0.054629
0.051716
0.060846
0.052437
0.054798
0.072784
0.106959
0.059053
0.087115
0.057763
0.069068
0.055232
0.061546
0.070934
0.051792
0.079898
0.079625
0.058532
0.080659
0.053268
0.067612
0.061510
0.064877
0.080092
