140.604156
1921.045654
1583.993896
3385.016357
3662.888916
2906.336670
2761.044189
1993.710938
1454.228394
2299.356201
1511.629028
1097.290405
382.426971
158.995392
71.921043
112.152489
144.560959
44.678669
40.350861
40.268837
24.990963
21.554546
20.528141
22.159252
25.071768
25.923122
21.492970
26.762362
38.982410
75.452278
82.235321
98.891907
91.690247
84.773384
69.803368
60.075138
65.015724
62.907429
53.412323
52.356239
37.123405
34.085194
34.183208
27.323469
35.111317
38.444981
38.590866
34.465946
31.485535
29.978712
24.303658
18.092648
16.090824
14.935236
13.655413
14.212780
12.651380
12.830663
11.036198
11.268545
10.756861
9.032282
8.845674
9.611729
7.970317
8.942286
8.321699
8.460015
8.093230
9.804112
11.129231
9.523602
10.776955
8.370934
10.213275
9.211369
9.940850
10.169817
10.139459
11.448987
11.668582
12.940971
17.533810
18.264046
21.000013
24.446945
23.739052
26.506464
28.262365
26.692701
25.530313
17.742464
19.207842
16.354843
13.707539
10.488957
11.332274
10.933777
11.548595
10.493627
13.011312
13.088903
13.646964
15.500250
16.428789
17.529654
17.331110
19.058580
22.246626
23.383381
22.545126
21.581556
17.241512
19.665569
23.149780
23.502321
23.448429
16.123064
14.950987
14.240477
15.926573
16.300316
15.784497
13.906715
11.378790
10.119942
11.310822
11.641604
12.271656
11.970388
10.640975
10.221281
11.278831
9.992304
11.097347
10.394197
11.501595
13.598454
16.247639
14.250037
16.884472
18.015448
12.698663
13.904716
11.111839
10.398884
9.981867
11.461218
10.518306
13.097896
12.508338
12.428295
10.784933
13.243081
12.833035
10.569850
11.851668
12.932679
11.482995
11.055275
11.142173
13.920601
14.071177
18.249424
16.732109
18.420498
18.804111
16.195440
17.937700
15.573372
14.193827
13.285341
13.751921
12.383962
13.785768
13.657543
17.615009
16.754757
20.060699
19.816166
16.826809
17.144701
13.481956
15.655372
14.154958
16.301010
18.319023
20.084625
16.345373
20.838312
19.055098
18.540310
16.843206
13.493806
16.142221
14.640168
12.701646
10.170506
9.564519
8.914888
10.239769
9.693894
8.406900
9.328650
11.588184
13.629970
14.936175
13.639136
10.407407
10.194701
12.267992
17.106482
17.920170
16.305771
17.040997
21.422398
24.095312
19.043312
17.942286
22.361923
16.110897
12.917082
12.922444
11.148153
11.927779
15.148662
15.089031
13.302863
14.417851
13.628493
13.435731
11.996877
12.093117
13.126425
14.835030
13.380728
13.202707
13.097005
13.645275
15.037315
14.757286
16.365084
15.893886
16.914707
16.744823
14.837883
18.159849
12.796106
12.401619
14.580846
11.460557
14.276990
14.375900
12.664854
14.424951
14.408925
11.991796
15.259129
15.519269
13.561134
17.057320
14.536375
14.750972
14.126837
13.360822
12.360168
16.157837
14.407208
14.353502
14.887994
14.837457
14.945446
11.908630
12.301020
10.319610
11.477860
9.002044
11.084463
7.419390
8.927547
6.393950
7.474401
9.767559
13.097441
15.790317
21.785240
24.404350
31.951059
34.067787
39.357883
38.170193
40.870701
32.803459
34.457012
31.877298
29.965111
23.324755
21.458817
16.730280
17.844727
15.918162
13.493310
13.328792
17.803434
17.321373
16.219490
14.496867
13.068645
13.297783
16.043053
13.478800
14.856428
12.528045
13.021518
10.073854
11.748581
10.470091
10.705299
10.826994
11.073737
9.707662
10.281962
8.666392
10.105966
12.112535
11.909236
13.705002
12.805561
11.989810
11.388712
9.919557
11.908430
11.737532
10.855078
13.355795
13.021365
13.761392
11.230734
11.643788
10.977644
9.515275
9.397956
10.249509
9.673983
10.616933
11.077578
11.064463
9.749687
12.123980
10.552059
13.432600
12.745191
11.616435
12.971110
12.731688
13.475293
13.168867
17.425138
16.095201
15.825220
17.082762
18.010469
15.689612
17.016338
14.295589
15.499795
19.946520
18.412836
17.122906
19.408054
18.976290
20.562428
18.568621
20.488379
17.433590
17.436424
14.049101
12.318471
13.361900
12.232497
9.004130
12.426299
10.170482
11.619505
8.571234
12.466407
9.104579
9.535524
11.419989
9.865633
10.012929
8.563458
9.746244
9.674633
10.918872
11.454651
15.694445
15.768346
14.793846
14.695630
14.654428
16.501331
14.013150
15.939501
14.758067
13.247172
13.936132
12.746954
11.020800
13.239281
11.864580
10.998094
13.477610
13.252567
13.247103
13.257825
12.063027
11.720416
10.887151
13.334948
17.645927
15.364173
16.474691
14.466747
15.063126
11.784707
10.653573
11.975570
7.944876
10.239697
12.178665
14.817358
12.953769
15.167285
14.366926
16.289925
13.054472
16.320650
16.406548
14.895698
15.887112
14.895600
15.958859
14.714915
15.726856
14.514780
16.838411
13.979468
14.975053
15.255857
16.733723
12.913436
12.035678
12.577641
18.989820
19.939713
17.740067
21.135628
17.716436
17.210056
14.732368
13.264683
12.422335
11.234445
10.354245
8.429659
8.818533
10.973579
11.234360
13.000042
10.976609
12.358011
12.161702
14.314558
15.472271
14.120988
14.531463
15.981002
13.464087
16.642643
16.163254
15.541564
13.305641
15.770789
15.634845
10.883598
11.828652
10.843864
10.946653
10.214550
10.567911
13.188842
10.597020
11.522549
11.197401
10.178006
10.965163
14.180558
11.282828
14.679008
15.797964
16.934605
19.112158
22.120655
18.144932
20.396097
21.522591
14.857748
14.356297
15.278426
12.845356
13.502103
14.875463
15.372881
10.470922
11.001364
11.684896
12.923292
12.405680
15.633111
13.356501
12.786464
13.241365
13.571741
13.097427
12.656865
13.773949
15.758752
17.239252
17.777821
15.447392
17.514917
19.080242
14.375731
16.141565
14.345442
13.591024
11.916357
13.664702
13.348126
14.983969
14.307595
11.191068
14.469957
12.058633
12.217029
15.542348
14.837454
12.694724
14.333920
14.689914
13.331061
12.105714
12.558790
10.134979
13.076591
11.934196
15.573725
15.845362
17.583647
17.617403
17.044886
18.948612
18.189371
17.954138
17.861324
18.594559
19.999994
18.672888
20.544230
18.200251
19.654568
25.063313
25.018896
23.847706
18.723680
19.432255
18.773226
20.755316
21.207905
19.595383
12.925350
12.922488
15.979465
19.363983
19.170057
21.409447
24.707493
19.437912
19.787336
16.825010
13.320391
12.250966
10.299165
9.590125
10.300916
9.872270
12.723810
15.219639
17.724405
16.273798
19.493437
17.815699
16.691849
14.221681
12.552137
15.101108
12.110419
13.043050
12.278584
10.940279
12.855577
12.784089
11.182624
12.044451
13.758342
12.344769
11.567016
11.890544
10.894123
11.035463
12.376381
14.142992
11.438005
11.845940
13.258061
15.667146
12.503680
11.999862
14.671529
13.352082
11.700585
15.354440
12.751756
13.347146
16.549681
11.849591
13.380006
11.010653
12.411222
11.795896
14.210176
13.131896
15.593315
13.579313
17.078718
14.025966
15.580206
13.514500
10.898159
13.348998
14.560754
11.514147
13.672624
11.716731
13.685681
11.783647
13.062560
12.228673
12.786022
12.136790
13.617409
10.881561
9.537417
11.365395
12.697484
11.247073
15.256883
12.455316
11.722801
13.874741
18.231859
22.792612
26.537935
29.912086
28.237852
24.348595
21.659801
15.716245
13.364448
14.723301
15.562837
18.121002
21.861227
22.570101
23.369724
24.977037
23.930330
23.291245
23.668146
25.404408
22.165344
19.807573
16.077782
19.262903
14.218207
14.813668
16.426611
15.683260
16.342976
18.588215
18.089314
16.244465
17.569929
15.833057
19.980673
21.237658
17.029524
17.733397
18.848639
15.656073
17.845987
16.360603
19.124529
17.132807
16.277754
16.085318
15.144831
16.180208
16.035851
14.427159
18.652018
17.008224
13.411835
14.579343
16.909456
15.684531
18.277010
19.552965
15.772802
13.611337
13.332361
13.308613
12.571727
12.238331
15.321288
9.970675
12.331155
11.948202
12.163750
14.491645
14.019622
16.947166
15.514957
14.653551
13.419020
10.545873
11.661192
9.352634
9.683442
10.404336
11.800055
12.013514
14.905912
16.234455
16.422409
18.018707
17.851305
19.762209
19.679939
17.857967
20.117720
20.004866
16.833580
13.984732
14.480402
15.978049
16.481005
16.082579
14.349627
12.026502
13.439227
12.721014
10.292399
11.809456
9.033501
12.397905
17.447639
17.652319
20.595530
18.192181
16.407370
13.478668
9.601191
9.683860
11.223772
13.645552
12.901724
12.966865
13.309128
13.590395
12.372025
11.682269
10.613905
9.661243
10.785404
8.860919
8.731879
10.073028
9.621630
9.920692
12.815416
13.531337
14.759432
11.055882
13.659147
12.687083
15.483017
12.881818
16.830776
17.574377
17.744766
17.064934
19.914848
19.786707
21.434359
25.790527
26.027750
29.303509
27.984268
26.512707
23.469131
19.991911
17.914394
20.261969
20.261581
19.082895
20.761311
20.085821
19.958740
17.289961
18.218306
18.870955
17.129837
16.843855
16.852179
16.775864
16.248739
13.364026
13.223561
13.207963
12.950015
13.256334
13.287340
12.728977
12.336419
11.774642
12.279228
12.487889
10.603939
11.851410
10.095691
11.528820
9.557276
9.161653
10.879137
11.892913
10.116357
13.763060
12.527159
12.501861
13.724277
10.233256
14.317582
12.253561
16.022032
12.339898
13.811869
12.646180
12.193242
11.883796
13.949601
11.640356
14.662715
16.326893
18.487350
18.667025
18.786877
21.152174
25.330904
24.489086
27.070934
24.432653
28.885124
23.031456
20.897303
16.586729
14.537004
13.861719
14.617446
15.676681
13.731338
14.289931
15.635552
13.222850
13.105573
11.955057
14.252604
12.152390
13.029674
9.639375
10.275081
12.276136
11.020525
13.639867
12.714995
14.029905
14.416140
15.793090
13.723048
19.178562
14.979782
16.610626
17.798365
15.312390
16.024940
15.553524
13.510044
13.407139
11.984522
11.625998
11.281310
9.816634
9.278701
8.977943
9.267853
10.114696
8.979910
9.427647
9.423655
9.234948
12.203612
12.675497
15.380238
16.174667
15.492559
14.759382
13.985651
14.331405
13.125264
13.128925
12.372969
10.465178
10.881965
10.084492
8.093366
9.605781
8.415049
8.961947
9.127536
8.712556
9.166410
9.191569
9.357887
8.466512
8.622337
11.613965
9.894699
14.013014
15.399151
17.436893
20.677221
19.116690
19.833052
14.123537
14.588041
14.229559
11.766950
11.534681
10.794443
10.963307
11.620340
13.372328
12.784381
12.099922
12.085496
13.071349
14.435606
17.280952
16.875336
14.960448
16.235250
13.389009
10.418249
14.664149
15.257584
15.466336
15.718693
14.407916
14.124304
12.342296
16.976751
12.982835
16.894659
17.648624
15.634371
16.394606
19.913769
15.843692
14.651176
12.135728
12.503857
10.359229
13.507707
14.600854
16.368942
18.726889
16.830908
16.766895
17.490572
14.427336
16.777023
16.117340
14.829504
16.191792
16.756832
17.916319
17.115860
16.320650
20.065718
19.420033
19.077263
17.498253
16.627209
12.068950
12.136979
11.784318
9.484066
7.863495
9.367025
11.289598
8.584031
10.147596
10.543732
10.002355
10.306777
11.134420
11.775263
11.612650
13.411966
12.904714
11.332905
11.063057
11.533416
12.191912
13.483218
12.040286
14.554143
11.954145
12.556670
11.638469
11.911935
11.011511
11.475037
10.893086
10.480684
9.648767
9.034896
9.802939
8.560293
11.129785
9.802127
11.880278
12.204738
14.540865
13.288130
19.093800
14.990020
16.665203
12.703810
14.226362
14.453881
15.585445
14.500434
15.737193
17.652781
18.848679
18.915518
18.130180
18.134417
18.468620
14.920063
16.624689
14.621521
13.633262
12.867962
13.364793
14.642463
12.605253
12.595423
13.515720
13.271597
11.773311
13.111835
14.402258
14.908958
15.162522
14.022825
14.816607
16.283585
15.539304
15.222028
13.908495
14.379258
11.658379
10.539645
10.760822
11.208097
13.273126
16.130404
18.598780
18.756073
14.408948
13.125062
11.923037
11.199780
10.694800
9.848910
10.529384
10.005116
12.105943
13.429427
19.825392
25.722790
31.727671
34.468773
32.739315
38.122940
39.418262
31.336275
28.076035
19.928095
13.756549
13.931631
14.608828
14.538640
16.190477
19.775196
18.793764
21.516632
22.147413
22.767895
22.368544
18.090818
20.108719
21.300734
17.687925
18.320946
17.525129
18.096485
19.445177
17.986197
14.972489
15.817307
15.615707
13.416995
11.972348
10.245886
11.217722
10.312565
10.451648
9.974976
8.953496
9.964993
10.541907
10.531153
12.275972
10.270475
10.578078
11.425701
10.465820
10.312376
12.283625
11.538254
11.216343
16.100334
16.095789
16.636700
16.456917
16.824228
18.974560
17.480520
19.173508
21.634516
22.203468
25.582903
23.176247
23.848486
24.963602
28.226501
28.397322
27.726429
31.764175
28.922346
23.092707
22.198362
24.546415
23.725266
19.799517
18.287226
17.259863
16.267117
12.586068
12.908068
10.083830
11.143147
11.572199
10.334711
11.159436
11.888297
14.086751
12.655667
12.441485
9.830336
10.860694
9.759510
11.304685
9.413297
7.218799
8.956278
8.755679
8.990927
9.881514
9.815257
11.859074
13.178293
11.808963
13.697598
14.279792
13.435304
15.771490
13.614333
16.687160
16.802959
17.876810
14.000434
15.858122
13.542798
14.754119
16.395296
16.265913
15.203794
16.038790
13.799924
11.494201
14.329594
14.456716
12.635269
15.273622
14.198807
13.236569
15.058084
13.701307
12.273822
11.338581
10.194631
9.950727
10.286918
11.376705
13.718392
13.638729
10.979884
13.045440
12.826415
10.361057
10.341735
9.581568
12.413793
11.572863
12.278240
10.478928
10.343122
12.219692
10.327520
10.975615
10.419878
9.957614
11.377669
9.618327
13.388781
10.566175
10.497878
12.645394
9.760844
8.769718
10.070360
11.988229
8.128915
10.094861
11.829209
13.516647
10.504418
13.596238
12.248877
12.356804
12.997830
10.765234
11.778095
13.015415
13.773242
13.226953
11.599706
13.531358
14.354900
11.604038
10.401328
10.543511
10.546839
11.244578
12.326547
11.735562
10.971148
14.286966
13.946142
13.847063
13.315801
13.480611
14.355185
14.730448
15.853855
14.301565
17.597170
13.853141
14.238605
13.431098
13.121025
15.268276
14.934806
15.261005
16.311373
16.424610
16.061996
12.218184
14.542255
14.111828
11.070062
10.875204
12.325835
10.482838
10.841587
10.058182
12.111316
11.438270
10.618727
10.419291
10.829221
10.044921
9.280159
10.173496
8.951079
8.641669
10.181130
10.968648
11.106293
9.520596
9.246627
13.294263
11.716279
11.683193
10.392715
12.521932
11.692234
11.666515
13.789351
12.145036
11.798373
11.453619
14.421569
13.143480
14.479651
13.651778
13.872972
12.846883
14.504611
14.984879
15.755601
19.623823
16.959101
17.072086
15.966194
15.442222
12.418345
12.345280
12.199534
10.480597
10.908591
9.743069
10.113351
9.961452
14.309038
11.588398
14.070941
12.751970
14.735360
15.230721
15.873006
17.791096
18.561705
22.141394
22.392588
25.487261
24.113678
29.260826
28.181406
23.109282
21.927605
21.199556
18.836418
18.053904
14.595211
15.029350
13.509664
14.383182
13.476848
14.758460
13.596146
13.456562
12.363580
11.384752
10.665396
10.450418
9.820879
11.137646
10.016206
9.954100
11.302529
9.781980
9.696891
8.683185
9.119975
9.438985
8.907953
9.248429
9.778825
8.661479
8.760098
8.720972
8.162868
8.836825
10.370163
11.559480
9.565935
12.969084
11.874177
13.813470
11.569703
14.961012
12.554770
15.480884
15.831558
16.509260
14.659896
16.219362
16.102722
13.891221
15.755089
15.999685
15.733918
12.220797
10.609823
10.676332
10.588849
11.641407
13.331421
11.370515
11.750864
8.070078
8.714192
9.726133
10.036095
10.013235
10.545732
9.838314
9.725180
11.457057
11.015917
13.840729
12.273274
15.766196
15.608717
13.413629
15.483879
16.567364
15.283184
15.716711
16.315987
14.555823
14.550035
11.848739
9.880188
12.220312
10.912364
9.914147
11.591722
10.705366
11.396030
10.428122
10.757409
11.120305
11.394671
11.366173
10.212592
9.629169
11.900721
9.656338
9.192031
11.041106
9.653848
11.898786
9.925764
9.606665
10.098772
8.787816
9.943007
7.738414
10.407078
10.541718
11.483967
9.265120
9.885019
10.765403
11.732863
11.394506
9.945588
11.538038
9.472127
8.934347
9.842871
9.537599
9.332351
8.753774
10.613283
11.960506
14.056600
11.668274
9.523192
12.200848
13.962908
13.010624
15.624843
16.031082
13.672118
13.575440
17.742939
14.588170
15.051117
15.020045
15.780003
10.641374
14.737241
12.884373
11.232686
12.337455
12.053918
12.175999
13.116569
14.502000
14.791995
14.242309
16.328930
13.994934
11.699751
11.567703
10.192234
9.827660
10.811856
8.890810
12.235423
9.755423
11.918728
11.612713
13.295386
11.968793
12.812440
13.138943
13.486452
14.165472
16.432812
18.685978
18.845694
15.870636
15.950588
15.229110
14.536158
13.457099
11.798309
13.238240
11.699701
10.970213
11.474346
13.374735
10.457920
8.722830
10.741200
12.242120
12.460562
11.770611
9.510132
11.756101
12.511959
12.789566
11.919020
11.112945
9.707338
12.456908
12.001480
13.848507
12.772497
10.782527
12.810318
13.255565
13.425043
12.164742
11.617999
12.163378
10.575277
11.597309
13.013862
11.737576
12.641044
13.134462
11.015453
11.366120
10.848904
11.445865
10.092933
10.024997
10.836684
11.567491
11.016665
11.369507
10.377662
11.251824
12.271073
11.831981
9.234902
11.966104
10.871738
9.721672
11.038496
13.507913
17.504261
17.105419
17.622597
16.639147
16.905951
17.689917
15.493961
15.358509
14.866466
17.730316
18.584999
20.753052
19.440121
15.909519
16.594988
13.382769
14.546497
12.495848
12.699410
13.329557
12.631826
12.986386
13.810783
12.441249
12.478946
12.242312
13.779428
13.612942
13.821577
15.361300
15.321065
13.549377
12.710698
10.919494
13.365475
11.862619
13.543147
12.062392
11.897481
12.272463
11.131437
10.274649
10.175251
10.164984
10.649381
10.198735
10.240932
6.916422
10.780431
10.379582
10.811516
10.551935
13.665667
11.072425
10.116679
7.793621
11.964612
11.100041
11.457719
12.823849
12.720639
11.680615
11.781100
12.544773
12.527095
12.999022
9.771002
10.155861
12.615582
10.455379
11.145672
10.074091
9.964925
9.244983
7.811675
7.822650
8.798284
8.949291
7.969728
9.374765
9.498606
9.749516
12.023393
11.385318
11.782745
13.722431
15.226419
12.815248
14.834479
16.607773
18.658958
19.142982
19.824621
20.577406
21.480396
17.879646
17.239460
18.013023
17.510256
14.659241
13.042012
13.491429
10.233368
12.076592
13.745984
11.460620
12.687379
8.790988
9.671860
10.458093
10.582644
11.031443
8.680715
10.213428
9.574596
9.243326
12.195538
9.719003
8.774294
10.210929
11.747320
12.587225
13.420384
10.279572
10.776856
8.586700
9.113563
11.093475
9.702003
10.162099
11.660393
11.331275
13.213149
13.449843
11.859619
11.293852
10.794920
9.453001
11.338096
13.904731
16.992464
22.556219
27.056425
25.694172
25.728100
18.640961
18.434481
16.062496
12.763295
12.477902
11.029769
10.905525
12.952608
12.160414
12.954058
12.415174
12.943285
12.674349
12.131238
13.736185
12.042527
15.002660
11.779975
11.729654
11.060233
10.188120
10.868513
10.397304
11.893823
11.014840
11.222573
10.547405
12.408934
12.132432
12.935513
12.071141
10.064267
10.943675
10.165086
11.086372
11.032366
10.534969
10.460217
10.439065
9.128779
10.346207
11.966238
13.733054
17.118706
15.361454
14.235555
16.831852
13.885619
17.851009
14.152343
13.727233
13.283966
13.259848
10.696892
12.916469
10.853243
14.888853
15.090640
13.919734
12.781624
12.785560
13.024496
13.030497
11.918593
12.218534
11.325480
9.925777
10.438240
11.559042
12.408723
10.896253
12.195848
11.672988
10.461610
11.644411
9.350455
10.488606
8.500529
9.092604
7.844010
8.980176
10.437986
10.549789
10.850016
11.684454
12.275805
10.608904
11.172940
9.441378
9.763854
11.328138
14.416130
18.008474
18.533318
20.152945
21.391834
17.976891
15.900594
12.320813
13.054419
11.830237
14.733336
11.822031
14.221581
12.385554
12.630495
14.827519
8.996275
9.221436
8.769103
8.748987
9.034536
9.837809
8.226234
10.139650
11.136817
9.967526
10.088698
11.340924
11.756523
13.427619
15.104387
14.840896
16.325989
16.203566
16.153091
16.242172
17.109568
16.933516
16.273397
14.472528
16.087324
16.959883
15.039448
14.585549
13.988256
13.538035
12.089572
10.781056
11.531236
9.556180
9.362385
11.571848
9.718152
9.778112
10.514386
9.789236
10.103889
9.096724
8.028386
9.373196
8.610504
13.014838
12.976611
15.171158
13.711233
13.547665
14.429832
9.581882
10.434630
10.059607
9.975032
11.356666
12.813053
13.768465
17.562716
18.127066
18.788813
17.361994
17.770124
19.766493
18.860186
15.418602
15.214504
15.059322
13.416582
15.581318
13.196362
14.046068
15.471766
15.661782
16.397516
18.767387
17.294035
18.281973
19.745811
15.448605
16.871201
18.343384
18.882055
17.889229
19.634527
16.234827
15.830183
15.357585
15.134402
14.005471
14.301084
12.733377
11.127526
11.805480
12.558023
11.445338
10.126100
9.459337
8.129071
10.403090
9.240997
8.808834
11.024613
10.869466
11.533232
11.325621
13.594707
13.728070
12.869766
9.952138
11.872939
11.614853
11.462350
10.853790
11.643636
12.054286
12.903563
14.271652
12.740549
15.339864
12.892887
14.212399
12.181207
13.420906
13.720748
13.301379
12.151823
10.936648
10.694022
9.099527
8.437841
11.425022
12.398345
11.414427
10.413831
11.358502
12.081157
12.176183
10.321264
9.220559
9.110635
8.617515
8.212732
8.903263
7.233155
8.070301
8.658971
8.597272
9.087733
9.388825
9.608020
9.204362
10.596008
11.185422
9.477871
8.789804
11.070436
9.857335
8.101110
11.976662
10.551357
10.500248
10.963817
10.762641
12.530598
13.974121
15.811164
18.476807
15.106401
18.822334
17.871372
18.008562
17.242121
16.308651
15.669577
17.474312
20.142237
24.641277
27.561935
25.969048
19.984909
20.590258
18.246176
15.186573
17.548784
13.389445
14.158523
15.425904
14.987652
14.770051
13.145504
13.181835
12.946594
13.518290
13.234031
11.127772
11.760227
9.678198
9.950739
9.072228
10.815002
10.689817
11.638140
10.398032
10.358864
9.002837
11.576636
10.867814
10.381774
10.978356
11.190756
11.694904
11.488907
11.094870
10.442122
11.555868
10.112702
12.226347
10.434113
9.763246
9.582894
9.531981
10.206092
10.221971
9.536171
11.009088
9.183153
10.187212
7.832236
10.099057
9.082093
9.067087
8.558496
10.169613
9.757200
10.508101
10.507334
11.216307
12.570050
12.496016
10.422510
10.096917
10.319617
9.804814
8.830704
7.692023
10.364156
7.512513
9.859695
8.152261
8.481029
9.182545
10.333161
9.799001
11.606438
11.636146
11.817513
10.533622
12.474898
9.766509
11.686102
11.952872
9.632713
11.549787
10.912265
12.686122
11.505967
13.599814
15.119171
14.012105
12.027256
13.080626
11.750716
11.861836
13.504436
12.248344
13.430597
11.422012
12.312279
13.172019
13.855892
15.792847
15.542094
14.229424
13.356605
13.629926
11.335636
12.123780
8.411966
10.230299
12.203604
9.674789
7.533912
9.009870
7.587538
9.919408
11.104548
10.479737
11.175106
7.214296
8.657879
6.832673
10.532135
9.644127
10.060646
10.056521
9.984821
9.381207
10.476224
10.911152
10.585407
9.478915
10.988056
13.419655
11.073009
10.575250
10.302072
10.769059
9.956571
8.622415
9.761824
10.440567
8.446899
6.937871
8.098876
7.702096
9.850149
10.934600
11.142918
12.305694
13.510869
14.425530
18.091454
19.194574
17.965471
17.154802
14.896962
13.413864
13.214531
12.189645
14.322585
13.463371
11.957191
11.667083
13.170598
11.808364
16.939796
15.596771
14.610107
14.474027
16.238617
15.011913
14.412367
13.699149
11.249766
12.558078
12.689471
13.309874
12.990426
12.668282
13.594074
16.335320
13.695003
15.638013
16.492054
16.171137
16.026121
15.739596
14.288851
12.213840
12.071308
10.183503
9.099176
11.889873
9.857247
12.014716
9.204887
9.417763
10.292671
11.517141
11.131323
14.833037
15.470824
15.088842
13.688584
12.514107
13.030009
12.320117
9.167306
10.253139
8.390135
9.555821
10.289409
10.453456
8.608632
8.916973
10.420438
8.855279
8.550764
8.755717
11.058429
10.555846
11.099111
12.066474
8.940812
9.989814
10.103447
9.271555
12.439796
12.368311
13.949524
16.151585
14.336321
16.005121
11.150772
14.640690
17.771915
19.320740
17.596020
19.316931
16.232409
16.038855
12.282390
11.467850
11.366693
12.281762
11.097319
11.191761
11.706037
11.388266
9.949906
13.351830
12.556235
9.790316
11.636031
12.596345
10.927502
10.044647
11.477262
10.312810
12.350080
13.936954
15.360360
15.308915
11.016826
11.563324
12.256066
11.968443
11.795645
12.677398
11.692722
10.867406
11.558263
13.259299
13.765728
11.393266
10.868870
11.095430
12.513502
11.206218
11.308636
9.736196
9.762764
10.559624
9.038883
10.117594
8.775691
8.462503
9.421730
9.839855
10.080412
8.701469
7.774730
10.147495
9.156153
9.121344
10.809464
9.242422
10.005828
9.623925
9.410573
10.942165
10.453161
9.821581
10.542994
10.268166
12.279330
9.090412
9.076612
9.222641
10.078636
11.399443
10.252922
10.143371
9.702407
11.052591
11.043579
10.870893
9.445704
10.205457
11.449368
9.643718
9.663678
11.221318
9.983090
9.613425
11.993809
14.090887
14.818588
13.980873
12.999756
13.707712
14.781978
14.852180
12.577656
15.800389
15.804214
13.596721
13.227511
14.698293
15.247868
12.740480
12.390058
11.392616
12.241992
12.208094
14.058635
12.351468
12.948977
15.171762
13.566572
11.193745
11.792782
11.846774
11.658443
8.665545
9.674103
9.274536
12.300936
13.387166
13.054609
15.518816
15.248739
13.989670
14.053378
12.546508
14.435110
12.087757
11.294668
11.573458
8.975942
9.327154
9.394553
10.208989
11.024822
10.051176
10.608930
9.137976
11.263317
11.909914
9.244211
10.997516
9.084021
10.008976
10.254651
10.459894
12.254870
8.899750
9.451714
10.528559
9.673431
10.232678
10.815129
10.695749
10.199524
8.921186
9.393197
8.386385
8.313633
9.413090
12.422132
13.754597
17.083302
18.188906
18.457304
18.385342
19.520824
14.872083
12.447150
11.405215
10.413680
11.206547
14.225540
9.230598
11.289864
11.337225
11.195250
9.710758
13.218170
9.424554
9.375842
10.719141
10.658378
8.583507
8.062126
10.713190
10.434422
8.805057
9.691554
8.747850
9.072516
9.796751
9.193359
9.301076
9.052328
9.747787
10.663669
9.392070
9.926938
9.152196
8.588449
8.588898
10.152936
8.242026
10.572702
9.497160
9.826664
11.246531
10.272265
12.579006
15.495325
13.860207
14.622220
13.912685
15.683109
15.432682
15.323136
14.686399
12.377385
10.127697
11.845822
9.490815
9.111092
15.517365
13.961809
16.474688
15.738525
19.106857
16.770685
14.532032
10.703791
13.235682
10.825911
13.283634
10.778226
12.886723
10.840257
12.277390
10.106500
12.162889
10.967884
13.026458
13.731358
11.572661
13.193179
14.350739
11.669775
13.541647
14.210950
14.410984
15.421803
14.731502
14.945964
16.859587
12.035002
15.281959
13.034519
11.450532
13.412228
16.782494
13.365002
13.225947
13.120790
11.350389
12.080611
13.685605
13.744796
13.361909
14.972195
15.021073
14.503630
10.843143
10.519700
10.099332
10.561820
11.398275
11.870759
13.702834
14.261246
15.004460
14.734048
12.717556
12.789067
13.438426
15.307848
16.151154
16.224655
16.593809
18.178373
18.921572
15.349328
14.508097
15.469990
17.179016
16.846153
21.432850
22.411270
19.547798
16.980663
14.239585
15.031127
12.974730
12.273278
10.868490
11.627527
10.444112
10.910344
11.180864
12.142305
14.691956
12.928716
12.353497
11.528062
12.091282
9.587783
7.949949
8.261643
10.763355
10.041346
7.796693
8.366982
7.329411
7.444255
7.116381
7.887940
7.773129
8.808524
7.835518
8.381711
9.758915
9.917726
10.342649
10.274867
11.404068
12.394948
11.629747
10.276569
10.799317
10.570742
9.407060
11.813787
10.623230
10.980236
11.036671
8.635588
10.103488
9.904661
11.126028
12.433150
14.289658
12.005175
10.252966
11.683228
11.901388
9.009939
10.662200
8.494411
12.136835
11.734529
10.455716
9.540141
10.445567
9.374539
11.738542
10.971151
11.843455
10.235154
8.250190
9.152764
11.145222
10.628963
10.670018
10.112875
9.587480
9.634977
10.718081
11.572209
10.571612
11.293309
9.976167
10.127812
11.199613
10.671058
9.660194
10.144584
10.032205
10.066097
10.540844
9.748882
10.053434
10.062329
8.764441
8.641367
10.089135
10.474814
10.354986
11.776801
9.299698
11.101128
14.247708
13.072328
16.266251
14.083724
16.322090
14.750612
15.712229
14.337352
11.780625
11.265656
10.170177
11.659192
11.844511
10.374337
12.071919
9.525948
10.985954
11.485846
9.423617
9.650066
12.307416
14.757139
14.546192
19.985189
18.908634
18.192616
14.764458
11.683866
13.663486
16.521780
16.486080
17.039951
14.612592
13.340123
12.185464
10.618367
10.466036
8.681002
7.897262
8.701292
8.869515
8.798326
8.402846
8.717580
8.639906
8.262959
9.140346
9.345407
9.586278
9.599119
11.311723
13.619002
14.821033
15.574373
17.162508
18.821869
18.969234
18.835997
19.392620
18.350771
22.100969
23.843870
18.574062
21.555035
20.713482
21.700977
17.829496
18.908346
17.065989
14.647077
15.744762
13.147163
15.787875
14.267682
15.347075
14.073814
12.497563
12.988636
12.443780
13.495019
13.853584
12.257389
13.106935
15.381207
15.089257
14.563020
13.034807
14.133545
11.566780
12.752733
11.823037
10.752816
10.499327
10.789776
8.691543
11.236409
11.805210
11.696452
9.402696
10.293203
7.135644
9.093762
9.023080
9.231229
8.169013
9.019351
10.610806
8.228721
11.063909
11.351878
9.118281
11.260352
12.610075
9.992750
13.871114
10.246144
12.213448
11.569384
10.922450
9.543240
9.151174
10.268124
9.835565
8.947914
9.033025
10.506758
10.455329
10.498092
9.054337
10.830421
8.929224
7.441202
7.243960
8.977016
7.416593
8.570251
7.920288
11.412658
10.875424
10.213318
13.549471
12.617927
14.821129
15.650901
19.268270
20.416691
20.622437
18.125372
16.831137
14.921038
15.273789
15.316847
13.780056
13.705836
16.182947
14.301160
14.367391
13.371525
13.009068
11.766626
10.697962
10.335856
10.058619
9.438195
8.000557
8.519172
7.619508
9.173451
8.456174
8.935950
8.085514
8.448815
9.243216
7.596808
9.051864
8.014698
9.258911
9.229096
9.487540
8.672264
9.373627
10.103030
9.265404
9.137255
8.530666
8.308357
9.665401
9.093957
9.723399
10.582749
10.039927
10.539310
8.986205
11.212960
10.973723
11.186465
11.622253
11.914463
15.572192
12.759139
12.660335
11.643100
11.141784
10.207399
11.715493
15.127997
17.036201
18.028093
20.630526
18.575779
18.650930
15.842940
15.718370
14.240505
12.945989
13.050950
11.150852
12.941476
12.893653
12.619984
11.560111
12.347417
12.098278
11.040357
11.583075
11.715069
11.592831
11.721286
11.241452
11.335544
10.245543
10.082554
8.334247
9.132461
8.166843
8.819925
8.836120
9.197806
8.740799
8.956431
8.356633
7.964621
9.732777
11.205890
11.655699
10.601714
9.971233
13.536085
13.198668
12.556291
12.266279
11.664210
13.164847
9.895085
10.510259
10.696081
12.531445
12.562990
12.506824
9.374759
10.174914
11.013952
10.081492
10.523706
10.753524
12.523816
10.325031
9.963085
11.187286
11.333082
11.000231
8.886769
9.902399
9.082075
9.441975
10.160583
7.680071
9.596009
9.846134
9.966485
8.794931
8.973955
8.055518
9.022079
9.920252
11.655535
10.154359
9.996030
9.999303
10.080958
9.552279
8.343822
8.850632
10.333657
6.727181
8.567251
8.123021
8.630104
9.832851
8.224563
8.977261
8.539782
6.566361
8.114552
9.683806
9.374226
11.438562
10.220297
9.963873
10.554747
11.093027
9.177318
10.355971
10.122706
9.726235
8.367335
10.852681
11.546789
10.600352
10.556413
10.668811
10.780597
10.058550
8.696230
10.533965
9.096644
11.899026
9.715170
10.125440
10.085629
10.729263
10.135345
9.742854
10.294717
12.338969
12.373574
11.231289
9.094487
9.927963
10.600631
11.347242
10.350104
9.206315
10.026201
10.565002
11.434360
11.009511
10.431353
10.492865
10.517247
8.642753
8.556342
9.363852
7.491999
7.700662
9.469630
8.745492
9.494638
8.962909
10.160303
9.395082
10.963283
11.322558
11.503294
11.805689
10.716028
12.424904
12.708372
10.945720
10.986627
10.415551
10.081628
9.514126
9.150537
8.846385
7.435837
10.071164
9.968859
9.563205
8.119268
8.328145
9.773418
8.030561
9.003952
12.346035
14.372068
13.875881
16.551908
16.383194
15.246039
12.300539
12.968719
12.753335
10.083611
11.820426
10.311959
11.428727
10.271873
10.960832
10.675701
12.505888
11.801076
12.891812
12.149104
12.504817
10.699817
11.682453
11.920731
12.114312
9.891523
11.414992
12.450252
10.506384
13.574383
11.623194
11.922489
9.428172
12.531107
12.366365
11.162710
10.720601
9.567080
9.405742
10.616949
9.699372
8.151840
7.119843
7.912337
8.992199
7.595653
8.443856
9.880000
10.127097
9.724194
10.679195
10.280030
8.815100
9.291147
9.996367
8.123671
7.986254
8.745290
10.005009
8.861774
9.091898
9.064221
11.526373
9.154432
9.213877
11.512118
10.429423
10.265005
10.538860
10.653412
11.663733
13.084099
13.014228
13.431261
16.478783
20.378885
19.750051
22.539072
21.343815
21.527073
18.913143
17.848660
14.670265
12.607685
11.212880
12.426080
11.385492
13.354124
13.778306
13.351099
12.549675
12.383814
10.572428
11.350826
9.304545
8.978008
9.047066
10.572836
9.749475
11.871103
13.030325
11.778030
11.541120
12.314562
12.694662
10.706896
10.713322
10.057160
8.681221
9.223047
7.946041
7.985340
8.195004
7.756108
6.807844
8.189566
7.331099
9.755948
8.811468
9.603991
9.048156
11.086642
10.311364
10.718003
11.051553
12.442881
16.116083
16.771246
18.347860
15.701180
14.921023
15.418855
14.812380
17.790226
13.530643
14.662708
13.928875
14.168415
13.042026
13.762473
15.713051
13.490182
13.335587
15.684442
13.381478
12.928317
12.274424
10.612883
10.687148
10.581894
10.201052
9.274519
9.568846
9.430874
10.431161
8.491707
10.715486
11.305669
10.638017
10.285921
8.714901
9.657080
10.510767
10.935305
10.389809
11.027958
11.594598
10.694413
10.999051
11.631570
10.492670
12.595587
10.277168
11.273395
12.036735
10.199733
8.618176
9.641441
10.872134
10.293310
9.756281
10.297490
11.361420
10.364961
9.297502
8.404156
8.333755
9.027079
8.156725
7.606935
8.831931
9.043745
6.740245
9.973423
8.546969
8.366835
8.488256
8.967788
8.881813
10.304519
10.046251
13.373155
14.136875
13.208932
14.170095
12.381716
12.362072
13.200620
12.572382
14.025271
12.239959
11.719305
15.460608
11.476703
13.258563
12.896823
12.190973
11.554837
11.814383
10.995575
10.459989
9.973335
10.452108
9.066131
8.129400
8.878526
8.146814
8.290030
9.291259
8.835937
8.460223
9.670650
10.347138
10.208994
10.726357
11.594509
12.161774
11.723722
10.604981
12.191826
10.185900
11.802016
12.440132
11.005017
11.801924
10.934011
12.349079
13.927328
12.389235
13.188948
12.267815
11.850962
12.736761
12.160281
11.625773
12.186398
12.570958
12.276052
13.281445
10.304031
11.879750
12.230996
13.870255
13.661055
10.752273
12.755938
10.509177
11.251325
9.724386
9.860200
11.574327
11.848598
10.461533
11.906677
10.177735
10.806155
11.870445
9.824642
11.584699
10.690177
10.917146
11.475226
10.797665
8.650644
10.556632
9.860129
8.518476
9.454694
10.349959
8.978225
7.758473
8.434492
9.152379
8.596752
8.352962
9.085825
9.013268
8.433110
8.976331
9.844537
8.810310
9.623342
9.513665
9.776781
10.360050
9.863506
9.690905
9.915897
9.324008
10.908886
11.436127
11.638386
12.457689
11.067230
13.454658
12.981194
12.556379
12.376741
12.463866
12.658244
12.365106
12.386860
10.768486
13.262403
12.394921
13.502898
11.867483
11.589074
10.713629
9.524639
11.960155
10.486320
10.231421
11.389736
9.616101
13.891463
12.568679
10.842207
10.624418
10.405963
10.780374
13.196484
9.880594
7.365613
10.857727
10.212925
9.525500
9.077011
9.541417
9.929733
8.612633
9.404716
10.077967
10.759733
11.557796
11.632670
11.349578
13.160810
13.809290
15.020611
14.122827
13.790125
13.336905
12.024076
12.830035
12.450894
11.046427
11.666610
11.890563
10.570036
11.128837
10.539911
10.483584
10.965562
10.573901
11.383838
10.532288
9.260137
9.545438
10.692451
11.690269
9.804050
10.869606
9.688122
9.662580
9.555138
9.619647
8.194760
11.160243
10.591706
9.881536
9.839575
14.573198
13.635556
11.702900
12.513375
13.869611
13.361546
14.685651
11.736933
13.101782
11.465441
11.216575
8.521062
11.563122
13.099064
14.949576
14.220905
13.540492
13.643408
11.624162
13.029389
11.814148
12.272729
11.481869
10.234831
11.742002
8.490315
10.951250
9.199438
10.728570
11.901004
10.933225
10.414940
10.136391
10.733441
10.870866
11.336661
11.767984
11.635368
11.343016
10.965478
11.822637
11.804142
12.369224
11.051470
11.555764
11.775388
9.200236
11.344215
10.024947
10.259598
10.596950
11.385217
10.480332
9.380393
12.404874
10.798482
13.071240
11.033878
12.886118
12.456369
11.459697
10.806821
12.543323
11.766850
10.437666
11.320784
10.536544
11.627346
10.529609
8.725014
9.953025
10.325747
10.317097
10.353421
9.372976
10.889444
10.091228
9.461115
8.633090
8.098567
8.991293
7.188164
7.977516
7.861480
9.313028
7.973391
8.248557
8.004346
8.720708
9.070408
8.475506
9.349319
7.306754
9.971088
9.074636
8.760898
6.659605
9.475589
9.525681
10.063671
10.342093
10.075205
9.920967
10.993112
8.934692
11.769331
10.440926
12.524103
11.722938
12.208655
10.913409
12.761534
12.174028
11.467861
13.754804
11.930836
13.299047
11.623635
12.317803
12.340382
12.897597
12.556966
12.447543
11.297291
11.818686
10.792972
10.914059
11.712298
11.956447
12.721876
12.718904
11.390047
13.147073
12.260838
12.380883
10.222368
10.375342
10.920850
9.655656
10.097698
10.923451
10.804397
11.536044
10.076379
10.206908
10.514721
10.882566
10.527752
9.334925
10.012632
11.008033
10.592707
10.291092
9.784890
11.211499
10.304100
8.918554
8.468970
10.729339
9.600865
9.706707
8.194951
10.599792
10.128931
10.634963
10.999832
10.559722
10.621681
9.666068
10.845649
10.551442
12.059958
13.285614
15.320574
17.040186
17.445730
17.878946
16.030230
14.496191
15.985798
13.311990
12.988135
12.832925
15.482843
14.521235
11.162175
12.040946
12.281044
11.738410
12.163214
12.794070
11.355796
10.784855
11.270837
10.075810
11.656892
9.885671
13.391473
9.996721
11.464355
10.732605
11.997828
12.690609
11.672612
10.277331
10.883773
10.213209
14.652658
13.494205
15.508463
17.929415
18.022633
17.774632
15.427582
15.745261
13.770308
12.229848
14.185070
12.506362
13.888241
12.026560
11.291080
11.953230
9.425765
12.272087
11.754851
11.820551
11.662500
11.590926
12.102470
10.380405
10.837007
10.736330
10.628274
10.519371
10.306179
10.218401
11.189015
10.568331
8.093476
8.170359
9.221292
9.590859
8.185857
9.429269
9.119337
9.981932
8.370567
10.306988
10.561857
9.582443
10.149640
11.227827
10.673001
11.081431
12.047264
12.200166
10.286619
11.920604
10.532555
9.854622
9.620332
10.512900
8.689093
10.834319
10.504128
11.857741
12.457176
11.532265
12.288224
10.082352
10.195272
9.632053
8.900169
8.199980
10.874429
9.725440
10.871822
12.504246
10.337882
9.782451
11.651591
10.501195
9.692337
10.686512
11.705376
10.465957
11.934416
9.187841
8.814522
9.655994
10.915010
8.890834
10.790517
11.692615
10.879395
9.974600
8.915733
9.592920
9.761261
9.375652
11.445000
11.692292
10.110359
10.390476
11.216284
12.604921
10.483445
12.455612
10.808404
11.120355
10.083750
10.131939
10.501947
9.838418
9.420245
9.178616
9.855213
12.697186
11.227411
11.005793
9.595974
11.714114
11.364407
11.296872
11.797399
11.747632
11.194302
11.446044
11.303337
9.711986
10.853792
10.040594
9.321933
11.803793
10.262279
10.909887
10.223016
11.904449
10.843617
10.188108
11.092547
8.448214
10.001625
11.305930
8.169854
9.166137
10.210378
9.690193
9.139636
9.323380
9.760896
10.431005
11.803396
12.229273
12.403698
13.516916
12.202992
13.627194
12.073597
10.110433
11.012529
9.015805
6.806196
6.964514
8.399516
7.733297
8.567388
8.293761
8.290697
8.464409
8.313386
8.556919
7.934221
8.728102
8.214426
9.545438
9.962173
12.439542
13.102462
11.749274
12.737282
12.618545
12.975457
11.897932
11.563184
12.184293
14.202168
13.984813
14.213253
13.812153
15.666870
13.663715
12.687001
12.500255
11.773435
10.120696
10.417641
11.798655
11.175621
9.543331
11.203848
11.397184
10.388263
9.926150
8.962803
9.288646
10.012119
9.767657
10.439197
11.514240
9.609428
8.959617
9.155402
7.914594
8.118745
8.918629
7.873931
9.152566
9.407552
8.978662
7.622264
8.141321
7.544930
10.415390
9.189558
9.460032
9.346649
10.384633
10.250812
8.034011
9.016912
10.064287
10.830677
10.322626
10.261393
9.800799
9.827540
9.398660
10.499885
10.659625
11.395087
10.295949
9.552169
11.840239
10.640320
12.170369
13.679955
14.041861
14.239041
14.106339
13.844451
14.025515
14.829968
12.137968
13.194190
10.716458
11.773415
9.461492
10.212017
9.954861
9.143635
9.018328
8.382952
10.934544
10.500470
9.945413
9.670317
11.143214
10.825037
10.601813
10.332634
11.470228
10.830406
10.028598
9.967354
9.290221
11.495079
7.858632
7.596622
9.407209
8.909595
7.963034
8.791515
7.982868
8.685818
8.949735
9.965512
11.941227
9.760686
10.176871
10.432625
9.650413
8.922959
9.895072
10.046902
10.762639
10.615148
11.651031
10.607227
8.524727
8.730973
10.490979
10.831342
10.373290
11.084398
11.483870
10.137833
10.919683
11.375247
11.546479
13.283932
11.345057
13.399236
14.394837
14.892600
14.714386
14.654720
13.740785
12.814733
12.610938
12.701078
12.147161
12.266379
9.788426
10.689999
9.197770
10.412703
10.337765
11.345655
11.110097
11.132670
11.967231
12.999680
11.292765
10.344501
11.920365
10.024769
9.199455
9.642084
11.467194
11.512043
11.311566
11.836753
12.369327
11.002290
10.451295
10.831438
9.690609
12.033634
9.706192
10.349203
11.493930
10.384738
11.128839
10.869576
10.541766
10.530494
11.184813
10.992772
13.004881
11.306627
12.246784
9.733179
12.048766
9.243773
7.985783
8.975231
10.257920
9.761799
9.210761
8.836973
9.442545
7.856812
8.861702
8.682577
9.476937
9.340214
8.355124
8.912720
9.044544
9.815595
11.342776
10.190773
10.424990
10.192828
10.542061
10.854735
11.560827
12.283207
10.862670
11.364348
9.976682
9.426929
9.507192
8.957720
9.385534
8.810602
7.721100
7.849819
9.803512
8.715132
9.858643
9.271389
9.905153
9.511458
8.319961
9.520942
8.663617
9.451121
10.384131
9.453909
7.588650
7.864237
8.747650
9.097570
8.510701
8.913891
8.349218
7.714351
8.763528
10.087496
9.231778
10.118437
8.900781
10.223231
10.705291
12.102467
11.635861
9.871629
11.204267
10.101871
10.980140
12.195406
10.470030
9.535478
11.258322
9.747755
9.548013
10.416663
10.123123
10.691695
9.637360
8.728662
8.463883
9.176844
9.330289
10.292988
8.807243
9.229224
7.929532
10.528910
9.495724
10.158092
10.081916
11.325355
10.850082
11.350739
12.464817
10.620322
10.050140
9.935964
10.506782
11.040367
10.816226
11.057881
9.508080
9.326967
10.069483
10.035423
10.516045
9.334499
9.575838
9.738403
10.793510
11.183281
10.377607
10.590437
9.260508
10.393289
11.001654
11.079320
12.267735
10.811995
10.027578
9.467641
9.947349
11.337797
11.877920
10.659575
10.480027
8.821942
10.500722
10.182103
10.096285
10.416485
8.981318
10.286858
11.855421
12.655220
12.782421
13.055756
14.036252
12.349229
12.518195
11.973703
12.954202
12.093749
11.664178
9.233766
10.381237
10.031687
10.461077
11.278780
10.658408
10.705328
10.399776
10.312725
12.374017
11.204948
11.168180
10.687547
11.690529
12.060149
10.823905
10.024967
10.923866
9.117739
10.307367
9.044406
8.459015
7.612882
7.595373
10.670789
8.603976
9.056193
9.844059
8.738270
9.865343
9.749952
8.767130
9.514715
11.823261
8.982127
9.095928
9.174499
10.115581
11.958051
11.483031
11.143987
10.177412
11.115265
11.748847
10.054104
9.924024
9.870060
10.241335
8.673412
10.018651
9.705398
8.880893
9.985804
8.378030
8.079982
8.995382
9.302115
9.744595
11.038344
11.449392
10.753394
11.348167
11.042857
11.149776
10.714152
11.882368
10.958958
11.716671
10.821450
11.288476
10.330037
9.524146
10.792032
9.387835
9.626581
8.220185
9.849199
10.134114
10.723096
8.716684
10.679699
9.334194
9.766726
9.022327
8.975379
11.036340
10.087624
10.634706
8.483636
10.110611
9.556582
10.609090
11.051541
8.740712
9.065732
11.066121
8.579903
9.156156
9.003701
10.478628
9.087037
9.062143
10.961549
11.455735
12.138254
10.239329
9.268915
11.947647
12.415026
10.772085
8.511086
10.184591
10.897843
10.634919
10.242101
9.860263
11.755032
11.789424
11.486321
10.322300
10.328428
9.266869
10.638159
12.000674
10.351276
11.846805
9.201469
10.087745
8.884237
10.591346
11.753880
12.320540
12.301286
11.233278
10.856991
10.716196
11.460290
9.250616
10.817233
10.934259
12.200319
14.089243
13.103437
11.834185
12.168885
11.503982
11.657000
11.544494
12.532000
12.644789
12.170311
11.836426
10.874981
11.451489
11.486818
11.790291
10.336897
9.367266
8.043477
8.685573
10.226704
8.716113
9.553723
11.020911
10.027019
10.459536
9.243332
10.299044
10.044566
10.237945
9.480428
12.381968
8.319085
10.374078
9.512773
9.730042
10.656398
10.730536
10.770616
9.689842
9.485731
10.861259
9.665667
10.586555
9.683567
10.793337
10.347550
9.887064
12.105101
8.995273
9.680435
11.633564
11.613329
11.119986
12.773419
11.102084
10.943595
11.866849
12.476844
10.626673
11.367972
10.839701
12.410727
10.153745
10.511367
9.699124
10.803634
10.082006
10.539710
9.770756
8.641639
9.590859
11.014116
12.793579
11.474281
10.104448
11.538492
10.875279
10.136696
10.441421
11.011678
10.918858
10.384466
9.244101
9.178532
9.015213
7.536536
9.610235
9.589625
9.929100
8.592574
8.105415
8.405803
8.977050
8.542428
8.401674
8.123466
6.965936
8.980853
7.111319
8.058705
7.346874
8.987312
8.233335
6.624218
9.289546
7.424141
8.895777
8.540736
8.080549
9.140732
7.544836
8.028524
9.846155
9.377675
10.125046
9.650710
8.829601
10.064503
9.340802
8.919320
8.581028
8.640696
9.456932
6.930530
8.571882
9.246519
8.418672
10.142863
7.922838
11.233816
11.349845
11.153790
10.480627
12.784963
13.108330
11.417187
12.646123
11.995447
11.589985
12.602414
12.314092
11.982784
11.225175
9.588861
10.413248
9.725439
10.732605
9.066082
10.708074
9.681289
11.869030
10.361429
10.571404
11.024059
10.383900
12.336167
13.231314
14.268243
15.283814
16.046310
16.027391
13.176159
13.323222
13.437940
10.660035
10.313165
10.248821
9.284910
9.083904
9.253818
8.272413
9.844460
7.813390
8.620606
9.622632
9.572953
9.792241
10.182912
10.239382
11.714841
10.242282
10.074559
10.686358
10.412093
9.373215
9.918708
9.570704
10.324150
10.751108
9.872486
10.308650
11.697810
10.985346
10.070122
10.269352
9.565426
11.821417
11.824547
12.197124
12.507121
12.344440
12.863829
12.663878
12.967031
11.366052
10.646436
10.301962
10.415294
8.688780
9.262062
7.426738
9.156544
8.567064
9.895418
9.525571
10.546280
9.196047
10.122237
9.825416
9.577451
9.357321
11.266572
11.161357
10.111624
11.126979
10.343777
9.878938
10.654212
10.445133
9.455150
9.121656
10.767469
9.943771
9.843812
11.281583
10.342117
10.661614
12.156993
10.819413
10.605216
9.629513
12.835114
10.703981
12.907498
11.516441
12.901239
11.663448
9.941521
12.253788
10.587159
9.929404
9.789318
9.989015
8.652427
11.058031
10.001352
9.097110
8.785586
9.468657
8.182199
9.245600
10.536394
10.571738
9.838532
10.559831
9.382775
8.447253
9.074164
9.288301
9.521230
8.740897
10.053444
8.634676
10.191170
10.459259
9.735984
9.880774
9.481382
10.004561
11.008471
9.897486
10.052349
11.759936
10.716534
12.638649
10.521255
8.912992
12.207969
10.581770
10.778967
10.809720
9.749658
10.797182
10.806624
10.881420
10.045740
12.232705
11.346780
11.097393
11.055100
10.129269
10.901358
8.930673
9.153342
8.842190
8.583858
9.045429
9.192013
10.587985
11.186583
12.569412
12.102421
12.621413
11.670811
11.768911
11.918036
11.038545
12.617705
10.695346
11.698838
10.721788
9.761111
10.016526
10.066201
11.193559
10.898845
8.695096
11.365509
10.569850
10.019116
8.833394
9.378534
9.497546
9.504023
10.153476
9.375035
9.685156
10.928518
9.503367
9.222473
10.784636
9.833943
9.324812
8.315842
8.580390
8.096220
8.805204
8.559422
8.490422
8.646930
9.863603
10.494972
10.275421
10.211226
10.867177
11.207911
9.452647
11.242208
11.613678
9.217197
10.044983
9.933478
8.291662
9.970099
10.401330
9.412354
11.203901
9.783473
9.525299
11.492101
11.717774
9.790226
10.850915
10.343782
10.645261
10.847601
10.293679
10.978637
9.594802
9.047210
8.232347
8.657637
9.494668
10.049040
10.534351
9.647078
8.333794
10.076399
10.077835
9.293451
9.673928
9.387403
10.541624
10.570635
9.990587
8.487822
9.005061
7.618779
11.135458
8.458645
9.501203
8.638828
9.992003
8.829601
8.140926
9.628421
10.332136
8.305875
8.916616
9.790339
10.243843
9.096040
9.603384
10.005052
8.386285
10.423925
10.050603
10.531599
9.931352
8.354856
9.251747
10.153716
10.207630
8.898010
9.497137
9.944777
10.327031
11.109111
9.822815
10.724741
9.749394
10.442208
10.415020
10.983843
9.897743
9.555296
10.260217
10.607018
10.799151
9.645961
9.383227
9.749643
10.998781
11.178083
11.312341
9.921478
10.884983
10.835116
10.974299
11.612509
12.546968
11.406335
12.392120
9.842453
11.169460
10.036305
8.823417
9.625932
8.107825
10.215866
9.423844
8.501869
8.845666
7.840731
7.450804
7.664772
7.017801
7.935777
8.210420
9.446583
9.219752
9.004670
11.178429
8.726487
8.869948
9.486066
11.494054
10.673398
10.699301
10.667885
10.651056
9.338804
11.898542
10.382056
10.721325
10.435242
10.441641
10.058281
9.118072
8.129900
9.514996
7.901345
9.216818
9.125433
10.057583
8.206577
9.726148
9.781191
10.134542
9.642757
10.915375
8.891494
10.887470
10.380537
10.980536
10.512956
9.451017
9.089077
9.596252
8.599628
8.128426
8.501980
9.826901
11.201277
10.702777
9.488576
10.402349
7.958912
8.062328
7.715841
7.826707
10.211183
9.057380
9.486442
8.747377
8.284167
8.958028
9.360398
9.332530
11.189873
12.271047
12.555311
13.612198
13.298862
14.130633
12.856966
13.616607
14.369834
13.293653
13.861155
11.772352
12.041095
9.424502
10.630061
11.145491
10.176758
10.118476
10.148797
9.053207
11.855236
10.940472
11.963020
10.379253
11.559013
10.820827
11.952110
9.714800
9.728738
11.920529
11.686818
10.388527
11.102304
9.746051
10.843032
9.300875
9.888853
11.909801
12.880280
11.143429
12.704108
12.127094
10.687710
11.027132
10.269219
9.367733
10.059182
10.506000
11.192287
11.337377
10.429030
11.333356
12.369156
13.155695
13.211590
12.096945
13.839401
11.161108
10.327538
12.600693
11.455470
8.943293
10.396903
9.015669
9.353417
10.059854
9.474012
9.483085
7.956293
8.539578
6.583600
8.922239
9.170757
8.525131
10.321656
8.885296
8.274072
9.134816
9.042420
9.234305
8.749874
9.553096
9.143803
8.210050
8.538706
8.693709
9.424459
8.557935
9.515387
7.457876
8.087144
8.772409
9.774398
11.024927
11.893101
12.054318
12.600639
12.616205
12.128650
12.148665
12.055276
9.985748
11.419481
11.264099
9.793993
9.927448
10.302575
10.754222
9.215361
10.356039
8.864841
8.278535
8.318441
11.383241
10.023095
13.968679
12.375955
11.689072
12.100394
11.665775
10.639473
11.912320
10.735715
10.869084
11.679093
11.390482
11.399311
10.212683
11.532998
10.418109
11.086795
9.722414
9.108011
10.172061
12.018367
10.126686
10.486748
9.477197
9.511370
8.934468
9.201224
9.597805
10.226957
10.191893
8.942142
10.411881
10.071181
10.765221
8.942987
10.136878
9.919015
11.230780
9.615647
8.756230
10.304181
9.851759
10.150420
9.836777
9.700423
10.420183
9.888350
9.383965
10.093317
10.200722
12.824583
9.748752
11.115113
10.491224
9.974725
9.041425
9.600776
9.923490
11.239576
9.576957
11.531841
10.977135
12.716176
13.422425
12.502043
11.846319
12.262117
11.563137
10.888107
9.729026
9.261470
9.486155
7.368598
9.555279
7.934766
10.555355
9.799228
10.332015
10.675186
12.460003
10.238824
9.033124
8.588779
7.590560
9.153446
7.817416
9.080836
9.588217
9.517712
9.873506
10.540080
9.405967
9.143217
9.380604
9.893897
9.704097
9.994898
9.144938
9.582431
8.963877
10.518663
9.857683
9.123400
7.320726
8.552611
8.880396
8.659668
8.701647
9.346972
9.272608
9.456152
9.545677
9.891383
10.260277
10.797472
10.403447
11.152855
10.987267
10.582927
10.921781
11.145742
10.901369
8.707736
10.861516
10.001073
10.468247
9.645228
10.862456
8.265203
9.612051
10.259601
9.114959
8.913206
10.575845
11.527062
9.884839
10.521114
11.101415
9.313118
11.253884
11.432251
11.612960
12.151210
11.080862
11.089911
8.710851
10.461497
9.476529
11.812806
11.103336
10.712737
12.289524
10.526977
10.515467
10.241234
10.722908
10.834540
8.865275
10.800375
9.001025
10.790699
9.995111
10.416276
11.709619
10.197073
9.556762
9.497363
9.349080
9.321502
9.733081
9.121340
9.061983
9.817879
7.685100
9.944703
9.739484
8.179604
8.799644
9.325315
8.113091
8.497784
7.106221
8.864527
9.040903
8.700648
9.062335
10.216131
9.513483
8.169456
8.798713
8.777266
8.413074
10.430947
12.223544
11.687922
12.285942
14.851121
15.281426
14.548231
14.996555
14.747062
16.434013
15.876128
13.667094
15.461202
12.280162
11.866439
10.554003
11.717988
12.841243
12.639903
10.373190
11.729364
9.411833
10.917292
9.946846
10.058915
9.973450
11.334058
10.659526
9.554529
9.555114
10.498451
9.428978
8.161736
9.582873
9.109117
8.899806
9.030739
9.473998
8.832732
9.322300
7.983266
7.566833
8.541130
6.496582
8.338280
9.132057
8.080945
8.133431
10.248322
8.377663
9.174812
9.208288
8.942642
9.021096
8.364302
8.598210
8.396379
8.014449
6.932355
9.275529
9.985371
10.666399
9.138698
10.393465
11.127789
11.432710
9.847426
10.787973
11.132741
10.277681
11.095787
11.327109
10.135516
11.071709
10.558070
10.337996
10.162063
11.027553
10.522752
10.490567
9.797642
10.449128
10.381020
11.575402
10.691146
10.072138
10.961287
12.607013
13.328321
11.709908
15.472119
14.313156
15.091875
14.408092
12.179787
11.653315
11.463634
9.571646
9.287527
11.276232
10.556225
11.778498
9.602194
10.585813
11.696030
10.082089
8.327196
9.509017
8.836433
9.961691
9.007756
8.653442
9.785278
9.995081
9.943351
9.164275
10.065289
9.508574
10.971173
9.741641
9.456267
10.196256
9.831548
10.886832
10.825961
8.930713
9.092926
9.816867
9.736156
10.002845
9.595679
9.217675
10.232991
9.535422
10.879805
10.490536
10.170290
10.240828
9.882628
8.960680
10.100206
9.301540
9.058620
9.784695
8.088810
9.436641
8.508253
10.504175
9.573606
10.037409
8.900035
7.375476
8.555383
8.214448
8.827705
8.124449
9.004354
8.150461
8.603914
9.225783
9.316221
8.390343
8.837933
8.925326
8.977976
7.752596
9.753811
8.985914
7.114396
9.112818
9.411325
9.560864
7.502000
9.696123
9.043225
8.931419
8.507371
9.030719
9.643435
11.821049
10.365287
9.906337
11.337343
11.757133
9.994105
10.725926
11.437092
10.449269
9.239201
10.036906
10.010311
11.035072
11.155260
10.671638
11.875447
12.347454
10.954255
13.369228
12.580381
11.495934
12.035590
11.119789
11.247598
11.138597
11.126121
10.550204
10.227948
9.837351
9.795875
9.412235
10.488422
8.869557
9.901413
10.033433
9.330527
8.769613
9.141644
10.854033
8.993276
10.373487
8.644233
9.763386
8.449839
8.980567
8.778705
9.209867
8.429072
9.859094
9.193803
8.390377
9.291323
8.425997
8.736112
9.023150
9.157304
9.677698
8.650035
9.360554
8.922789
8.743827
8.117203
9.076385
8.871428
8.643771
9.326171
9.156912
7.608562
7.643227
10.280449
8.768455
9.486963
9.053734
7.730875
9.260572
8.924972
8.885052
7.320538
7.800416
9.372699
8.641377
8.344238
9.136697
8.203153
9.184671
9.709028
9.125659
9.050102
9.774645
9.383198
7.918977
9.842127
10.341516
9.568877
8.823492
11.211278
10.940770
10.853853
12.386866
11.469733
10.716152
11.417582
11.367471
10.195572
11.269738
11.077139
11.276467
11.261118
9.610991
10.325440
10.317785
10.807092
9.642087
11.225356
10.296105
10.381675
9.248863
9.384782
8.713497
8.225372
7.630774
9.189101
8.178589
9.597291
10.015977
9.074732
9.670072
9.281867
11.360776
10.034489
10.467277
9.587765
10.037102
10.577734
10.883424
10.542391
8.531004
9.702538
10.542645
8.959231
12.311252
11.041263
12.986266
11.196731
12.994730
12.173289
12.894238
11.735321
11.662910
11.420131
10.189689
10.186414
10.450967
10.052594
10.822007
10.337029
8.421343
9.700685
10.595417
11.389251
9.734490
11.098804
11.882858
11.032666
11.041215
9.606420
9.148012
9.117576
9.024367
8.930267
11.729959
9.456878
9.156682
9.279820
8.867663
9.493128
10.012474
9.148742
10.498861
8.491586
7.834995
8.769641
9.527709
8.938268
8.989669
9.629773
9.172411
7.246909
8.430920
9.708790
9.051858
8.591002
8.141018
8.015072
10.421395
8.738466
8.659955
8.770912
8.477642
9.418962
9.105778
9.451207
9.225410
9.736251
10.367633
10.477839
10.306210
11.499407
8.622378
10.379830
10.030622
10.146262
8.027758
7.786328
7.981986
8.630873
7.824034
7.640658
10.164763
11.602800
10.567501
11.076857
11.530839
10.084731
11.856375
10.783034
10.280958
10.545226
9.733611
10.120722
11.102903
9.581451
10.079819
10.016912
11.131961
10.034784
10.105832
8.947122
8.426221
11.100554
9.113960
9.266987
11.175259
10.936385
8.698578
9.189978
10.214984
11.173368
9.213649
12.140801
10.215860
10.975476
12.364512
10.579335
10.112838
9.113736
10.872466
8.830772
8.878957
9.439179
7.995678
9.508761
9.521480
9.675913
9.361712
8.984061
8.903422
10.167474
11.115366
9.400675
10.391167
8.616780
12.092979
11.714895
9.775811
10.124087
10.470598
9.957278
9.392680
9.208200
8.922633
8.800888
10.966125
9.348026
9.956824
10.736207
10.875744
11.789656
11.165589
11.553269
13.221320
13.266191
10.993278
11.686591
9.651973
10.017670
9.152780
8.404827
10.280116
8.995989
9.276185
9.785996
8.027624
9.306117
10.658912
9.568778
8.466834
7.842308
9.600896
9.781563
8.972825
9.131361
9.514666
8.528762
9.580204
9.527983
9.146930
9.741229
8.919981
7.384955
9.060801
9.352535
9.764411
8.903616
9.499015
9.255431
9.129222
10.262790
9.761072
9.919497
9.459608
9.102734
9.187401
9.730144
8.666408
11.410583
9.178024
9.590375
9.940145
9.276977
10.624743
9.336040
8.955746
8.565700
9.516912
9.706344
8.818499
9.008801
8.841355
8.419426
8.676559
8.850082
8.937954
8.539454
10.781594
9.338405
9.515222
9.928526
8.981091
9.444278
9.090392
9.965480
10.415539
9.006793
9.657269
9.963084
10.456911
9.005349
9.442437
10.240828
10.040695
10.042667
6.674040
8.622025
9.035011
9.735380
9.685487
8.078968
8.165520
8.296911
11.175000
9.603258
10.182393
11.445950
9.791082
9.405211
10.052323
9.218890
9.519246
9.071853
9.758318
9.927971
8.612958
8.230430
8.452080
8.900956
8.592925
9.931579
9.998504
11.117871
10.740888
12.018193
10.959610
11.731478
11.215801
12.104388
10.369081
9.930093
9.755939
7.028249
8.901433
8.444765
8.654836
7.562449
7.994617
9.159532
8.222716
9.535820
7.896495
8.890388
10.107584
8.139364
9.082780
8.015117
7.624395
9.826496
10.066091
8.758079
9.328221
10.194275
11.513994
9.395619
10.552066
10.733080
10.302341
9.021413
9.387264
10.578836
9.334109
10.053082
9.193473
9.060305
9.066981
8.981047
9.298845
6.596564
7.251903
7.380070
7.841592
8.219781
8.099876
8.155103
8.468138
9.979758
9.533836
10.024940
10.178395
11.137829
11.130732
11.919036
12.152373
12.221304
11.142098
10.133580
12.640110
11.179657
12.386337
11.022326
9.747399
9.729995
9.525191
9.816710
9.931766
9.623115
8.745994
9.313462
8.630666
10.142352
7.530290
7.963777
8.407881
8.756416
7.838665
9.212725
9.723158
9.666604
11.192503
10.821878
10.924410
12.386295
11.204145
11.574816
11.911335
11.814560
11.156651
10.618447
9.639989
9.930458
9.255850
9.218526
10.236761
9.241853
9.776320
10.398350
10.844851
10.182228
9.145503
9.863295
10.101772
11.660579
10.154557
9.977609
9.861190
10.734419
11.217912
10.597789
9.624092
9.553223
10.032451
8.603098
8.564153
10.354898
9.391768
9.975005
9.449211
10.244626
11.131960
10.729554
10.688680
10.481868
9.656811
9.735905
8.885147
9.482262
9.933840
9.919621
10.531645
10.558556
11.721776
10.724927
10.731499
11.009770
10.889575
11.466930
11.262500
8.946672
10.969291
10.547002
10.864931
9.934192
11.654218
10.864008
10.743009
12.982158
10.912638
13.555923
13.312684
12.252498
12.861982
11.586946
11.763897
10.764195
10.300662
10.980037
9.742754
10.132381
10.261782
10.343269
9.531994
9.588286
10.951293
10.508415
11.209281
11.739791
11.765870
11.667805
12.740276
14.265140
14.276252
15.902275
15.791382
14.557775
16.065247
14.725562
11.819384
11.725814
11.750581
9.542495
8.607686
8.976837
8.281750
7.568424
7.490351
8.840528
8.003441
7.522954
9.601495
8.285355
8.702603
7.683784
8.744577
10.476209
10.288857
10.112370
10.016145
10.811368
11.327178
9.889160
10.459094
10.820188
10.347690
12.867060
14.697124
15.109065
14.741805
15.808045
15.477032
14.108932
13.421688
10.784192
11.431376
10.767065
8.617426
12.474172
10.356674
11.934033
10.996823
10.836936
10.743700
9.267275
9.476154
10.958678
11.131881
9.799715
9.514732
8.704901
10.862251
9.671188
9.779631
10.215416
10.835108
9.866225
9.782771
10.458410
11.091565
8.621870
9.783156
8.795249
9.098228
9.583432
9.590711
10.657850
11.365739
9.493769
11.120611
10.398362
11.684952
9.099384
10.158561
10.538473
10.380044
10.552406
9.901920
10.484941
10.464793
9.781906
8.295450
10.870834
8.907923
9.984945
8.725333
7.289063
8.028939
8.694274
10.403941
9.038765
9.309303
9.492340
8.648848
8.091219
10.833882
9.467911
10.083950
9.470683
8.426867
8.948529
9.102993
8.850478
8.077856
9.463500
9.581464
9.147724
11.408426
11.564147
10.818110
9.519183
9.097499
10.031152
9.773114
9.384014
9.191879
8.368110
10.288608
9.548604
8.676628
10.256189
8.599111
10.903887
9.708984
11.078246
10.947390
11.241467
10.298379
9.459845
10.313247
11.546054
9.445672
10.312141
11.871413
10.640163
10.613667
10.888991
11.775642
12.562506
12.540894
11.880947
12.202522
11.343266
10.286716
11.104832
9.859291
8.967838
9.577735
7.948739
8.877253
7.740312
9.627535
9.274772
8.314136
8.003409
9.084268
7.514967
8.859359
8.162289
9.070004
8.581893
8.579452
9.339478
7.922278
8.176405
7.279011
7.081693
8.096614
7.101432
9.322335
7.589265
8.583000
8.739578
8.716415
10.391025
9.893693
10.161655
9.882668
11.073782
10.967362
9.827855
10.579367
12.095825
11.488250
11.501994
10.228337
9.929047
9.984244
11.627892
12.514454
10.477114
10.634467
10.880406
9.793632
9.958364
10.452665
10.019356
11.821166
10.070306
10.686043
9.459179
9.256059
9.501339
11.129356
9.261435
8.884207
8.099648
9.720046
7.408406
9.034239
9.910201
8.968634
9.263192
8.703393
9.343365
8.918511
8.090221
7.732430
9.097660
9.832253
10.073497
10.064036
9.702364
8.273680
8.061389
9.180766
9.580132
9.187963
10.277376
9.411530
9.344910
9.771493
8.703771
8.210073
10.464536
8.480007
7.922357
7.708267
8.577635
9.349300
8.041021
9.848630
10.045071
9.437180
9.557112
9.862187
9.902050
8.843105
9.445616
9.926068
10.195466
9.955235
9.563821
8.897937
9.254088
9.975245
10.186305
9.846829
9.347356
9.632245
10.217194
10.387669
9.480365
10.988554
9.116343
9.886510
9.690437
9.285250
9.582359
9.414905
8.391801
8.875902
8.316552
8.413499
9.271333
8.299309
9.454303
9.641506
10.289855
11.318476
10.434929
12.504269
10.604780
10.535638
10.513970
11.222355
11.672896
10.927841
10.244945
10.346160
9.950674
9.832977
11.218709
9.675073
9.290818
9.954341
9.702220
9.585672
8.792259
9.093127
8.700909
9.394917
8.635914
9.558849
10.087709
7.982856
9.690380
10.295056
10.048243
9.685816
9.348603
8.879360
9.879772
9.664515
9.528180
10.425500
9.953373
9.755890
9.785316
10.305219
9.990540
9.207056
8.720346
8.305202
8.693013
7.625184
8.991121
10.297431
10.418051
10.167411
10.815087
9.846071
10.579522
10.779553
10.560567
9.497066
11.529898
8.317992
9.835924
8.317286
8.870448
10.938948
10.972714
10.260880
12.042264
11.502836
10.021482
10.018645
10.068212
10.943980
10.487650
11.042715
10.588664
8.847233
9.889248
10.415119
9.548331
8.243913
8.754450
8.620702
9.253207
9.673932
8.521603
9.434738
9.950530
8.575015
9.128340
8.538094
7.466249
8.527271
8.642162
7.694966
9.503987
9.695773
10.800498
8.761933
10.106834
8.474250
10.429242
10.186646
7.468003
9.407146
9.106499
9.389733
10.186064
10.653984
9.838614
8.817489
9.520427
10.641004
9.394005
10.538885
10.071877
9.307444
10.145662
10.782337
9.864670
10.264721
9.876705
9.368170
9.639266
8.825434
9.249456
10.453005
8.379308
7.769746
8.063564
8.441215
9.455914
8.568493
8.233558
9.380015
9.489897
8.853171
9.663860
8.086289
8.311749
8.006642
8.601551
9.059121
8.496576
8.777648
9.727164
8.158688
9.344284
8.777639
9.158947
10.599045
10.541930
9.741463
10.215270
10.467837
9.487801
9.854102
9.531116
10.069111
9.660405
10.192907
10.629061
10.247927
9.522991
8.781575
8.885683
8.692252
9.192462
8.669606
9.225873
8.277864
8.338444
9.256818
9.917461
6.870679
8.269546
8.592690
8.746931
9.832893
9.653168
10.002514
10.353678
9.757264
10.475189
9.441733
9.323370
9.882636
10.456532
8.507097
9.320365
10.456709
8.567457
9.436916
9.834504
9.025373
9.729003
9.560804
8.778213
10.307081
8.835906
9.574796
7.970668
7.771877
7.712463
8.925573
8.254440
7.195673
7.312891
8.418273
8.410440
6.868227
9.913810
9.504409
8.850817
8.944074
9.483623
10.015420
10.141659
9.765860
11.048084
9.540231
10.168877
9.098209
10.739684
11.087536
9.958610
9.366124
9.205159
8.950948
9.173470
9.636468
10.314969
9.201451
9.443093
10.264913
9.161279
9.079399
10.792459
12.209624
9.700486
9.728596
9.929654
11.499833
9.386989
12.298467
10.259372
9.864883
11.085137
13.402753
12.523574
11.363003
11.134407
11.812755
11.301772
11.399387
11.165610
11.387944
10.692778
10.637251
9.948304
11.075408
9.845145
10.508471
10.148782
9.185604
9.253960
10.051264
9.129833
8.226131
10.083163
8.010958
9.373080
9.151421
8.266354
9.209847
7.677445
8.953777
7.729208
8.303497
9.476035
8.502480
7.792023
8.444108
9.133180
9.533585
8.731569
9.772561
8.661571
9.643521
9.154067
9.581997
8.056419
9.933197
9.811941
8.121903
9.370163
10.136390
8.923450
10.358437
9.706369
9.304702
8.887833
10.742347
9.371032
9.254942
11.698712
10.117009
11.634666
11.823719
9.465070
11.178512
15.119413
15.714087
14.724184
14.435916
15.600651
14.178069
14.178145
11.569045
12.777386
12.832191
12.388424
10.252303
10.406421
9.375182
10.669447
10.643932
9.897455
9.727743
10.463983
9.576178
9.241715
9.513870
10.695003
9.845208
12.191427
8.939661
9.533867
9.055488
9.676594
8.683621
8.175629
7.805468
8.672619
8.819094
8.162525
8.596150
7.955922
8.906652
8.646489
9.217937
8.981274
10.660767
8.583171
9.568932
7.867150
8.860350
9.436480
9.017783
9.655321
10.132130
9.047562
10.109302
8.516593
9.887778
8.340313
8.416801
8.551035
9.498453
9.506672
7.512405
8.688705
10.193614
9.419600
10.352818
10.832458
10.230222
11.127499
10.680109
10.491290
9.161936
10.252850
10.160609
10.121864
9.759266
10.366659
10.314347
8.560963
9.157763
10.393968
8.398381
9.113921
8.647512
8.589483
9.829628
9.420843
9.751643
8.701809
8.808823
8.576446
9.161407
8.694370
8.606975
8.376384
8.374320
9.614677
10.222496
9.456961
11.384867
10.899850
11.317143
10.861135
10.843936
10.450907
10.927635
10.278112
9.690736
9.646412
10.164953
10.616110
11.657625
9.531556
9.512242
10.423081
8.993003
9.355615
9.847927
8.467072
10.176174
9.403682
9.745770
8.525314
7.908448
9.844610
8.890842
9.330051
8.616614
8.483306
9.755163
9.639040
9.799487
8.766977
10.998134
9.505216
10.035325
9.697147
9.497827
10.152250
8.663768
11.042556
9.765167
10.774039
9.325179
9.780301
9.324693
9.871321
8.762157
9.198514
10.385448
11.995651
9.417808
8.896681
10.241607
10.472470
8.088546
9.630757
11.303983
10.697675
10.726839
10.426133
10.612571
10.110081
10.907013
10.146790
8.763487
9.276077
9.789728
7.724547
8.068927
8.954666
9.661292
10.641146
12.114668
10.723851
10.275549
8.450395
8.148559
9.565476
8.459239
6.825847
8.699920
8.932263
10.487571
10.317075
9.521495
10.115293
9.639939
10.100382
10.229045
10.607044
10.131119
10.107488
11.713827
10.158416
9.156022
9.249949
10.541904
9.261352
11.224707
7.746417
10.235204
8.166401
10.095258
8.420576
10.885100
9.610848
9.295143
8.896133
10.113163
10.707405
11.326853
11.255284
12.849509
10.604601
10.982083
9.143745
9.877818
8.771037
8.912493
9.562909
9.084918
10.024853
10.018394
8.150817
9.649486
8.824279
8.987083
8.415191
9.116649
8.057984
8.441650
9.720745
8.456614
7.824141
9.127077
9.526094
7.957244
8.509311
9.176165
8.801008
8.672367
10.695287
9.721261
10.898193
9.860454
10.563361
10.446495
10.538040
9.026073
11.434012
10.470244
9.608210
10.133456
9.303556
9.227045
9.232382
10.029390
10.385660
9.522368
9.158319
10.413405
9.075323
9.751750
8.032998
9.387636
11.096706
9.980836
10.293313
8.877237
9.410984
9.175096
9.919773
9.282873
9.341866
8.918416
9.925622
9.287956
9.578756
9.028866
11.249475
10.462107
10.516939
10.197979
11.097669
11.074860
9.681097
11.820798
9.618708
8.875016
9.367277
9.686105
11.024876
10.896984
9.241678
11.916933
10.585722
10.108398
11.611091
9.632986
10.206832
10.308968
10.939971
11.596478
8.686775
9.683895
9.689247
9.325875
9.209431
8.901513
10.468134
10.344110
10.332759
9.936841
10.632379
9.889975
9.498660
8.979737
9.732553
10.446671
11.051816
9.572989
11.027457
10.035274
10.554385
10.644960
10.573668
10.409732
10.719146
10.486918
10.392882
10.226159
10.829204
9.578724
9.757076
9.869670
10.258429
8.508192
7.267113
8.632414
9.392246
10.558643
10.120818
7.571872
9.839439
9.152736
8.214079
9.809478
8.248750
7.865875
9.099347
8.584416
8.803817
9.457749
8.209456
8.722438
9.029065
8.457337
9.936523
8.780011
7.145179
8.268742
7.983723
9.446133
8.562973
9.425366
10.023587
9.386735
9.086536
9.250960
8.603241
9.471887
8.377806
8.868178
8.269704
7.957299
8.586525
9.023185
9.277453
9.355485
8.854208
9.558936
9.309601
9.704839
9.884832
9.106349
9.256459
9.559287
9.793026
8.661682
9.434859
8.279252
8.517454
10.760242
10.169621
8.449875
8.634447
10.078252
9.177954
8.430671
11.185376
10.283127
8.924563
8.918598
10.973473
9.365664
10.569504
9.319960
10.189478
10.272902
9.388743
9.727872
10.889166
9.616093
9.219695
10.125312
8.955977
8.330294
8.543251
10.095114
9.736674
8.283659
8.212284
8.649357
10.213687
9.304906
8.688815
8.686623
9.353551
9.646459
8.162456
8.220918
8.666203
10.139252
8.748197
9.552876
9.306026
8.592801
9.273190
9.418959
9.300834
10.227820
9.867993
10.594844
9.468714
9.045683
9.302812
8.928325
9.968713
9.400994
8.136274
9.805476
8.986680
9.619682
8.173575
9.250415
7.916914
8.302814
7.822420
7.987126
6.169975
8.440933
10.204475
8.062941
8.967100
8.243060
7.090004
7.749602
8.631464
8.044271
9.148829
7.968164
8.719487
8.234746
7.989163
7.869392
8.273934
8.820374
8.841310
9.634569
9.547528
11.190829
10.763685
10.471721
10.303551
10.426480
10.123403
10.882490
11.763239
11.479242
12.062711
12.756870
12.838191
12.511699
12.444839
11.651227
9.258795
9.194256
11.344416
11.191903
11.533806
10.735640
10.596108
10.385561
10.480605
9.584665
10.077443
10.344634
7.838607
9.616865
9.307431
9.073792
9.631159
9.503744
10.293218
10.641623
10.893485
9.717959
10.071926
8.518967
9.322739
9.181536
9.285338
11.315395
9.482607
9.824394
8.706331
10.346568
10.239276
10.242659
8.597159
7.998503
8.294736
8.528452
9.403399
8.709883
8.710896
8.122331
8.207220
9.241135
9.466321
9.448277
9.932261
11.535394
11.031801
12.658969
13.929259
13.601609
15.458986
12.760812
12.411771
11.158706
10.317870
9.031360
9.252915
7.942445
9.557425
7.993577
8.359647
8.957471
8.609941
9.741663
9.380332
8.469495
10.176017
8.838593
10.613826
9.590438
8.158866
7.828409
8.381772
8.494040
8.180178
6.728466
8.724466
9.052533
8.771755
8.883811
9.863621
8.274600
9.818027
9.669892
8.998812
10.405074
9.860896
10.466580
10.649970
11.932511
11.756431
11.108696
10.743573
10.727298
11.384311
11.126439
11.826506
11.346544
10.685078
11.275989
12.017909
10.827031
11.814265
8.998815
9.700179
9.658438
9.195839
9.465647
9.303165
7.824601
8.631379
8.077922
9.453564
9.094110
9.001270
9.822473
9.102660
9.036742
9.650602
9.614830
9.240818
9.030568
8.549633
8.995798
8.806732
8.280215
7.433480
10.162777
8.720314
8.898711
7.418829
8.952952
8.448993
9.757286
8.657028
9.012289
9.937052
9.638526
9.511412
10.259524
8.773937
9.852751
10.258941
8.935895
10.894256
9.437222
10.201014
9.188762
10.064374
11.606264
9.378007
10.244698
9.495657
10.301417
11.282209
9.440474
8.363105
9.570959
9.959731
8.641829
8.801609
8.998492
8.540722
10.619002
10.300705
9.727371
9.463332
10.828790
10.162736
8.582747
8.817322
10.237793
10.373550
9.776947
10.286678
9.915803
8.470057
8.196099
10.563303
10.185310
10.091036
10.182768
8.919312
8.744987
9.939121
9.827026
8.872535
9.980138
8.406512
9.775022
8.919416
8.116404
8.787520
8.586926
8.025744
8.909074
10.044563
9.106989
7.688616
11.212459
9.402964
11.476369
10.903646
11.665164
12.243937
10.727324
10.328459
11.352068
10.152493
9.425362
8.832582
9.294260
9.274773
6.888356
9.726723
8.321405
9.163886
8.643717
8.676998
10.274236
9.192389
8.371634
10.019691
8.944113
9.744409
9.120783
11.062628
10.654702
10.418069
10.223123
10.263286
9.506880
9.965038
8.932910
9.500960
11.075542
9.248016
9.800804
8.156744
10.121417
8.780467
9.909090
8.805202
9.384625
8.483708
7.648588
10.236486
9.817664
8.049075
9.368982
8.594528
8.843463
8.723706
7.531116
9.709582
10.534551
9.477202
11.006899
10.243511
9.433623
9.881800
10.826626
11.196338
12.165995
10.505749
10.145277
10.793008
9.976130
9.167327
8.703378
9.983962
9.760151
8.827876
9.726817
9.773168
10.391798
9.309285
10.236440
9.593880
10.354257
9.929473
9.376286
10.424395
8.950470
8.593053
9.956614
8.718273
8.019313
9.067266
9.544941
8.934347
9.804454
9.560337
8.272636
8.643470
8.842300
8.420318
8.768298
10.334284
8.390094
9.353249
9.787841
8.708442
8.874260
9.480690
8.778942
10.771799
9.367144
9.539832
10.936998
10.034698
11.680250
12.831518
10.670874
10.270343
9.586643
10.335960
11.595469
10.469929
9.922489
10.308079
9.256113
7.923517
9.109339
10.664927
8.918417
9.303988
9.318267
9.351466
8.563927
7.648001
7.907336
9.082277
8.474468
8.648297
8.045177
7.764716
7.606394
8.075536
8.268896
6.890326
8.376484
7.964334
7.999325
8.261703
8.744863
9.313168
9.613234
9.083602
10.736449
8.348876
8.891127
9.364799
11.411215
10.449881
11.476388
11.368929
10.749014
13.521097
12.951965
13.015056
10.900772
10.623162
11.281371
10.821531
10.234519
9.945776
9.621527
10.772415
10.413540
10.562342
10.169219
10.001816
10.397593
11.107888
9.457066
8.525490
8.282287
7.693521
8.631495
8.624463
9.470589
8.158376
10.552457
10.199676
9.802665
9.594806
9.201510
8.908753
9.444932
10.916121
8.484676
10.574910
9.315721
9.511457
10.919672
12.265532
11.332250
11.206574
10.699759
9.904762
9.838940
8.064524
8.213744
7.604239
7.887993
8.967124
8.257402
9.558475
9.452447
9.882236
9.670401
11.017770
10.068847
10.262693
10.784986
10.779562
11.938122
11.955756
10.661171
11.121979
12.643509
12.589182
11.345233
11.304751
11.282359
11.065914
11.631746
12.127809
10.532594
11.188046
11.093491
9.331048
10.319238
9.998775
8.326421
10.112691
8.930017
8.951628
10.200764
9.530025
9.436195
7.968050
9.063383
7.658542
7.829798
8.054528
9.003357
9.953478
8.951602
8.853051
10.603603
10.129380
10.197050
10.102602
11.174436
10.844845
10.787678
10.634503
10.172074
8.853749
9.414600
9.173291
10.841164
10.067461
9.540573
9.405255
9.486414
9.117402
10.286945
7.699967
9.983406
8.609426
9.574489
9.717691
9.932687
10.330006
8.420833
10.511867
7.805773
8.963196
9.240390
8.531572
11.015389
8.396968
9.160334
9.207417
8.383728
9.513936
9.468690
8.039253
9.225154
8.461293
9.769816
8.452981
9.023465
8.599281
7.477960
8.768255
9.201692
9.003242
10.755651
9.967843
9.092196
11.140920
9.635211
10.014666
10.846133
10.469812
9.994936
10.792491
11.733184
10.365911
10.180445
9.978819
11.249490
10.765359
10.007607
11.464202
10.068999
10.384212
10.411161
12.332627
11.693805
12.469567
10.900033
10.994287
11.301455
12.041926
13.396421
12.295012
12.819245
12.330554
11.116179
11.419770
10.538901
10.439861
10.468860
9.322239
10.505417
9.241693
10.417371
11.673896
11.458933
11.504153
11.635702
10.561790
12.799803
12.011842
12.484187
12.606507
12.133913
12.234559
11.873925
11.390854
11.196636
10.276689
9.645958
10.710323
9.314594
11.011608
9.330104
7.856261
8.980521
7.228504
8.797292
10.168986
8.827493
7.233107
10.200058
7.050970
8.316652
9.929634
7.709748
9.698434
8.607465
6.035487
9.567091
9.712585
9.469588
9.181979
8.481648
10.672290
9.173656
9.698710
10.737414
9.155458
8.899071
8.873594
7.832976
9.990288
9.243083
8.868951
8.193156
9.503682
8.626939
8.736231
8.853218
9.277431
10.557573
10.525720
10.767495
10.992910
11.244483
12.070876
10.067042
10.522894
11.973494
9.849409
9.699525
9.535739
8.994314
8.860144
8.431374
10.006180
8.437401
7.662536
7.443693
6.185895
7.560914
7.651865
8.816978
8.299722
7.820445
9.492526
9.362463
10.437253
8.724311
9.453214
9.434353
9.445033
7.555068
9.601020
9.034169
8.970750
9.057224
9.203902
8.860091
9.252112
9.559953
8.937870
8.647435
9.530995
9.860650
9.589045
9.293352
10.260798
9.859771
11.409845
10.047554
10.442699
10.119393
9.021830
9.304653
10.455339
10.811589
9.605403
11.280280
11.503105
11.525850
11.945721
11.107141
11.266993
10.135580
10.784463
10.906357
10.146917
9.896564
9.960885
9.318685
10.400606
10.251071
9.602157
10.533771
8.937398
9.344889
9.037555
8.842229
9.851524
10.163741
10.691048
11.762828
10.763617
11.256938
10.643754
10.358869
9.808373
9.586843
9.414434
9.742838
10.005205
9.491966
10.346437
9.215556
8.503356
8.489741
9.437310
8.859903
9.083293
10.270490
9.209539
10.539446
10.427683
12.127954
8.408863
9.585469
9.916891
10.870653
10.011625
10.732554
10.972515
11.328677
10.210472
10.224406
9.567598
10.409122
9.485887
9.309079
10.446486
8.901104
10.270789
9.084194
9.073953
9.803777
9.391942
9.155848
10.411097
11.677891
9.044940
9.466671
9.441833
10.532977
8.683985
9.080916
8.923413
8.427968
8.398438
8.854897
10.198993
8.658256
9.355844
9.257356
9.129392
9.591212
8.919907
11.015149
8.702443
8.287764
10.041737
7.942226
8.924864
10.641620
9.638138
8.355715
8.861885
10.002310
9.866650
10.637248
7.986517
8.549182
8.454107
8.485764
8.673970
8.917808
9.435631
9.493195
8.267254
9.372553
8.975585
9.142918
9.135170
9.274866
8.586401
9.369167
8.655573
8.620967
8.842959
8.543522
9.574092
10.315143
9.357089
9.603007
10.418536
10.808263
10.354563
9.247327
11.096256
8.044725
9.926054
9.676291
8.500901
8.866662
8.360669
9.210859
8.247179
8.480289
7.288161
9.759608
7.991509
9.099674
8.268151
7.735184
7.991655
8.915340
8.071908
8.286433
9.627918
8.532681
9.179848
9.280052
9.426208
9.096621
9.594365
8.811907
8.426968
9.934255
9.286481
10.082152
10.134629
10.637596
9.663155
9.963758
9.310506
9.097108
9.156455
8.683250
9.700287
10.481593
10.833035
8.493320
9.994273
9.466077
9.258694
9.079657
9.772874
8.182258
9.708268
10.703349
10.230208
11.958102
10.584060
10.112046
9.972592
8.579773
10.280494
10.963111
10.613287
9.505382
12.118650
7.981666
8.186693
9.072059
8.793443
9.862612
10.428568
9.265812
10.498042
10.281547
10.527537
10.548559
10.785566
9.767025
10.310177
9.243362
10.630360
9.443854
9.957374
7.878330
8.674316
8.074169
9.132627
9.433188
9.644368
9.729969
9.896488
9.358061
9.105379
8.395474
9.458672
8.642206
7.348206
8.848734
9.163888
8.588630
9.027607
9.746447
7.971043
8.501852
8.393158
8.491572
8.846920
7.996552
8.614024
9.138924
7.674332
9.275216
7.896380
8.020901
8.376003
8.485852
9.785795
9.177164
9.775567
8.608454
9.401505
9.452686
11.177691
9.469677
9.100926
9.003235
10.200777
10.146272
10.251173
10.075969
8.887171
7.621403
10.118537
8.991442
8.725660
9.185905
8.672456
7.910554
9.654495
7.788760
9.076196
8.871758
8.091716
9.115448
9.066059
9.274834
10.275639
9.629367
8.473240
9.332895
8.811420
9.004622
9.723053
8.022838
8.425187
10.111850
8.733084
7.718922
8.034286
8.538436
8.246635
8.897508
9.611551
8.079784
8.247724
9.137501
9.974416
7.758568
8.907977
8.879350
9.398217
9.945057
10.075426
9.793073
9.843515
9.641474
11.110907
10.220143
10.381568
10.443945
10.047242
10.429405
11.844442
10.779228
10.345257
10.506913
10.375072
8.921077
10.333284
10.554041
11.659285
10.197552
11.632234
10.373390
10.269472
8.834359
8.904633
8.146162
8.458797
7.732810
9.260928
10.008422
10.273621
7.910879
8.242285
10.081387
9.213849
8.006795
8.848454
10.456060
9.887880
8.618880
9.542171
11.130642
9.489307
11.578864
10.497481
11.484859
10.028084
11.739334
11.251980
11.241776
11.686713
10.427835
11.741703
10.197679
9.860338
8.729445
10.709098
9.437255
8.768334
8.827375
9.335228
9.803164
9.639793
9.069785
9.308189
7.447302
8.505099
9.726576
9.169481
8.326921
9.561288
9.265936
9.115475
10.615313
9.251125
10.241405
9.198903
9.624198
9.453951
8.994747
10.062457
9.984928
10.527272
9.858796
9.075687
9.939768
10.185391
9.351289
10.772966
9.834475
10.359352
8.918990
10.446469
10.485621
9.041058
8.607297
9.453763
9.122705
10.368581
8.414733
9.589645
8.954423
8.859086
10.379181
9.202692
9.958626
10.030789
8.550769
8.853715
8.604332
10.466942
7.691235
9.237742
10.183902
10.095756
7.352479
9.140422
8.850192
9.207000
9.908378
8.798800
9.682070
8.986894
7.877330
8.868949
9.512789
9.308655
9.886011
8.935237
10.143471
10.286530
10.306442
10.431247
10.222823
9.082634
9.491505
8.612105
10.205054
11.033122
10.197188
10.134662
9.662839
9.862434
10.707163
8.743961
8.344330
9.385118
8.242455
9.195607
8.300045
8.983930
9.234250
8.439802
8.767931
9.175308
8.152383
8.658201
8.169042
8.689629
9.560720
9.646284
8.892797
7.948664
7.926583
9.808256
9.345449
9.910945
9.452240
10.596790
10.627711
10.369083
10.359900
10.780531
8.644116
10.607011
10.554363
10.135066
9.414291
8.970487
9.319081
9.943262
8.731467
9.104795
9.367311
8.450008
8.194774
9.868901
10.778053
9.658200
10.691574
8.824383
10.844339
7.373204
9.722198
8.486800
8.816356
9.754188
9.441264
8.946640
9.193571
10.754467
8.881294
9.233463
9.494803
10.627757
9.165019
10.057479
9.521327
10.102786
8.702384
10.776320
9.035457
9.386490
10.451533
9.891561
10.275626
10.293543
9.500034
8.539532
8.886632
7.608026
9.720073
10.139424
8.830090
9.864002
10.210452
10.671121
9.729209
10.520080
10.234008
9.649740
9.972627
9.040655
9.195599
8.567904
10.622667
9.353263
8.929560
8.775456
7.667552
9.051321
7.035407
9.011959
8.703580
8.541550
8.225058
8.719871
9.248985
8.191407
9.188321
9.479585
10.143295
9.919832
9.414569
8.408760
9.536112
9.209181
9.293336
8.426578
9.246583
9.355888
9.162316
11.012951
8.159269
9.537124
9.227778
9.680243
9.440943
9.874632
9.990087
11.511326
10.568495
10.181880
11.752701
9.718944
9.422301
10.340285
9.193723
10.448369
9.824968
9.467836
9.538776
8.904865
9.302850
9.004444
9.173941
8.416643
9.044676
8.227682
8.848292
7.740460
9.314016
8.248859
7.867464
7.721693
8.401669
8.228803
7.529411
8.729260
8.315999
8.585753
7.956793
9.309299
7.766436
8.400794
8.466698
8.314290
8.396972
9.456378
9.063329
8.708405
7.546427
8.313037
8.559717
7.944986
8.058518
8.758056
8.811738
7.387434
7.746488
8.339755
8.621768
7.549321
8.421966
7.827308
8.592035
8.635449
9.513300
9.039920
8.490126
8.923124
8.296733
8.812133
8.886643
9.577579
9.033767
9.890111
8.731572
8.132290
8.086124
9.278479
9.887715
9.705537
9.223149
9.967311
9.226557
8.169931
8.632240
9.300676
10.170801
8.865832
8.423012
7.809297
8.200819
8.072771
9.244093
9.599496
9.143628
8.729285
8.015041
7.982344
8.831464
7.274378
8.340354
8.285839
8.267433
8.665502
8.162516
9.005197
9.793055
8.740715
8.499072
9.444570
10.398914
8.596169
9.760764
10.388066
9.599986
10.350850
9.126444
9.382730
9.276082
10.654942
7.658191
8.939281
8.014772
8.740494
9.848966
8.998422
8.469497
8.040544
9.679117
9.922791
9.482605
9.371525
8.830624
9.786510
9.408713
7.581416
9.026225
10.026828
8.533393
8.521708
8.731466
8.544146
8.845540
7.881750
9.513398
10.589885
10.280208
10.404254
11.459241
10.535097
10.310877
9.972946
10.401836
10.125216
11.444633
10.537893
9.157812
10.053420
8.488140
9.529953
8.626959
8.589057
9.456179
8.268846
8.848115
8.238108
7.235986
9.414401
8.824071
8.798523
8.098327
7.912332
8.264337
8.522654
9.147002
8.279347
9.971939
9.260250
9.652074
9.823699
9.616922
9.506620
9.165736
8.600568
9.352221
8.700332
8.052690
8.328364
9.540798
9.520040
9.298603
10.036038
9.625018
10.350462
8.421329
10.466193
8.816191
9.626640
11.939672
8.939548
9.927731
9.558192
10.121935
10.598486
10.054184
10.369458
10.703198
10.343936
11.235718
9.044931
10.301722
8.755938
9.467689
9.925658
10.127317
10.216156
9.675354
9.098224
9.301469
9.225115
9.375399
7.999796
9.573110
9.765129
8.256067
9.525963
8.393356
8.710106
10.327994
9.517233
9.738519
9.941029
8.734566
10.474545
9.433672
9.835036
10.219098
11.170052
9.312819
9.882993
7.849177
8.467864
10.069504
9.087820
7.859301
7.961233
7.392256
7.851019
7.827283
7.820932
7.939716
9.204057
9.911055
8.770121
9.632918
10.068937
11.763961
10.932055
10.770060
9.395609
8.737489
9.712495
8.391470
9.514725
8.591814
11.533533
10.225430
7.933544
9.792271
9.637574
9.437919
9.376359
9.641046
9.447202
8.724988
8.317620
9.757784
8.658854
8.080838
7.827237
9.050987
9.268847
7.909175
9.044895
8.083376
7.602801
10.072023
8.050630
9.477225
10.259895
9.178470
9.797082
10.749491
9.275282
9.911281
11.387278
10.691926
10.253880
9.429825
9.466400
9.274719
8.242627
9.116715
8.547349
9.382491
9.452930
10.195623
9.558917
9.937159
7.160159
9.242005
8.687726
8.016200
8.537174
7.957879
8.630065
9.657774
9.135863
11.338816
10.789277
10.208128
10.506469
7.901413
9.028852
9.787271
9.990457
9.237936
9.315757
9.058318
10.417192
11.265066
10.235243
8.240298
10.270545
9.817643
10.216225
9.272148
9.033348
9.935362
10.601706
8.890663
8.980021
9.085921
9.758595
9.164177
10.943397
9.684325
10.008187
10.004148
10.179729
8.724490
9.320431
11.344084
10.469434
10.878584
9.324841
9.878849
9.004387
9.785002
8.598433
8.996510
7.045762
7.301680
8.256270
7.840843
7.565017
7.862520
8.131107
7.462779
6.721535
7.685440
7.688521
7.748087
7.447924
7.067162
8.471045
9.237035
8.007833
8.465746
8.362427
8.457542
7.669829
8.871902
7.495299
9.220017
9.061131
8.590721
9.173450
9.570853
9.766960
10.103871
8.311869
9.456680
10.850677
10.719895
11.019673
11.376495
9.387063
10.322323
9.422350
10.714414
11.801852
10.450594
11.233895
9.456329
9.927742
8.439611
9.718770
9.465833
9.603801
8.549953
9.571270
9.857491
10.256845
10.824230
9.249276
10.233119
10.064136
8.928144
8.547343
8.960426
8.718291
7.724848
9.220051
8.046227
9.179673
8.656832
8.188345
8.403518
8.333584
9.409822
9.277753
8.850857
9.127472
8.712085
9.060765
8.943936
9.207664
9.859450
9.706849
9.143133
10.323864
10.500596
9.315101
8.646843
8.938630
10.659529
9.577243
9.214004
9.412673
9.910724
9.737460
9.921400
9.800472
9.294280
10.181744
9.362571
9.512908
9.078306
8.852759
10.331763
8.140312
7.167621
7.447291
9.282593
7.714244
9.748470
9.240344
9.710710
9.672309
8.374260
9.765308
9.347059
9.214898
10.716180
8.631280
8.887009
9.189377
10.030584
9.207372
10.696585
8.185658
9.688273
9.689740
7.915805
8.894389
8.754463
8.404103
9.483610
7.838826
10.041757
7.952362
9.860034
9.947709
9.407864
9.471426
10.236679
10.667312
9.832857
9.491198
9.424805
10.840909
9.810265
10.466430
10.154378
10.320726
9.190086
10.802288
9.082095
9.334784
9.020798
7.128120
9.829711
8.075567
9.075912
9.732442
10.052382
8.828898
9.268834
10.020635
8.355652
9.134356
10.600740
9.329019
10.030493
9.888686
11.082403
11.371799
11.254890
11.530556
11.227235
12.383293
12.071666
11.428388
11.287275
11.723395
11.301194
10.122914
9.826579
10.222319
9.672770
9.523199
9.388743
8.665704
8.785710
8.896069
8.515225
8.104080
8.325393
9.226853
9.749589
8.422168
10.707957
8.957941
10.023396
9.888327
9.686173
11.113470
10.499986
11.619207
10.396459
10.459126
11.300057
10.401566
10.173499
9.604444
8.970990
8.021303
7.503922
9.025962
7.605592
8.096404
7.562776
7.033663
7.871856
7.662470
8.995742
8.165375
8.354724
9.831857
9.972857
9.147692
8.812761
10.280242
8.357889
8.948233
8.322265
8.649632
7.049494
8.423171
8.915478
8.833437
7.165174
8.720486
7.847510
8.464830
7.807909
8.340077
8.258440
8.197054
9.370564
9.181859
9.400790
8.838692
8.394128
8.744961
7.705367
7.860697
8.857061
8.755630
8.068000
8.135956
7.578213
8.932454
8.405717
9.160958
9.968410
8.931064
9.246433
9.794591
9.864750
9.395029
10.327327
9.582891
11.011831
10.023026
11.005404
10.518662
10.193928
10.256516
11.577667
11.992805
12.288258
11.847154
10.539908
10.257332
11.110739
10.032602
10.169644
10.380764
9.221984
10.652548
8.975375
8.972745
10.233040
8.937552
9.450292
7.665929
8.493849
9.141913
8.221255
9.149290
8.573298
9.766633
10.009275
10.512635
10.713693
10.868132
9.784188
10.546511
11.025536
10.360700
8.960525
9.375873
8.943871
8.484409
7.291250
8.491869
10.141044
8.535327
10.758610
8.384645
9.884547
9.489572
8.734439
9.652979
9.439233
8.509503
10.635706
9.952872
8.829456
9.541980
8.101470
10.650841
8.117770
10.273254
9.599439
8.450762
11.133594
10.182918
8.352440
8.472984
12.078777
10.706353
9.665585
9.879984
9.307081
10.269789
9.258065
9.406577
9.995142
8.639702
8.286970
9.342332
9.962317
8.362714
8.197731
8.642328
8.682535
7.522703
8.878734
9.684300
8.164707
8.411440
8.488100
8.366868
9.278876
8.851233
7.522301
9.343355
8.660341
10.680233
9.888483
8.383615
8.711280
8.331328
10.275676
10.134441
9.231271
9.998028
8.955395
8.978734
8.438731
8.329627
9.565730
9.010247
9.898967
9.749075
9.639120
8.328188
9.387066
7.463603
9.192204
8.087924
9.676835
10.512840
7.813459
9.144834
10.879354
8.354126
8.941449
9.456031
7.907621
8.745578
10.718966
8.628268
8.906840
8.481743
8.005556
8.811884
8.302566
9.238816
9.310157
9.172881
9.535268
9.792526
8.093783
9.353886
9.903429
10.264285
9.245400
10.176495
8.687468
8.998403
10.444386
9.274079
7.579100
9.780690
8.859925
9.327085
10.044364
10.493051
10.599908
10.047441
8.568383
8.371855
8.983864
10.429929
9.552585
11.317121
10.259910
8.984937
9.672188
10.072135
9.313298
10.984243
10.518136
9.653366
10.026778
10.402383
12.168417
10.766260
9.807137
8.382785
8.320086
8.694177
9.576131
8.994540
8.831501
8.283178
9.017472
8.348295
9.043062
8.452872
8.050921
8.327631
7.560945
8.484674
8.331105
8.851340
9.192995
8.223564
9.716212
10.502575
9.590288
8.548963
8.504898
9.387136
8.972639
9.419026
7.999524
10.271417
8.562144
8.172497
7.582983
9.664886
8.806253
9.836535
9.248342
7.468194
8.660469
10.196164
8.795454
8.731147
9.359875
8.404487
9.708493
10.113688
9.133068
9.487360
9.886630
7.136479
7.524728
9.327836
8.721645
7.331534
8.786471
7.420564
7.958095
8.122980
8.475863
9.008551
9.202538
9.487975
8.891649
8.552740
8.870642
9.590840
9.698739
8.816795
8.369552
8.799483
9.331961
11.186325
10.319695
10.342903
9.543910
7.756887
9.813613
8.652389
9.353842
9.501103
8.701205
10.358687
8.555430
8.734756
10.459096
8.041364
10.056994
8.144330
10.204333
11.667511
10.209264
10.212348
9.699368
10.262150
9.823077
8.303720
9.104655
9.318666
11.015684
9.960464
9.836147
9.823351
8.878964
10.076017
8.992612
9.086687
8.959848
7.302353
8.560637
7.982590
7.814698
9.155375
9.959587
7.673512
8.492053
8.498354
7.461860
8.075686
6.913846
7.480927
7.482832
6.952171
9.040570
8.395410
9.715153
9.942691
10.023357
9.613024
10.349011
10.095961
8.921027
9.921485
8.826323
8.574529
9.757339
10.050278
9.539397
9.342668
8.827558
9.410486
7.898998
8.258789
8.101441
7.251937
7.783126
9.307060
9.088298
8.318258
7.949833
7.871641
9.476859
9.812896
9.445343
8.796576
8.868496
9.804215
7.463263
8.294663
8.543062
8.828659
8.457314
8.105191
9.791065
8.304083
7.839330
8.072043
7.605055
8.598570
9.698822
9.078962
8.766504
9.057352
6.497791
9.727837
9.019346
9.239539
9.687395
9.452000
9.756551
8.439468
8.613969
9.189604
9.330016
7.355007
8.550087
7.958350
8.298169
8.999143
10.021845
8.969783
8.885199
8.518046
8.206379
10.155499
9.523770
9.390306
9.902087
9.703906
9.785328
9.789194
9.445860
9.749273
11.181996
9.179702
9.010764
11.285200
9.421693
9.679932
8.797219
9.349729
8.340383
9.979403
9.079240
9.545092
8.866609
8.974799
9.237007
8.840163
10.287107
8.529967
8.989240
9.983196
8.901196
9.722985
9.102971
9.312938
8.468821
10.370236
10.592236
9.015793
9.023209
9.678119
9.890511
9.909246
8.636248
8.809778
9.205427
8.901335
9.418642
9.326647
8.458134
8.776527
8.599470
9.174322
9.090296
7.552541
8.909910
8.883155
9.763543
8.487451
8.726400
9.602086
9.842115
9.114683
9.711435
10.567627
9.454680
9.878820
9.508555
8.723106
9.251205
8.692275
9.958679
8.886162
8.878491
8.025771
9.136176
7.891484
9.961219
10.985769
8.253722
9.258480
8.857778
9.774575
8.427890
9.867054
8.592406
10.023959
9.858816
8.244099
8.704108
7.475646
10.014142
9.057146
10.198687
8.862923
10.137801
8.783432
9.203406
9.078676
9.360859
10.233018
10.052672
9.186302
9.458735
9.942882
8.994669
9.722657
8.611363
9.813679
10.191713
9.613953
9.857772
9.818732
7.825934
9.852961
8.277311
8.800678
9.827573
8.671861
8.794548
8.770178
9.341476
8.928242
10.076508
7.868586
7.399400
9.191007
8.816219
9.369489
8.049411
9.194331
8.848062
8.241948
9.738011
8.244318
8.934153
9.646345
8.555714
7.458631
9.424532
8.619468
7.933605
8.499516
8.274407
7.972882
9.295113
9.884087
8.857265
7.834316
8.554256
9.228073
10.009521
9.257283
7.730747
8.093874
9.492208
10.724674
10.325059
9.278399
9.761695
9.824240
8.814281
7.963481
8.653824
9.786945
8.325625
7.957669
10.211175
9.996853
9.379622
9.260172
8.364765
8.605257
8.563998
7.068035
7.716060
8.387914
8.770065
9.609660
9.655155
7.497276
8.761249
7.795351
9.231284
7.565030
7.483459
8.036090
8.676534
8.312045
7.607247
7.606739
8.914403
8.999216
9.983133
9.983768
9.930921
9.682415
9.691881
9.382387
11.132545
11.446680
10.218753
9.865120
11.224281
10.893940
11.524156
10.514956
11.180453
9.556437
10.438406
10.259556
8.913445
10.286335
9.923939
9.271363
10.018983
10.318106
10.909310
8.827015
9.724764
11.033858
11.371448
9.120973
10.286589
10.144919
9.177281
10.411728
8.320333
7.620902
8.059399
9.415351
8.904669
7.960642
9.372783
8.662024
7.489071
8.470486
8.622105
7.324571
9.212016
8.469734
8.622775
8.827585
9.009255
8.430532
8.003757
7.668736
8.717177
9.556987
8.842462
8.164695
8.055623
8.763348
6.923484
7.453654
9.262409
8.081786
8.153605
8.187263
8.163383
8.565871
8.647675
8.451777
8.731822
10.355837
8.168121
10.428860
9.206848
10.521069
10.573277
10.594334
10.717869
10.018319
10.500985
11.478074
11.037725
11.858226
10.259426
10.565900
10.549165
9.435054
8.340775
9.282527
11.210878
9.125181
10.490583
10.282671
9.044594
8.661021
9.963813
8.338711
9.033249
9.296117
8.448854
8.037695
8.064837
8.200153
9.024537
9.513162
9.489396
9.304226
9.440454
9.031111
9.880884
9.721631
8.331391
8.434983
7.265969
7.901294
7.961569
8.231486
9.244992
8.622379
9.758766
8.830423
8.433302
8.678233
9.058566
8.307843
8.042001
9.149584
10.264911
9.329626
9.084196
9.575146
9.283490
9.512665
8.627007
10.282679
8.215670
9.176491
9.097248
8.961671
8.286771
8.445217
8.828493
9.129724
9.558992
8.617549
7.776561
8.655977
8.685970
9.369647
9.281727
9.689640
9.621071
10.014611
8.579394
8.989741
8.824952
8.191236
9.341806
9.846594
9.216229
7.526924
9.332614
8.841028
9.280085
8.085947
9.617405
8.444561
8.698257
8.970839
9.561179
7.974816
9.136117
9.203255
9.129529
9.880384
7.074136
8.386007
7.589628
9.044838
7.635298
9.630510
9.653010
10.352370
10.401821
9.394089
10.148491
10.620948
10.330946
10.604118
10.244763
10.731472
10.144418
10.879309
9.493412
9.565392
8.713839
7.712738
8.367047
8.176449
7.569139
8.836237
8.697392
8.165956
8.010912
8.071082
8.350418
8.850755
8.143212
8.683652
8.196304
9.458635
7.482112
8.233286
8.386567
8.067978
7.912482
9.049520
8.980801
9.465584
9.113069
10.946719
9.614526
10.543988
9.229779
9.638977
9.330933
11.221624
11.205712
10.490736
10.881230
10.654797
12.079439
10.540771
11.236719
11.052059
9.833158
10.206088
11.206898
9.833847
10.344723
9.067021
9.656815
7.989997
8.302282
10.008450
9.681228
10.046282
9.911064
10.344856
9.377424
9.486683
9.447084
8.671906
9.316262
9.267119
7.295868
9.424592
8.237084
8.056497
10.271984
10.158142
9.607673
10.592795
8.790211
10.547514
10.910127
10.750895
10.606736
10.331102
9.507219
10.818513
11.278135
10.961470
