epoch,train_loss,avg_valid_loss,valid_accuracy,valid_kappa,valid_kappa_exp,time
1,3.100533,2.463479,0.731513,0.111548,0.227542,2142.731061
2,2.428086,2.524625,0.721274,0.421812,0.373073,2273.944503
3,2.361931,2.833203,0.664960,0.462253,0.335929,2149.919496
4,2.306490,2.251927,0.758817,0.354664,0.484829,2006.333632
5,2.240122,2.254458,0.767349,0.490617,0.565484,1994.204345
6,2.202744,2.246182,0.767918,0.433575,0.523129,1997.391538
7,2.166358,2.204035,0.785552,0.553251,0.558240,1999.546609
8,2.134596,2.169934,0.777019,0.481596,0.557721,2002.302769
9,2.113115,2.200896,0.757679,0.518263,0.569083,2068.769622
10,2.096244,2.128672,0.773038,0.571755,0.595847,2194.262605
11,2.076557,2.077195,0.788965,0.482717,0.577377,2197.764100
12,2.057054,2.210815,0.775313,0.445998,0.530974,2363.619775
13,2.039092,2.336554,0.761092,0.360162,0.446733,2131.870329
14,2.033349,2.114795,0.781001,0.490229,0.575233,2149.815848
15,2.009625,2.465837,0.704209,0.546447,0.522620,2088.965501
16,1.995666,2.006692,0.792378,0.555187,0.621771,2271.734474
17,1.980780,2.112699,0.772469,0.464165,0.549857,2135.494028
18,1.959344,2.002234,0.795791,0.563210,0.620434,2181.927391
19,1.947275,2.063399,0.791809,0.452288,0.532876,2253.167273
20,1.937798,2.044403,0.789534,0.548266,0.595538,2170.694893
21,1.920323,2.002509,0.795222,0.595889,0.650516,2429.728704
22,1.911485,2.061300,0.790671,0.577843,0.559317,2216.398687
23,1.902336,1.929409,0.799204,0.591905,0.642296,2264.013238
24,1.894116,2.488880,0.671217,0.496367,0.447651,2309.581934
25,1.883423,1.960336,0.789534,0.581579,0.633565,2276.551766
26,1.865080,2.208276,0.778157,0.445122,0.502548,2393.722456
27,1.860854,2.098516,0.778157,0.595294,0.614760,2355.124103
28,1.849859,2.125361,0.787258,0.482845,0.531930,2450.709232
29,1.836869,1.985771,0.785552,0.578908,0.640955,2458.507854
30,1.826469,1.979145,0.799772,0.648831,0.635135,2521.712898
31,1.819744,2.050337,0.766212,0.605796,0.593006,2210.993297
32,1.802719,1.885594,0.799204,0.644941,0.667245,2305.390540
33,1.800976,1.935885,0.783845,0.641859,0.671412,2086.069399
34,1.787913,2.054027,0.785552,0.469560,0.541587,2001.094065
35,1.766601,1.805589,0.819681,0.695179,0.694552,1991.144319
36,1.720310,1.836036,0.815131,0.699869,0.705537,1989.280941
37,1.685245,1.765819,0.820819,0.710846,0.718633,1994.985795
38,1.658010,1.793863,0.801479,0.721810,0.725640,2046.291099
39,1.632312,2.123290,0.743458,0.608825,0.617747,2284.920743
40,1.620311,1.652770,0.834471,0.699747,0.722627,2175.407137
41,1.606052,1.659288,0.815700,0.710125,0.746822,2228.932935
42,1.589542,1.732064,0.822526,0.645147,0.676800,2002.569558
43,1.582104,1.617973,0.829352,0.721601,0.759422,2065.836659
44,1.566406,1.588355,0.832196,0.733429,0.745856,1974.954790
45,1.549217,1.570196,0.833902,0.714757,0.765832,2025.219082
46,1.544177,1.549464,0.833333,0.720599,0.778587,2005.354243
47,1.535126,1.810314,0.788396,0.695137,0.710670,1987.245398
48,1.521484,1.536691,0.834471,0.736101,0.776357,1988.058642
49,1.513411,1.545451,0.843003,0.750893,0.756766,1991.088687
50,1.498857,1.778488,0.802048,0.715363,0.687475,1996.635041
51,1.499649,1.508560,0.844141,0.756970,0.791417,2001.862966
52,1.485974,1.528637,0.827645,0.743548,0.792413,1993.467017
53,1.485338,1.534799,0.834471,0.695444,0.734925,1990.783530
54,1.477467,1.496423,0.833333,0.731390,0.767560,1996.068559
55,1.463720,1.518628,0.840728,0.765987,0.777665,1994.997163
56,1.451154,1.492605,0.841866,0.763531,0.787389,1996.506197
57,1.451776,1.518906,0.825939,0.761901,0.785641,1994.356145
58,1.434842,1.528156,0.835609,0.701100,0.753772,1990.752820
59,1.430978,1.565347,0.835609,0.725553,0.750473,1989.331736
60,1.418740,1.465925,0.838453,0.717692,0.760758,1997.667952
61,1.415846,1.481111,0.837884,0.709068,0.733954,1992.550063
62,1.420270,1.447049,0.837884,0.768233,0.794559,1994.075471
63,1.403254,1.464976,0.848692,0.771961,0.787047,1995.713535
64,1.396163,1.471420,0.833333,0.750937,0.787270,2103.534715
65,1.387363,1.425052,0.837315,0.753856,0.788391,1987.952583
66,1.376876,1.433667,0.837315,0.769357,0.791634,1990.031027
67,1.379874,1.394099,0.839590,0.753462,0.780225,1987.915264
68,1.374348,1.757138,0.783845,0.673362,0.703034,2010.050293
69,1.361293,1.428617,0.840728,0.766921,0.791544,1998.953488
70,1.356102,1.480004,0.833333,0.766705,0.788703,1995.412795
71,1.348013,1.404810,0.845279,0.761451,0.787870,2019.295007
72,1.340320,1.387553,0.841866,0.779530,0.811579,2513.994895
73,1.335644,1.393988,0.840159,0.766256,0.777294,2358.536298
74,1.329511,1.419619,0.833902,0.712765,0.761264,2341.193428
75,1.328093,1.476792,0.825370,0.733103,0.777580,2218.515173
76,1.319121,1.373862,0.840728,0.774646,0.801291,2216.045881
77,1.313744,1.459311,0.835609,0.724340,0.765754,2286.400939
78,1.310414,1.375027,0.841297,0.752711,0.769411,2109.634470
79,1.299036,1.347783,0.837884,0.756150,0.779425,2121.160261
80,1.298080,1.510435,0.821957,0.732367,0.759785,2171.345822
81,1.289929,1.431520,0.824232,0.722620,0.757892,2240.560439
82,1.287841,1.407012,0.839590,0.732796,0.779975,2361.468973
83,1.278931,1.925668,0.760523,0.614919,0.662046,2263.774512
84,1.278798,1.385614,0.836177,0.788314,0.802801,2158.088617
85,1.272726,1.396714,0.840159,0.757280,0.766443,2127.674248
86,1.265079,1.339870,0.839590,0.778798,0.791338,2153.160675
87,1.258084,1.477011,0.816268,0.728963,0.735059,2162.404390
88,1.259173,1.447547,0.825939,0.755497,0.776691,2218.474038
89,1.248134,1.363259,0.841297,0.776290,0.803089,2210.462669
90,1.240483,1.351243,0.838453,0.758421,0.789482,2282.277375
91,1.238963,1.332108,0.846985,0.796312,0.822809,2343.686140
92,1.240183,1.380211,0.836177,0.751279,0.776298,2207.492026
93,1.231489,1.332419,0.840728,0.751636,0.779930,2149.569683
94,1.224627,1.335926,0.840728,0.776961,0.805961,2191.491313
95,1.224136,1.410772,0.834471,0.745103,0.773835,2208.816469
96,1.222943,1.376490,0.836177,0.736475,0.773494,2128.319494
97,1.210659,1.364450,0.844141,0.748141,0.766086,2221.434707
98,1.212097,1.311310,0.837315,0.751029,0.790653,2129.417446
99,1.197961,1.317932,0.840159,0.769905,0.797374,2235.542800
100,1.197097,1.312450,0.843003,0.766052,0.794240,2142.747114
101,1.194250,1.344220,0.843572,0.767001,0.787175,2247.615369
102,1.200734,1.284680,0.848692,0.801058,0.810761,2235.785183
103,1.185063,1.322222,0.838453,0.798406,0.821283,2246.885326
104,1.187853,1.323909,0.844141,0.737206,0.773786,2279.016435
105,1.179125,1.302124,0.850967,0.785862,0.796519,2151.229689
106,1.179467,1.301160,0.850967,0.769471,0.796813,2218.056630
107,1.172842,1.314964,0.840159,0.786001,0.807851,2284.748859
108,1.173098,1.286298,0.839590,0.765682,0.812239,2342.104127
109,1.159977,1.418206,0.828214,0.683923,0.727425,2496.050028
110,1.157447,1.292365,0.841866,0.766010,0.800797,2540.995584
111,1.153922,1.513851,0.810580,0.746395,0.745429,2500.813270
112,1.153118,1.311110,0.844710,0.770822,0.800230,2557.087265
113,1.145458,1.307213,0.838453,0.776237,0.807306,2475.633981
114,1.138357,1.289514,0.843003,0.753806,0.788402,2482.574679
115,1.140888,1.290697,0.840159,0.779389,0.794878,2394.994990
116,1.137725,1.289162,0.846985,0.772515,0.798631,2286.619718
117,1.128417,1.260987,0.848123,0.779231,0.816891,2373.225670
118,1.132398,1.301432,0.857224,0.793939,0.808630,2214.944300
119,1.120143,1.354111,0.845848,0.736967,0.783840,2285.584010
120,1.119409,1.276569,0.842435,0.797828,0.816008,2213.458004
121,1.122581,1.287594,0.850398,0.782542,0.797426,2400.831714
122,1.111537,1.346086,0.839022,0.719753,0.741479,2200.904106
123,1.110803,1.264298,0.843572,0.767794,0.798044,2435.477426
124,1.101702,1.278255,0.848123,0.770730,0.786201,2341.160853
125,1.101248,1.215369,0.845848,0.767216,0.797409,2428.831124
126,1.097776,1.325238,0.835609,0.791042,0.805125,2364.704131
127,1.099158,1.358971,0.836177,0.724291,0.762704,2327.124285
128,1.095287,1.291450,0.842435,0.754970,0.767697,2327.779192
129,1.090213,1.334618,0.845848,0.801813,0.804088,2306.331919
130,1.086697,1.251598,0.849829,0.784759,0.794925,2243.957990
131,1.077159,1.248811,0.852673,0.787525,0.808352,2309.552271
132,1.080739,1.228366,0.840728,0.768794,0.810902,2148.814029
133,1.069851,1.424084,0.835040,0.706788,0.735305,2152.990602
134,1.068928,1.273115,0.840159,0.767581,0.791268,2394.676524
135,1.068005,1.358995,0.827076,0.770417,0.771483,2174.857343
136,1.064969,1.252921,0.842435,0.759245,0.783660,2350.783545
137,1.060795,1.291397,0.838453,0.753686,0.794859,2244.913724
138,1.057876,1.220051,0.841297,0.744469,0.769177,2440.540573
139,1.058721,1.326888,0.824801,0.687957,0.757303,2156.211635
140,1.057338,1.213946,0.841297,0.784060,0.795145,2134.277009
141,1.052594,1.253190,0.846416,0.761869,0.785814,2215.638961
142,1.044144,1.246758,0.849261,0.798088,0.801930,2236.068538
143,1.039115,1.259017,0.839590,0.741255,0.791870,2203.000598
144,1.030845,1.319010,0.829920,0.730899,0.768790,2134.144756
145,1.035025,1.358915,0.829920,0.767447,0.770061,2177.988681
146,1.035241,1.270934,0.837884,0.766866,0.801185,2273.806084
147,1.028175,1.324486,0.840159,0.778685,0.786457,2226.298894
148,1.027629,1.482685,0.803185,0.716810,0.743263,2360.391089
149,1.022573,1.242047,0.843003,0.783159,0.814035,2320.866302
150,1.019502,1.260316,0.839590,0.776447,0.804110,2233.888859
151,1.015124,1.259674,0.844710,0.773803,0.807479,2460.489938
152,1.014810,1.233320,0.846985,0.771398,0.806350,2332.595486
153,1.011655,1.296346,0.831627,0.780453,0.791384,2322.077798
154,1.007036,1.431802,0.832765,0.732317,0.750004,2399.167378
155,1.007470,1.328320,0.837315,0.756200,0.780769,2384.619031
156,1.000586,1.332796,0.833333,0.770594,0.779509,2200.926898
157,0.995568,1.251393,0.837315,0.763129,0.789796,2167.288505
158,0.994546,1.278550,0.835609,0.744610,0.786570,2474.068343
159,0.991538,1.330436,0.819113,0.758690,0.757497,2379.993035
160,0.985685,1.314525,0.820819,0.779724,0.800985,2488.592794
161,0.982351,1.281078,0.838453,0.749539,0.776782,2274.600147
162,0.993172,1.304671,0.827645,0.716091,0.769568,2144.295303
163,0.983533,1.266417,0.841297,0.788685,0.800616,2210.032917
164,0.975529,1.235758,0.836177,0.764736,0.796966,2254.438110
165,0.970290,1.395192,0.827645,0.692137,0.721217,2255.249752
166,0.978020,1.347669,0.824232,0.765481,0.795760,2193.047137
167,0.964981,1.310161,0.832196,0.735630,0.770305,2155.307804
168,0.962529,1.237363,0.841297,0.772406,0.796570,2175.977421
169,0.960872,1.305066,0.840159,0.733885,0.759213,2266.572194
170,0.964703,1.301306,0.844141,0.800106,0.811636,2254.745806
171,0.955128,1.285857,0.816837,0.743636,0.791025,2282.340607
172,0.959513,1.249137,0.837884,0.762433,0.796315,2149.687052
173,0.941144,1.255884,0.833902,0.753890,0.784712,2451.899630
174,0.948670,1.288539,0.837315,0.757409,0.764606,2271.678915
175,0.945467,1.277339,0.832196,0.773560,0.788701,2362.624502
176,0.935265,1.254130,0.838453,0.760686,0.771903,2430.433969
177,0.928753,1.275616,0.833902,0.778487,0.786956,2750.844393
178,0.932477,1.435959,0.822526,0.733765,0.757893,2724.522676
179,0.935544,1.280540,0.840728,0.762192,0.780585,2667.567203
180,0.925327,1.286230,0.839022,0.750365,0.768698,2538.213959
181,0.919267,1.361120,0.839022,0.746515,0.771921,2335.162739
182,0.917598,1.285974,0.831627,0.753427,0.778611,2189.769641
183,0.911377,1.252222,0.843003,0.769548,0.784749,2228.335908
184,0.919168,1.300018,0.835040,0.763764,0.791923,2377.829935
185,0.911914,1.303558,0.845279,0.766849,0.789624,2284.622045
186,0.903163,1.306542,0.841297,0.747461,0.787448,2569.977632
187,0.906815,1.383279,0.830489,0.739578,0.749760,2668.081133
188,0.905982,1.263348,0.841866,0.750270,0.763769,2382.092241
189,0.903934,1.383624,0.825370,0.766699,0.786264,2485.566931
190,0.888750,1.297239,0.849261,0.766083,0.783058,2265.129427
191,0.897076,1.315155,0.836177,0.738522,0.769363,2263.323291
192,0.895532,1.334398,0.829352,0.749333,0.768951,2192.928475
193,0.891239,1.515005,0.836177,0.711490,0.735683,2306.873947
194,0.885746,1.340947,0.820250,0.754503,0.761139,2529.722041
195,0.878206,1.383358,0.823663,0.759780,0.790007,2360.744183
196,0.870512,1.312714,0.835040,0.773691,0.787665,2325.682947
197,0.874946,1.414951,0.831058,0.743357,0.763383,2565.246288
198,0.868538,1.384962,0.829352,0.739340,0.755491,2512.706255
199,0.862506,1.357107,0.832196,0.764837,0.783224,2507.911494
200,0.858816,1.552075,0.792947,0.697522,0.715165,2561.069648
201,0.866358,1.363581,0.831627,0.760848,0.793239,2573.787204
202,0.854599,1.358429,0.837315,0.741648,0.763683,2392.461565
203,0.847470,1.345080,0.839022,0.765579,0.780993,2323.331247
204,0.853438,1.339236,0.825939,0.748666,0.769102,2517.805124
205,0.845655,1.385217,0.827076,0.749908,0.769286,2312.159308
206,0.845265,1.382379,0.837884,0.763304,0.779455,2364.982415
207,0.836252,1.343769,0.831058,0.741383,0.773902,2366.172911
208,0.836684,1.356994,0.831058,0.751888,0.765507,2506.964971
209,0.827510,1.455685,0.823094,0.753246,0.772347,2425.161088
210,0.836545,1.475643,0.830489,0.723586,0.761882,2513.667459
211,0.829104,1.635768,0.799772,0.718773,0.730473,2411.292105
212,0.827077,1.612563,0.832765,0.711705,0.729487,2295.343326
213,0.825289,1.361782,0.831058,0.722400,0.751954,2479.085238
214,0.822895,1.420761,0.824232,0.740353,0.756854,2601.302697
215,0.805925,1.449303,0.829352,0.747533,0.759983,2394.073851
216,0.809277,1.555225,0.792378,0.716486,0.731350,2591.514409
217,0.808173,1.455994,0.809443,0.750472,0.778116,2522.367650
218,0.796751,1.485151,0.828214,0.753906,0.761840,2394.970594
219,0.807225,1.364441,0.841297,0.763902,0.778276,2316.351398
220,0.798025,1.547833,0.823663,0.730380,0.747834,2379.272509
221,0.792919,1.495877,0.812856,0.748341,0.761996,2240.849603
222,0.795346,1.405953,0.832196,0.762740,0.785768,2140.014626
223,0.780535,1.461495,0.824801,0.718007,0.744647,2394.930637
224,0.778281,1.463956,0.813424,0.759118,0.766977,2322.281885
225,0.786739,1.445865,0.824232,0.779656,0.787471,2274.586628
226,0.776178,1.701201,0.824232,0.725865,0.746865,2347.342986
227,0.777701,1.563000,0.807167,0.736189,0.763373,2507.753871
228,0.769968,1.668767,0.816837,0.719171,0.754847,2232.270014
229,0.773105,1.652920,0.817975,0.753528,0.760482,2322.636181
230,0.763891,1.726564,0.815131,0.697313,0.735715,2316.310626
231,0.760353,1.458418,0.834471,0.757878,0.773788,2317.087035
232,0.755231,1.533955,0.814562,0.758334,0.769037,2183.076539
233,0.754807,1.584596,0.796359,0.713100,0.745953,2237.574757
234,0.746287,1.512793,0.819681,0.737486,0.757126,2498.471102
235,0.739502,1.524413,0.828214,0.745621,0.772927,2346.389426
236,0.737899,1.559131,0.827076,0.730772,0.763802,2244.462846
237,0.734212,1.556226,0.823663,0.731824,0.753106,2324.369421
238,0.732641,1.566155,0.807736,0.748113,0.763768,2340.698629
239,0.734943,1.672736,0.816268,0.725868,0.742083,2241.249986
