epoch,train_loss,avg_valid_loss,valid_accuracy,valid_kappa,valid_kappa_exp,valid_kappa_mc,time
1,2.354842,1.699196,0.717861,0.311182,0.235374,0.235374,463.175492
2,2.060534,1.894366,0.737201,0.018039,0.054023,0.054023,448.033891
3,1.984630,2.099123,0.500000,0.250813,0.188675,0.188675,447.434703
4,1.940541,1.613890,0.742321,0.131027,0.319288,0.319288,446.180896
5,1.894546,1.605922,0.729238,0.408689,0.452227,0.452227,452.419819
6,1.862875,1.517477,0.754266,0.408900,0.481816,0.481816,448.398126
7,1.827186,1.489930,0.767349,0.448845,0.505095,0.505095,442.899002
8,1.798692,1.493806,0.759954,0.326975,0.459828,0.459828,451.960489
9,1.765202,1.678078,0.683163,0.472374,0.444331,0.444331,440.467257
10,1.738078,1.521842,0.740046,0.554056,0.528049,0.528049,440.111421
11,1.708342,1.725218,0.749147,0.199184,0.250507,0.250507,441.072226
12,1.683284,1.696945,0.753129,0.234846,0.293846,0.293846,440.316661
13,1.666444,1.738889,0.655290,0.466365,0.428417,0.428417,441.975416
14,1.648228,1.501854,0.765643,0.336564,0.398749,0.398749,440.062335
15,1.641115,1.380616,0.782708,0.549797,0.601444,0.601444,441.865908
16,1.621480,1.554958,0.761661,0.375504,0.400012,0.400012,448.669943
17,1.605416,1.349594,0.781570,0.543761,0.608534,0.608534,460.827671
18,1.590318,1.337321,0.797497,0.582150,0.624462,0.624462,451.328007
19,1.579238,1.501753,0.700796,0.524768,0.522955,0.522955,451.741567
20,1.563362,1.355139,0.777588,0.512393,0.587739,0.587739,454.724400
21,1.557792,1.333453,0.787258,0.538013,0.599861,0.599861,451.780805
22,1.542682,1.310644,0.787258,0.555960,0.619166,0.619166,455.638614
23,1.537032,1.308494,0.788396,0.552601,0.627752,0.627752,448.229830
24,1.518687,1.292924,0.798066,0.649042,0.686153,0.686153,451.775105
25,1.510002,1.263104,0.802048,0.642611,0.669777,0.669777,447.984209
26,1.502398,1.329859,0.787827,0.543312,0.610299,0.610299,451.837948
27,1.495209,1.332256,0.783276,0.537211,0.580122,0.580122,459.159504
28,1.479316,1.252873,0.811149,0.646508,0.666930,0.666930,446.242404
29,1.471674,1.248037,0.795791,0.616525,0.649648,0.649648,455.181400
30,1.461777,1.218468,0.810580,0.649451,0.679112,0.679112,448.370249
31,1.449154,1.234946,0.804892,0.622348,0.654153,0.654153,446.005309
32,1.448933,1.274220,0.790671,0.545226,0.600487,0.600487,449.693578
33,1.433204,1.219565,0.808305,0.665973,0.667206,0.667206,462.796256
34,1.429610,1.387710,0.730375,0.550413,0.547000,0.547000,451.150210
35,1.416152,1.230870,0.794084,0.599508,0.641440,0.641440,452.576303
36,1.406052,1.180514,0.808874,0.659191,0.698080,0.698080,449.637122
37,1.401923,1.248738,0.791809,0.668019,0.658274,0.658274,456.944427
38,1.389633,1.169176,0.807736,0.656860,0.694424,0.694424,454.110832
39,1.382707,1.201951,0.794084,0.666596,0.695934,0.695934,456.967262
40,1.372972,1.190529,0.798066,0.611596,0.651099,0.651099,455.206703
41,1.367673,1.170970,0.802048,0.653567,0.682046,0.682046,452.475294
42,1.359525,1.151589,0.815700,0.636313,0.664806,0.664806,448.581142
43,1.351373,1.273910,0.781001,0.475305,0.533874,0.533874,449.344612
44,1.347510,1.139580,0.811718,0.677944,0.695079,0.695079,462.871413
45,1.338698,1.142634,0.806030,0.622995,0.689368,0.689368,457.945398
46,1.329705,1.134511,0.797497,0.586891,0.646228,0.646228,469.810144
47,1.323320,1.114235,0.811149,0.673042,0.705104,0.705104,465.615662
48,1.318995,1.114353,0.809443,0.660326,0.699264,0.699264,458.146468
49,1.308623,1.125800,0.805461,0.625966,0.682340,0.682340,463.501647
50,1.299658,1.104185,0.807167,0.645730,0.688105,0.688105,452.879548
51,1.297886,1.099636,0.817406,0.661191,0.694028,0.694028,451.503694
52,1.290803,1.086519,0.804892,0.633415,0.692742,0.692742,445.989606
53,1.283854,1.228224,0.753129,0.605215,0.610360,0.610360,450.047711
54,1.269209,1.189559,0.791809,0.604615,0.626510,0.626510,445.398190
55,1.264174,1.120349,0.795222,0.664816,0.672575,0.672575,446.851529
56,1.264771,1.074464,0.807736,0.653988,0.694001,0.694001,445.527433
57,1.255920,1.070602,0.814562,0.660582,0.700458,0.700458,450.261227
58,1.244672,1.071998,0.805461,0.657606,0.677790,0.677790,443.332388
59,1.237879,1.087260,0.815131,0.693661,0.710065,0.710065,445.755732
60,1.233420,1.054995,0.815700,0.687645,0.710423,0.710423,447.437610
61,1.231605,1.058802,0.803754,0.599508,0.671855,0.671855,451.652695
62,1.220897,1.054648,0.810011,0.629342,0.672248,0.672248,449.784972
63,1.217797,1.027374,0.813993,0.686085,0.717503,0.717503,446.368328
64,1.209522,1.110492,0.802048,0.609037,0.641681,0.641681,447.038756
65,1.207345,1.221802,0.724118,0.565593,0.561384,0.561384,440.497714
66,1.197705,1.079934,0.794084,0.663261,0.667012,0.667012,445.179301
67,1.194595,1.040327,0.805461,0.658093,0.712656,0.712656,444.852120
68,1.184077,1.005643,0.815131,0.676391,0.702189,0.702189,444.630063
69,1.185174,1.012704,0.820819,0.678590,0.712324,0.712324,436.821267
70,1.183488,1.019537,0.806030,0.663491,0.708940,0.708940,439.841213
71,1.169908,0.984119,0.816268,0.689623,0.720115,0.720115,438.783689
72,1.163865,1.025163,0.799204,0.677382,0.710763,0.710763,438.734585
73,1.159719,1.056553,0.787827,0.668889,0.691856,0.691856,436.803922
74,1.158160,1.006402,0.815700,0.691679,0.680773,0.680773,438.758750
75,1.145367,0.975447,0.813424,0.699689,0.734442,0.734442,435.384529
76,1.142762,0.973494,0.810580,0.693198,0.734829,0.734829,434.932528
77,1.140569,0.996802,0.811149,0.694471,0.708792,0.708792,438.739254
78,1.140153,0.965694,0.812287,0.667393,0.732032,0.732032,436.326132
79,1.124979,0.993297,0.801479,0.670073,0.692003,0.692003,437.232707
80,1.122072,0.970355,0.816268,0.669110,0.684699,0.684699,436.469550
81,1.120406,0.979349,0.815131,0.722496,0.730048,0.730048,437.654827
82,1.111513,0.946189,0.821957,0.692474,0.722755,0.722755,443.755759
83,1.109069,1.038358,0.799772,0.565558,0.609242,0.609242,445.664509
84,1.101916,0.969796,0.813993,0.693877,0.687360,0.687360,449.322352
85,1.100085,0.980486,0.806030,0.594580,0.643801,0.643801,451.417038
86,1.096268,0.965782,0.809443,0.689911,0.704188,0.704188,448.023658
87,1.089379,0.951291,0.814562,0.701176,0.729202,0.729202,450.661756
88,1.091412,0.942715,0.810580,0.705302,0.731603,0.731603,448.367183
89,1.078949,0.938252,0.816268,0.695270,0.714643,0.714643,448.253388
90,1.076040,0.919681,0.817975,0.697351,0.716545,0.716545,449.565492
91,1.071804,0.937178,0.800910,0.685059,0.696387,0.696387,447.149095
92,1.065139,0.923767,0.816837,0.695092,0.724781,0.724781,446.197798
93,1.062366,0.929998,0.807736,0.606980,0.677851,0.677851,443.453206
94,1.056000,0.919128,0.815700,0.675152,0.710971,0.710971,446.643752
95,1.058346,0.901903,0.813993,0.672817,0.718808,0.718808,448.012689
96,1.052819,0.926204,0.815131,0.702276,0.719912,0.719912,449.224637
97,1.053159,0.900764,0.821388,0.665355,0.700365,0.700365,451.808145
98,1.042972,0.893161,0.821388,0.680111,0.726949,0.726949,452.198020
99,1.036891,0.981554,0.784414,0.670084,0.672234,0.672234,439.639650
100,1.031336,0.910001,0.817975,0.691799,0.717471,0.717471,439.510952
101,1.028734,0.897298,0.815700,0.691767,0.728343,0.728343,438.461653
102,1.029445,0.903944,0.810580,0.698140,0.726771,0.726771,437.234826
103,1.023606,0.890638,0.821957,0.682167,0.707028,0.707028,440.920798
104,1.022835,0.912014,0.815131,0.633656,0.670532,0.670532,437.963597
105,1.014179,0.898181,0.816837,0.691271,0.712355,0.712355,440.392711
106,1.006317,0.902376,0.818544,0.672904,0.681700,0.681700,436.026898
107,1.006654,0.884186,0.806030,0.673982,0.710092,0.710092,437.221853
108,0.997709,0.896582,0.806598,0.673361,0.712425,0.712425,440.298085
109,0.999827,0.877471,0.812287,0.688376,0.723945,0.723945,439.059937
110,0.992116,0.911087,0.813993,0.618006,0.651983,0.651983,439.959209
111,0.995617,0.943213,0.802617,0.620809,0.668089,0.668089,438.702605
112,0.986661,0.895788,0.807736,0.689928,0.699201,0.699201,440.913360
113,0.984809,0.884608,0.822526,0.706752,0.731451,0.731451,443.279154
114,0.980696,0.867508,0.816268,0.673230,0.706523,0.706523,439.139363
115,0.978626,0.937403,0.808874,0.603581,0.628388,0.628388,440.437954
116,0.978940,0.857649,0.815700,0.672001,0.710365,0.710365,440.350827
117,0.969485,0.862207,0.817975,0.696489,0.703603,0.703603,440.028616
118,0.964208,0.849349,0.810580,0.664729,0.725427,0.725427,439.687074
119,0.963547,0.835997,0.819113,0.698859,0.726036,0.726036,439.490401
120,0.956365,0.874888,0.811718,0.667212,0.709044,0.709044,439.083912
121,0.959296,0.865133,0.813993,0.654954,0.693179,0.693179,436.652764
122,0.953342,0.875357,0.800910,0.654770,0.692104,0.692104,435.969223
123,0.949868,0.851409,0.819113,0.680627,0.715969,0.715969,440.941085
124,0.946964,0.878082,0.807167,0.672798,0.703908,0.703908,443.370270
125,0.942716,0.855357,0.811718,0.704980,0.729229,0.729229,438.865492
126,0.941623,0.825112,0.825939,0.720963,0.734986,0.734986,439.716297
127,0.936120,0.839955,0.810011,0.683100,0.703782,0.703782,438.264905
128,0.927807,0.863581,0.806598,0.685188,0.719154,0.719154,437.875768
129,0.932104,0.835818,0.825370,0.715957,0.729845,0.729845,438.558286
130,0.925089,0.823894,0.817406,0.682938,0.713925,0.713925,438.959367
131,0.923651,0.838895,0.827076,0.682946,0.709861,0.709861,438.551170
132,0.922759,0.824275,0.827645,0.692518,0.719347,0.719347,437.449401
133,0.919342,0.827964,0.815131,0.711037,0.731163,0.731163,439.356309
134,0.915622,0.867422,0.816268,0.663907,0.694451,0.694451,440.023999
135,0.906225,0.830726,0.816837,0.671871,0.711315,0.711315,440.332470
136,0.908922,1.038184,0.718999,0.575810,0.583479,0.583479,438.514979
137,0.907199,0.830696,0.819681,0.685684,0.721543,0.721543,439.338703
138,0.896101,0.838762,0.818544,0.684361,0.725931,0.725931,437.234941
139,0.896445,0.829853,0.815131,0.716879,0.753401,0.753401,436.739433
140,0.897753,0.860196,0.812287,0.670323,0.694371,0.694371,437.461436
141,0.893127,0.847850,0.819113,0.680695,0.713142,0.713142,436.863061
142,0.888446,0.990422,0.735495,0.579924,0.608450,0.608450,437.165145
143,0.889052,0.821349,0.825370,0.682702,0.716807,0.716807,436.463400
144,0.880997,0.842320,0.807167,0.693442,0.722785,0.722785,438.990363
145,0.881029,0.848325,0.809443,0.668137,0.692311,0.692311,439.538383
146,0.876612,0.797309,0.828214,0.702701,0.727415,0.727415,437.362202
147,0.871477,0.857584,0.816268,0.685316,0.691533,0.691533,437.271648
148,0.873266,0.814177,0.814562,0.674501,0.708404,0.708404,434.920213
149,0.870666,0.822313,0.813424,0.657290,0.705343,0.705343,437.489854
150,0.870578,0.801023,0.817406,0.728225,0.740214,0.740214,438.855533
151,0.864425,0.829670,0.812856,0.655232,0.679304,0.679304,437.166946
152,0.860682,0.838657,0.816268,0.668928,0.680896,0.680896,435.581406
153,0.861028,0.819371,0.818544,0.670963,0.710189,0.710189,436.897367
154,0.850896,0.852462,0.795791,0.668773,0.691011,0.691011,437.263373
155,0.852632,0.798030,0.827076,0.708034,0.728249,0.728249,437.754221
156,0.850515,0.794292,0.828783,0.691168,0.713985,0.713985,437.805326
157,0.846474,0.793787,0.813424,0.705446,0.735417,0.735417,438.247735
158,0.844659,0.817078,0.817975,0.669421,0.697980,0.697980,435.933507
159,0.843402,0.810848,0.830489,0.732628,0.735066,0.735066,437.598118
160,0.841944,0.850392,0.796359,0.683544,0.701488,0.701488,436.510786
161,0.836898,0.786817,0.823094,0.709318,0.742993,0.742993,438.278012
162,0.829968,0.782044,0.818544,0.703557,0.719048,0.719048,436.933972
163,0.827551,0.821702,0.801479,0.684314,0.707386,0.707386,436.837351
164,0.829350,0.812293,0.816837,0.706889,0.729764,0.729764,439.700906
165,0.821285,0.816871,0.821388,0.685527,0.717023,0.717023,453.952403
166,0.829298,0.790863,0.827076,0.713607,0.747360,0.747360,455.213890
167,0.819539,0.814169,0.821957,0.692971,0.722704,0.722704,460.165336
168,0.817477,0.812545,0.811149,0.689277,0.721955,0.721955,460.965124
169,0.812232,0.785948,0.820250,0.687130,0.727415,0.727415,471.582048
170,0.811758,0.809931,0.819681,0.686729,0.718406,0.718406,509.755515
171,0.812569,0.789863,0.819681,0.708406,0.735816,0.735816,552.238486
172,0.807792,0.817125,0.825939,0.697978,0.730015,0.730015,470.349400
173,0.804092,0.808721,0.821388,0.722478,0.731403,0.731403,460.860239
174,0.805832,0.796061,0.823663,0.694673,0.726100,0.726100,449.189676
175,0.802554,0.788685,0.825370,0.724453,0.755100,0.755100,451.719147
176,0.798290,0.827964,0.803754,0.690622,0.704391,0.704391,447.289185
177,0.794785,0.795961,0.815131,0.706105,0.718739,0.718739,455.840355
178,0.795883,0.808050,0.811149,0.695158,0.711389,0.711389,449.334528
179,0.793100,0.804534,0.817406,0.685465,0.712650,0.712650,463.920661
180,0.793487,0.805992,0.800910,0.681441,0.716727,0.716727,454.390805
181,0.788594,0.798180,0.816837,0.682649,0.711933,0.711933,447.440941
182,0.779724,0.798424,0.813424,0.705378,0.727941,0.727941,449.956409
183,0.779394,0.801346,0.808874,0.695139,0.728073,0.728073,454.538581
184,0.785654,0.790494,0.818544,0.686476,0.722061,0.722061,443.776536
185,0.773621,0.838082,0.788965,0.678424,0.694835,0.694835,442.847386
186,0.766849,0.806734,0.815700,0.690245,0.721700,0.721700,444.549247
187,0.774878,0.805433,0.827076,0.705867,0.720522,0.720522,441.183204
188,0.770484,0.795241,0.811718,0.692772,0.711269,0.711269,446.073521
189,0.761724,0.846311,0.803185,0.642146,0.680659,0.680659,443.574549
190,0.766857,0.783999,0.822526,0.695583,0.713511,0.713511,442.102966
191,0.762220,0.804222,0.821957,0.651222,0.681869,0.681869,447.712301
192,0.754526,0.800528,0.804323,0.695400,0.721918,0.721918,464.241297
193,0.756696,0.804314,0.808305,0.700970,0.710070,0.710070,473.293871
194,0.751492,0.791531,0.815131,0.711598,0.729053,0.729053,476.698866
195,0.753392,0.804016,0.812856,0.673202,0.692611,0.692611,463.756522
196,0.751386,0.804842,0.820819,0.676199,0.709520,0.709520,478.592541
197,0.746086,0.813223,0.812856,0.671906,0.706488,0.706488,473.434690
198,0.745766,0.810002,0.814562,0.650173,0.666074,0.666074,468.504241
199,0.740727,0.783014,0.819113,0.724190,0.752544,0.752544,474.637428
200,0.738175,0.821344,0.812287,0.646992,0.684620,0.684620,481.623919
201,0.740041,0.951735,0.802048,0.629584,0.650117,0.650117,513.774032
202,0.735337,0.850214,0.811718,0.657650,0.684755,0.684755,584.480158
203,0.728937,0.825581,0.810011,0.690183,0.712566,0.712566,565.668566
204,0.734290,0.853778,0.810011,0.709071,0.725980,0.725980,587.903764
205,0.722503,0.833177,0.817406,0.702367,0.726329,0.726329,539.189431
206,0.727800,0.790784,0.811149,0.698612,0.727648,0.727648,462.612456
207,0.723604,0.820049,0.806598,0.700468,0.726380,0.726380,456.514003
208,0.717011,0.849682,0.807167,0.652694,0.676029,0.676029,460.302871
209,0.718076,0.785123,0.820819,0.709213,0.734246,0.734246,465.139068
210,0.714324,0.822130,0.807736,0.688982,0.723746,0.723746,469.770233
211,0.725362,0.818988,0.821388,0.709832,0.720523,0.720523,468.253995
212,0.705006,0.846437,0.804892,0.687712,0.720910,0.720910,453.358828
213,0.703149,0.833145,0.802617,0.698981,0.721276,0.721276,451.511288
214,0.701061,0.829240,0.816837,0.697993,0.713824,0.713824,460.782562
215,0.695033,0.869672,0.806030,0.668499,0.697910,0.697910,464.431675
216,0.696601,0.835065,0.804323,0.686581,0.699764,0.699764,458.572609
217,0.702024,0.840695,0.813424,0.669986,0.697795,0.697795,464.924571
218,0.688842,0.863327,0.775313,0.671215,0.687515,0.687515,460.293126
219,0.696514,0.843693,0.808874,0.700546,0.733740,0.733740,486.458336
220,0.687599,0.868518,0.800341,0.666875,0.698752,0.698752,469.656326
221,0.686208,0.798898,0.805461,0.711288,0.724429,0.724429,458.898263
222,0.683545,0.841573,0.803185,0.705170,0.730558,0.730558,457.997879
223,0.683056,0.859047,0.787258,0.701891,0.725430,0.725430,506.114060
224,0.683791,0.919228,0.763367,0.660403,0.657711,0.657711,498.260398
225,0.670398,0.851458,0.823663,0.684257,0.721086,0.721086,454.199023
226,0.682345,0.853930,0.787827,0.688862,0.700660,0.700660,453.997826
227,0.672854,0.859159,0.794084,0.695927,0.709191,0.709191,453.661057
228,0.667948,0.858093,0.798066,0.695887,0.713211,0.713211,450.925519
229,0.666945,0.877912,0.810011,0.692208,0.717460,0.717460,452.937564
230,0.683509,0.875189,0.812856,0.691697,0.718036,0.718036,488.069795
231,0.658728,0.857342,0.809443,0.701711,0.712295,0.712295,444.393227
232,0.653318,1.024606,0.708191,0.618507,0.643041,0.643041,469.340518
233,0.655125,0.898424,0.797497,0.660959,0.693649,0.693649,462.432697
234,0.659587,0.855620,0.807167,0.713294,0.721628,0.721628,461.736483
235,0.653052,0.839526,0.786689,0.678346,0.721571,0.721571,467.509259
236,0.650788,0.891606,0.779295,0.657354,0.686608,0.686608,462.092630
237,0.650772,0.897301,0.798066,0.687189,0.708805,0.708805,469.682245
238,0.641623,0.922671,0.803754,0.674498,0.695559,0.695559,461.621064
239,0.639629,0.888019,0.812287,0.666795,0.677043,0.677043,466.068532
240,0.644502,0.874262,0.794084,0.699931,0.713138,0.713138,464.052802
241,0.637025,0.894662,0.804323,0.713058,0.719780,0.719780,462.486375
242,0.636254,0.932962,0.765074,0.676813,0.697808,0.697808,464.264531
243,0.638110,0.905696,0.762230,0.655756,0.678582,0.678582,470.199470
244,0.628011,0.974525,0.779863,0.642604,0.674082,0.674082,461.153492
245,0.636684,0.927124,0.758817,0.658282,0.690192,0.690192,466.752965
246,0.629973,0.877527,0.804323,0.672667,0.690544,0.690544,469.518273
247,0.627014,0.888111,0.786121,0.680449,0.707646,0.707646,466.945515
248,0.621058,0.960149,0.768487,0.667490,0.692467,0.692467,476.156767
249,0.624394,0.902900,0.783845,0.672383,0.702026,0.702026,464.986414
250,0.616220,0.920087,0.797497,0.672387,0.714442,0.714442,468.996627
251,0.614163,0.908665,0.816837,0.682950,0.705824,0.705824,466.697015
252,0.611963,0.923093,0.799772,0.692727,0.716112,0.716112,456.887226
253,0.614080,0.982744,0.758817,0.671176,0.686074,0.686074,459.439677
254,0.614278,0.940115,0.798635,0.682718,0.703224,0.703224,455.944600
255,0.609284,0.913751,0.807736,0.678267,0.704267,0.704267,453.802989
256,0.609688,0.924659,0.795791,0.699290,0.733667,0.733667,455.426926
257,0.600147,0.981902,0.777588,0.675252,0.696112,0.696112,454.135265
258,0.598573,0.928275,0.775313,0.667815,0.686402,0.686402,453.039629
259,0.593410,1.038550,0.799772,0.672069,0.694891,0.694891,448.935786
260,0.607705,0.903847,0.792947,0.674379,0.693415,0.693415,444.846793
261,0.595221,0.991845,0.798635,0.693889,0.716249,0.716249,452.182969
262,0.585683,0.931975,0.806030,0.701383,0.702428,0.702428,445.112032
263,0.592988,0.958762,0.791240,0.665033,0.696458,0.696458,450.217312
264,0.585080,0.968864,0.794653,0.706817,0.725047,0.725047,444.114630
265,0.582725,0.985796,0.757679,0.644287,0.678489,0.678489,450.378066
266,0.579940,0.930240,0.807736,0.708187,0.727680,0.727680,448.246871
267,0.576642,1.024776,0.789534,0.672535,0.682795,0.682795,442.951607
268,0.576610,1.012139,0.796928,0.670606,0.696612,0.696612,444.184209
269,0.567410,0.994824,0.791809,0.651355,0.674757,0.674757,444.189531
270,0.568801,0.992398,0.786121,0.671875,0.693824,0.693824,446.243570
271,0.565206,1.037488,0.788396,0.656072,0.681508,0.681508,445.321493
272,0.583457,1.076844,0.786121,0.618473,0.638676,0.638676,450.668539
273,0.568717,0.961174,0.798635,0.704024,0.719490,0.719490,444.669505
274,0.557014,1.012664,0.778157,0.661352,0.700285,0.700285,447.228351
275,0.568693,0.990914,0.788965,0.684961,0.731117,0.731117,446.828995
276,0.572902,0.969040,0.791240,0.668473,0.689109,0.689109,449.144949
277,0.557029,1.049210,0.788965,0.684081,0.697074,0.697074,445.539988
278,0.562630,0.990970,0.795222,0.688640,0.704111,0.704111,448.505567
279,0.552339,1.012440,0.785552,0.671734,0.696156,0.696156,447.069356
280,0.548648,1.055461,0.773038,0.655734,0.687145,0.687145,448.304667
281,0.554222,1.064007,0.744596,0.663997,0.680414,0.680414,452.651230
282,0.539108,1.040967,0.769625,0.656926,0.689652,0.689652,447.315689
283,0.541541,1.075238,0.757110,0.658633,0.683369,0.683369,450.690097
284,0.555503,1.138568,0.796359,0.644429,0.666286,0.666286,442.889274
285,0.542614,1.039302,0.791809,0.672436,0.700918,0.700918,445.692456
286,0.541187,1.148639,0.799772,0.633801,0.635022,0.635022,442.168051
287,0.538187,1.039252,0.795791,0.686514,0.703497,0.703497,443.846845
288,0.541476,1.040988,0.782708,0.682141,0.709138,0.709138,443.325028
289,0.530361,1.051848,0.794084,0.701242,0.718281,0.718281,444.512979
290,0.524638,1.037462,0.753697,0.664549,0.685530,0.685530,448.180269
291,0.531798,1.062118,0.781570,0.638175,0.664790,0.664790,449.296945
292,0.535173,1.195123,0.786121,0.646145,0.647419,0.647419,447.360721
293,0.527657,1.068203,0.797497,0.672870,0.690043,0.690043,450.240169
294,0.524736,1.178058,0.744027,0.636259,0.669904,0.669904,444.182304
295,0.526650,1.119773,0.772469,0.662456,0.686508,0.686508,444.019154
296,0.515219,1.088935,0.778157,0.673953,0.696354,0.696354,451.805193
297,0.520783,1.138955,0.795222,0.653044,0.664993,0.664993,446.204807
298,0.518768,1.157689,0.791809,0.670535,0.702246,0.702246,451.415514
299,0.518900,1.191007,0.785552,0.637145,0.668768,0.668768,449.721856
300,0.512623,1.104345,0.777019,0.690925,0.711093,0.711093,444.544619
301,0.516626,1.122310,0.771900,0.665625,0.686268,0.686268,448.910488
302,0.507780,1.132798,0.758817,0.643669,0.671189,0.671189,448.350526
303,0.502773,1.121371,0.763367,0.637258,0.671594,0.671594,445.879352
304,0.502968,1.204039,0.781001,0.667103,0.681694,0.681694,445.169761
305,0.510792,1.126612,0.783276,0.646409,0.677368,0.677368,445.418388
306,0.492941,1.166657,0.776451,0.648521,0.686126,0.686126,448.471868
307,0.498580,1.205674,0.784983,0.636543,0.644869,0.644869,448.227791
308,0.502919,1.124741,0.778157,0.667974,0.683769,0.683769,449.276167
309,0.498583,1.250783,0.722412,0.625626,0.652043,0.652043,448.172166
310,0.494712,1.144956,0.775882,0.650700,0.672565,0.672565,450.384237
311,0.494223,1.103297,0.794084,0.686945,0.708832,0.708832,449.564043
312,0.490922,1.134042,0.769625,0.677215,0.701930,0.701930,450.706008
313,0.485444,1.170375,0.789534,0.683649,0.706373,0.706373,446.016488
314,0.479977,1.164460,0.781570,0.671321,0.702577,0.702577,448.791948
315,0.491629,1.108627,0.768487,0.658207,0.689437,0.689437,451.529902
316,0.483217,1.215865,0.774175,0.670462,0.696652,0.696652,450.390325
317,0.487151,1.193093,0.773606,0.663315,0.690672,0.690672,447.995773
318,0.484880,1.210011,0.772469,0.664896,0.685819,0.685819,453.727896
319,0.489917,1.169251,0.768487,0.656710,0.668233,0.668233,449.455370
320,0.482472,1.233554,0.750853,0.623815,0.661442,0.661442,440.479619
321,0.469640,1.206763,0.784414,0.671872,0.701025,0.701025,452.801773
322,0.467248,1.194652,0.761661,0.661716,0.679741,0.679741,455.699318
323,0.486822,1.236325,0.760523,0.650280,0.666112,0.666112,454.175475
324,0.475252,1.189632,0.777588,0.690108,0.705876,0.705876,458.647692
325,0.476104,1.242617,0.760523,0.653399,0.683936,0.683936,455.980655
326,0.480405,1.235735,0.766212,0.651617,0.667480,0.667480,452.259298
327,0.462263,1.268907,0.791240,0.684344,0.696525,0.696525,456.459450
328,0.464434,1.270645,0.791809,0.683489,0.700906,0.700906,458.346280
329,0.469612,1.228127,0.764505,0.646000,0.673491,0.673491,457.101571
330,0.467861,1.219814,0.779863,0.701938,0.716076,0.716076,450.235694
331,0.471087,1.202051,0.763936,0.629498,0.661830,0.661830,451.587379
332,0.460635,1.272679,0.762799,0.660317,0.686031,0.686031,455.525697
333,0.469012,1.230732,0.774175,0.665898,0.679919,0.679919,468.036762
334,0.457830,1.284107,0.750284,0.634287,0.658316,0.658316,465.807239
335,0.451406,1.338111,0.793515,0.641776,0.665580,0.665580,461.999486
336,0.469046,1.331360,0.788396,0.646528,0.674997,0.674997,463.406169
337,0.457473,1.343967,0.728669,0.624917,0.648843,0.648843,451.362495
338,0.456144,1.327540,0.765643,0.657249,0.674961,0.674961,446.031368
339,0.455660,1.303763,0.750853,0.634535,0.655379,0.655379,446.373678
340,0.453869,1.239805,0.779863,0.676880,0.696702,0.696702,444.280135
341,0.453602,1.259771,0.775313,0.670474,0.682425,0.682425,447.263793
342,0.459170,1.314483,0.767918,0.647691,0.683401,0.683401,454.492975
343,0.455075,1.251145,0.742321,0.639920,0.671382,0.671382,451.796150
344,0.441427,1.277240,0.756542,0.634916,0.655759,0.655759,452.814476
345,0.451784,1.312879,0.785552,0.674039,0.705118,0.705118,460.861073
346,0.445770,1.273257,0.774175,0.670065,0.682565,0.682565,462.869200
347,0.442534,1.291073,0.765643,0.641843,0.666073,0.666073,447.829353
348,0.460492,1.253631,0.748578,0.645213,0.675177,0.675177,454.173908
349,0.440649,1.276304,0.776451,0.661470,0.685432,0.685432,456.536275
350,0.448740,1.268725,0.771900,0.664211,0.671025,0.671025,470.997787
351,0.431184,1.267455,0.768487,0.645111,0.677518,0.677518,469.063963
352,0.452956,1.321632,0.746871,0.639651,0.658285,0.658285,458.698462
353,0.443034,1.357244,0.787258,0.657651,0.668115,0.668115,457.888120
354,0.429775,1.277144,0.760523,0.652026,0.670404,0.670404,458.127836
355,0.437372,1.241474,0.785552,0.676571,0.693433,0.693433,464.631283
356,0.447239,1.447718,0.769056,0.625539,0.657471,0.657471,457.958258
357,0.443441,1.291874,0.767918,0.668405,0.685992,0.685992,457.511956
358,0.434088,1.311415,0.791240,0.707402,0.718603,0.718603,497.465634
359,0.428426,1.403090,0.742890,0.650937,0.672194,0.672194,461.474469
360,0.434007,1.329586,0.770193,0.653349,0.681442,0.681442,455.809286
361,0.429778,1.397178,0.751422,0.629361,0.660386,0.660386,456.461921
362,0.441464,1.291682,0.767918,0.650620,0.673369,0.673369,467.120842
363,0.441985,1.387191,0.798066,0.672580,0.688440,0.688440,464.731666
364,0.428425,1.403858,0.761092,0.654758,0.694199,0.694199,465.702347
365,0.424302,1.386050,0.783845,0.641196,0.664797,0.664797,448.400483
366,0.432475,1.301454,0.784414,0.673337,0.687181,0.687181,445.459432
367,0.427694,1.496282,0.784414,0.667598,0.672998,0.672998,443.189348
368,0.436301,1.520670,0.796359,0.660582,0.669716,0.669716,444.159317
369,0.434629,1.378790,0.784414,0.657250,0.668216,0.668216,446.251851
370,0.419440,1.335315,0.782139,0.646444,0.667587,0.667587,445.478460
371,0.425771,1.473904,0.783276,0.645689,0.656182,0.656182,449.923377
372,0.428870,1.446540,0.742321,0.632207,0.654108,0.654108,459.957234
373,0.430740,1.410605,0.777019,0.640440,0.653478,0.653478,458.995228
374,0.440159,1.381573,0.790102,0.674351,0.692556,0.692556,458.347233
375,0.422486,1.387502,0.785552,0.657136,0.669234,0.669234,477.986960
376,0.406650,1.338724,0.778157,0.676704,0.687417,0.687417,453.531175
377,0.412312,1.387779,0.759954,0.652807,0.665253,0.665253,449.677400
378,0.422540,1.383834,0.748578,0.622820,0.644848,0.644848,449.466968
379,0.420370,1.393239,0.759954,0.626326,0.647795,0.647795,447.233757
380,0.412778,1.462783,0.763936,0.635866,0.654201,0.654201,443.841929
381,0.417229,1.300823,0.763936,0.661302,0.679814,0.679814,445.403432
382,0.405755,1.392860,0.773606,0.630184,0.659608,0.659608,445.451861
383,0.410254,1.405160,0.775313,0.656920,0.672930,0.672930,447.612379
384,0.409800,1.405401,0.781570,0.667914,0.685688,0.685688,442.761227
385,0.415127,1.452398,0.769056,0.653186,0.680081,0.680081,449.383771
386,0.425099,1.492480,0.769625,0.624323,0.652790,0.652790,444.269367
387,0.410946,1.541371,0.789534,0.650027,0.665398,0.665398,439.594302
388,0.432069,1.456422,0.757679,0.661855,0.670488,0.670488,445.776964
389,0.412943,1.440286,0.784983,0.640188,0.673107,0.673107,441.945852
390,0.410975,1.598027,0.788396,0.632903,0.637245,0.637245,442.354194
391,0.425175,1.389176,0.728100,0.603293,0.638891,0.638891,446.505214
392,0.414409,1.468962,0.770762,0.655103,0.667233,0.667233,447.375655
393,0.421057,1.381600,0.757110,0.643059,0.669368,0.669368,445.382628
394,0.400518,1.399868,0.786689,0.661498,0.685219,0.685219,441.164133
395,0.411438,1.431513,0.782139,0.672806,0.683440,0.683440,442.424270
396,0.418013,1.504107,0.786689,0.647427,0.673249,0.673249,441.087689
397,0.402959,1.429883,0.778726,0.649468,0.669538,0.669538,447.596242
398,0.397492,1.540335,0.738339,0.611916,0.634456,0.634456,441.682853
399,0.424723,1.426636,0.778726,0.643215,0.672929,0.672929,440.881293
400,0.410885,1.464441,0.764505,0.639749,0.672488,0.672488,443.526849
401,0.423882,1.431919,0.777588,0.640259,0.653734,0.653734,438.896942
402,0.402946,1.481101,0.779863,0.673543,0.678505,0.678505,442.009635
403,0.406587,1.520867,0.785552,0.645422,0.682545,0.682545,442.352055
404,0.401314,1.451958,0.795791,0.682394,0.703653,0.703653,435.974374
405,0.408422,1.448650,0.785552,0.662215,0.679510,0.679510,434.932537
406,0.396081,1.372036,0.753697,0.673114,0.702223,0.702223,438.350992
407,0.414740,1.419796,0.783845,0.643431,0.657031,0.657031,439.521880
408,0.390278,1.499167,0.793515,0.674313,0.692570,0.692570,444.026694
409,0.402147,1.470380,0.779295,0.653970,0.672789,0.672789,436.031085
410,0.419097,1.557039,0.766780,0.612389,0.631190,0.631190,436.870787
411,0.405377,1.518564,0.764505,0.630662,0.650506,0.650506,437.311641
412,0.413538,1.467426,0.776451,0.639857,0.679566,0.679566,437.243712
413,0.392558,1.507271,0.794084,0.673612,0.689143,0.689143,438.119276
414,0.400918,1.459735,0.788965,0.666244,0.680691,0.680691,434.719893
415,0.394745,1.520567,0.775882,0.668238,0.679684,0.679684,437.385966
416,0.394940,1.450148,0.782708,0.649884,0.670491,0.670491,435.453478
417,0.392810,1.550982,0.792378,0.644913,0.668360,0.668360,435.921128
418,0.394479,1.423635,0.775313,0.664843,0.687861,0.687861,434.862216
419,0.403687,1.414504,0.744596,0.638101,0.662546,0.662546,434.070547
420,0.389801,1.479803,0.777019,0.673550,0.688430,0.688430,433.698271
421,0.402436,1.514064,0.773038,0.667777,0.681399,0.681399,433.522370
422,0.391210,1.595972,0.792378,0.640573,0.649202,0.649202,433.182133
423,0.404859,1.466013,0.738908,0.637378,0.654155,0.654155,432.487595
424,0.401752,1.425372,0.775882,0.653615,0.676000,0.676000,433.185396
425,0.387221,1.393138,0.768487,0.647952,0.673824,0.673824,433.006342
426,0.400356,1.578847,0.702503,0.600234,0.619556,0.619556,433.348379
427,0.404754,1.510161,0.775313,0.633232,0.655484,0.655484,430.466971
428,0.402072,1.516786,0.765643,0.642535,0.665481,0.665481,430.140754
429,0.391962,1.472360,0.759954,0.628849,0.662499,0.662499,429.955844
430,0.389650,1.487846,0.787258,0.655614,0.672626,0.672626,436.476113
431,0.387817,1.393967,0.759386,0.656284,0.680390,0.680390,436.662056
432,0.380569,1.516493,0.772469,0.637366,0.667426,0.667426,436.797844
433,0.376010,1.398030,0.779295,0.681408,0.706573,0.706573,449.480222
434,0.393324,1.523126,0.778726,0.664694,0.675132,0.675132,464.221206
435,0.388719,1.475121,0.769625,0.655212,0.666241,0.666241,453.352546
436,0.394292,1.478719,0.757110,0.662102,0.680360,0.680360,449.324365
437,0.393168,1.532458,0.778726,0.638101,0.664706,0.664706,448.954179
438,0.394462,1.546883,0.766212,0.641191,0.674456,0.674456,445.455728
439,0.397638,1.374865,0.771900,0.665258,0.687437,0.687437,452.129164
440,0.390483,1.435591,0.771900,0.669903,0.683375,0.683375,446.845944
441,0.393917,1.470888,0.767349,0.652065,0.671376,0.671376,451.664283
442,0.393243,1.636563,0.777019,0.622567,0.644701,0.644701,460.316187
443,0.399542,1.483642,0.765643,0.646142,0.660340,0.660340,442.765348
444,0.381960,1.517936,0.791809,0.690677,0.690565,0.690565,441.333135
445,0.370498,1.515545,0.783276,0.667086,0.690196,0.690196,444.665493
446,0.395987,1.573499,0.771331,0.650495,0.664183,0.664183,452.310501
447,0.400427,1.464485,0.769056,0.646422,0.661627,0.661627,432.883463
448,0.388898,1.454796,0.748578,0.635392,0.658855,0.658855,433.483744
449,0.388281,1.455111,0.792947,0.657955,0.674260,0.674260,430.878578
450,0.391767,1.406302,0.777019,0.667661,0.689109,0.689109,430.210002
451,0.374545,1.535626,0.766780,0.622224,0.633084,0.633084,434.409383
452,0.382949,1.504956,0.778726,0.672400,0.681121,0.681121,431.633064
453,0.376432,1.496173,0.772469,0.649648,0.665884,0.665884,430.659923
454,0.393588,1.518848,0.766780,0.640454,0.660345,0.660345,430.507518
455,0.393047,1.504046,0.779295,0.664926,0.695556,0.695556,431.848834
456,0.390979,1.494262,0.781570,0.649220,0.662967,0.662967,431.739075
457,0.395111,1.473715,0.783276,0.673984,0.686074,0.686074,432.950055
458,0.371792,1.545694,0.756542,0.657994,0.675873,0.675873,433.706095
459,0.386591,1.505633,0.794653,0.659121,0.682298,0.682298,432.754873
460,0.382227,1.613842,0.796359,0.649356,0.654001,0.654001,430.028839
461,0.378943,1.519271,0.766212,0.661563,0.677081,0.677081,431.534367
462,0.380937,1.496536,0.786121,0.654358,0.665933,0.665933,431.240607
463,0.389633,1.546464,0.788396,0.628136,0.654426,0.654426,433.139682
464,0.382180,1.643290,0.717292,0.590360,0.603063,0.603063,441.504142
465,0.392077,1.456942,0.741752,0.635195,0.657790,0.657790,433.847334
466,0.389184,1.531735,0.774175,0.672471,0.679502,0.679502,433.684846
467,0.384704,1.493155,0.767918,0.627861,0.636594,0.636594,445.954972
468,0.372693,1.463353,0.749716,0.649062,0.658114,0.658114,433.071248
469,0.374535,1.478786,0.738908,0.624857,0.654266,0.654266,432.915366
470,0.380962,1.543592,0.720705,0.611293,0.637054,0.637054,433.037617
471,0.389880,1.517958,0.737770,0.626650,0.656386,0.656386,433.553608
472,0.382945,1.520113,0.767918,0.663867,0.680003,0.680003,436.611631
473,0.376969,1.529338,0.764505,0.662409,0.680302,0.680302,432.083150
474,0.373251,1.560796,0.775882,0.677732,0.691381,0.691381,432.137125
475,0.377499,1.536684,0.753129,0.661360,0.682800,0.682800,434.707535
476,0.380158,1.527390,0.757110,0.655650,0.672196,0.672196,429.245053
477,0.382299,1.601662,0.782708,0.612781,0.642953,0.642953,429.664900
478,0.372611,1.535621,0.767349,0.657025,0.688538,0.688538,430.434083
479,0.387270,1.522714,0.769625,0.641051,0.654702,0.654702,430.797639
480,0.367916,1.511645,0.778157,0.631921,0.659965,0.659965,431.463491
481,0.363478,1.587101,0.791809,0.658028,0.683558,0.683558,434.550473
482,0.371085,1.554586,0.758817,0.652821,0.677435,0.677435,431.626163
483,0.387203,1.542776,0.778726,0.683329,0.693698,0.693698,433.453669
484,0.394603,1.454642,0.771900,0.685699,0.700035,0.700035,439.166217
485,0.377706,1.586798,0.791240,0.653268,0.677775,0.677775,445.438909
486,0.369900,1.573623,0.748009,0.636914,0.666514,0.666514,443.235709
487,0.377164,1.510946,0.766780,0.639851,0.649788,0.649788,449.213959
488,0.378304,1.511240,0.735495,0.622850,0.638032,0.638032,449.109341
489,0.381208,1.463423,0.773038,0.638939,0.671699,0.671699,450.262920
490,0.373373,1.559539,0.762230,0.619142,0.646223,0.646223,455.332547
491,0.374360,1.517204,0.779863,0.668363,0.693973,0.693973,454.755919
492,0.370066,1.554298,0.787258,0.657764,0.662072,0.662072,451.283788
493,0.370675,1.563138,0.787827,0.658428,0.670661,0.670661,447.244114
494,0.369516,1.495112,0.757110,0.663188,0.683215,0.683215,440.482554
495,0.372161,1.499234,0.736633,0.634420,0.663853,0.663853,441.853263
496,0.362041,1.425072,0.787827,0.682290,0.693890,0.693890,452.452593
497,0.386045,1.574978,0.783276,0.625218,0.645665,0.645665,456.849788
498,0.368902,1.573417,0.776451,0.641280,0.646773,0.646773,457.301163
