epoch,train_loss,avg_valid_loss,valid_accuracy,valid_kappa,valid_kappa_exp,valid_kappa_mc,time
1,1.851016,27.097828,0.063140,0.000000,0.000000,0.000000,616.531110
2,1.778524,26.925711,0.063140,0.000000,0.000000,0.000000,630.926478
3,1.770160,26.669283,0.063140,0.000000,0.000000,0.000000,643.001076
4,1.761192,26.336630,0.063140,0.000000,0.000000,0.000000,633.228897
5,1.753139,25.860428,0.063140,0.000000,0.000000,0.000000,651.200665
6,1.744274,25.730328,0.063140,0.000000,0.000000,0.000000,623.635074
7,1.736454,25.478617,0.063140,0.000000,0.000000,0.000000,612.523546
8,1.727795,25.320658,0.063140,0.000000,0.000000,0.000000,632.059539
9,1.720246,24.978710,0.063140,0.000000,0.000000,0.000000,629.854864
10,1.711445,24.721409,0.063140,0.000000,0.000000,0.000000,606.163791
11,1.703471,24.495829,0.063140,0.000000,0.000000,0.000000,616.928332
12,1.695683,24.399076,0.063140,0.000000,0.000000,0.000000,612.892409
13,1.687758,23.983747,0.063140,0.000000,0.000000,0.000000,593.509705
14,1.679651,23.773222,0.063140,0.000000,0.000000,0.000000,610.442457
15,1.672578,23.540983,0.063140,0.000000,0.000000,0.000000,596.576139
16,1.664566,23.246857,0.063140,0.000000,0.000000,0.000000,616.607298
17,1.657262,22.942837,0.063140,0.000000,0.000000,0.000000,609.234257
18,1.649544,22.757040,0.063140,0.000000,0.000000,0.000000,597.621665
19,1.642112,22.466074,0.063140,0.000000,0.000000,0.000000,602.404741
20,1.634851,22.311386,0.063140,0.000000,0.000000,0.000000,609.587342
21,1.627500,22.137707,0.063140,0.000000,0.000000,0.000000,601.231071
22,1.620495,21.842373,0.063140,0.000000,0.000000,0.000000,607.864456
23,1.613293,21.599880,0.063140,0.000000,0.000000,0.000000,610.972656
24,1.606728,21.372135,0.063140,0.000000,0.000000,0.000000,600.018661
25,1.599567,21.161413,0.063140,0.000000,0.000000,0.000000,619.827247
26,1.592865,20.989506,0.063140,0.000000,0.000000,0.000000,628.495913
27,1.585788,20.775898,0.063140,0.000000,0.000000,0.000000,618.023986
28,1.579184,20.561260,0.063140,0.000000,0.000000,0.000000,615.501532
29,1.572721,20.224161,0.063140,0.000000,0.000000,0.000000,609.648397
30,1.566597,20.142206,0.063140,0.000000,0.000000,0.000000,606.842571
31,1.559192,19.877369,0.063140,0.000000,0.000000,0.000000,612.200269
32,1.552978,19.617853,0.063140,0.000000,0.000000,0.000000,602.375315
33,1.546643,19.467272,0.063140,0.000000,0.000000,0.000000,620.203584
34,1.540681,19.341364,0.063140,0.000000,0.000000,0.000000,617.771064
35,1.533877,19.108881,0.063140,0.000000,0.000000,0.000000,616.285872
36,1.528020,18.886721,0.063140,0.000000,0.000000,0.000000,613.149988
37,1.522202,18.751724,0.063140,0.000000,0.000000,0.000000,607.921086
38,1.515440,18.496059,0.063140,0.000000,0.000000,0.000000,612.381402
39,1.509844,18.364399,0.063140,0.000000,0.000000,0.000000,614.439424
40,1.504211,18.136829,0.063140,0.000000,0.000000,0.000000,629.995038
41,1.497861,18.002953,0.063140,0.000000,0.000000,0.000000,613.533408
42,1.492458,17.756130,0.063140,0.000000,0.000000,0.000000,625.051244
43,1.486744,17.520315,0.063140,0.000000,0.000000,0.000000,607.841314
44,1.480874,17.328281,0.063140,0.000000,0.000000,0.000000,605.511325
45,1.475295,17.145504,0.063140,0.000000,0.000000,0.000000,623.855569
46,1.469939,17.058731,0.063140,0.000000,0.000000,0.000000,610.946966
47,1.464171,16.813740,0.063140,0.000000,0.000000,0.000000,611.724393
48,1.458557,16.673016,0.063140,0.000000,0.000000,0.000000,625.939542
49,1.453399,16.469713,0.063140,0.000000,0.000000,0.000000,606.998756
50,1.448200,16.258785,0.063140,0.000000,0.000000,0.000000,595.541736
51,1.442672,16.161882,0.063140,0.000000,0.000000,0.000000,596.832183
52,1.437692,15.911721,0.063140,0.000000,0.000000,0.000000,590.015755
53,1.432664,15.696787,0.063140,0.000000,0.000000,0.000000,587.670410
54,1.427041,15.695549,0.063140,0.000000,0.000000,0.000000,592.771056
55,1.421854,15.486289,0.063140,0.000000,0.000000,0.000000,596.228834
56,1.413482,14.514468,0.063140,0.000000,0.037526,0.000000,612.685040
57,1.322120,16.679140,0.063140,0.000000,0.266184,0.004101,611.124144
58,1.234837,13.002592,0.069966,0.164493,0.255514,0.206769,607.716994
59,1.178743,14.935282,0.064846,0.019365,0.305633,0.039180,604.355552
60,1.142852,19.410173,0.063140,0.000000,0.174670,0.002341,612.397251
61,1.106818,24.028845,0.064278,0.039129,0.340625,0.056099,618.205328
62,1.077549,17.522121,0.064846,0.084383,0.325172,0.100384,598.257601
63,1.053957,14.296359,0.076223,0.347651,0.448192,0.375167,623.542949
64,1.035642,20.940807,0.069397,0.198368,0.414751,0.220678,616.685847
65,1.021270,10.232352,0.074516,0.387504,0.387760,0.380298,593.429860
66,0.994374,12.490122,0.078498,0.420418,0.590132,0.407013,612.057169
67,0.962858,14.374464,0.079636,0.415323,0.611388,0.435691,606.867366
68,0.950267,30.137724,0.071104,0.268873,0.385311,0.274292,593.721733
69,0.942209,8.981547,0.076792,0.387953,0.527957,0.394381,629.259697
70,0.929648,12.096365,0.079067,0.433801,0.651695,0.456258,606.415370
71,0.918495,17.342535,0.081342,0.403033,0.597952,0.424180,606.548956
72,0.909945,inf,0.073948,0.315039,0.438556,0.318009,614.502062
73,0.901650,12.042155,0.079636,0.429916,0.634972,0.448158,598.914190
74,0.890442,7.276497,0.072810,0.384859,0.421530,0.351955,623.410661
75,0.884897,6.114761,0.069966,0.360736,0.466515,0.305407,595.289626
76,0.876136,20.472408,0.075654,0.347100,0.511766,0.362797,608.595982
77,0.869252,9.531820,0.079636,0.436212,0.646796,0.451376,606.172896
78,0.860501,14.823482,0.072810,0.325343,0.488556,0.357400,620.999019
79,0.851774,12.373902,0.079067,0.409921,0.618551,0.435273,616.633070
80,0.846504,6.353561,0.073948,0.351995,0.568573,0.326386,625.495846
81,0.842003,9.874866,0.081342,0.462035,0.654151,0.448284,626.277288
82,0.834807,7.878399,0.079067,0.450100,0.661684,0.458790,605.317534
83,0.831860,18.676113,0.080205,0.404514,0.607638,0.428378,615.684969
84,0.825761,5.449585,0.068828,0.360125,0.400948,0.302721,575.268569
85,0.818605,16.266211,0.077929,0.407877,0.577474,0.420095,600.875854
86,0.811795,8.912448,0.080774,0.443700,0.628940,0.453497,604.842126
87,0.803891,13.069198,0.079636,0.413852,0.614840,0.434017,589.271691
88,0.802568,9.212621,0.082480,0.467801,0.660181,0.470903,572.100007
89,0.794902,11.361647,0.077929,0.404458,0.616235,0.427980,571.591987
90,0.791032,14.572596,0.080774,0.417425,0.613453,0.430320,608.243623
91,0.786744,7.847492,0.079636,0.478504,0.664397,0.450822,592.773263
92,0.779549,6.721310,0.078498,0.473664,0.645658,0.425671,594.920593
93,0.774833,19.747267,0.079067,0.361321,0.516043,0.366132,580.358672
94,0.770372,7.228046,0.081342,0.439733,0.600442,0.428055,589.199996
95,0.766128,14.228053,0.083618,0.426452,0.615720,0.424563,618.385014
96,0.759782,8.085180,0.081911,0.467676,0.677059,0.462968,647.789277
97,0.760359,11.976889,0.084755,0.466045,0.664339,0.470261,665.151731
98,0.750408,10.094028,0.083049,0.461664,0.689340,0.472233,654.854082
99,0.742693,6.977300,0.081342,0.478093,0.648689,0.438414,658.779785
100,0.744567,10.903930,0.084187,0.461041,0.670470,0.455954,665.367276
101,0.737776,10.056216,0.080205,0.417090,0.633235,0.430517,670.003646
102,0.735808,6.411718,0.085324,0.492581,0.643029,0.436984,662.787471
103,0.731562,8.401227,0.087031,0.471686,0.658064,0.451364,639.672209
104,0.722447,9.572798,0.084755,0.466430,0.681655,0.451242,659.984104
105,0.716725,9.665606,0.086462,0.463728,0.672616,0.440387,655.573746
106,0.714857,6.650128,0.080774,0.475140,0.652808,0.432297,635.851346
107,0.707255,5.593664,0.084755,0.459701,0.649618,0.408061,662.509104
108,0.707357,12.243663,0.082480,0.428183,0.635832,0.408749,681.502677
109,0.701028,6.531440,0.084755,0.493901,0.709995,0.439676,686.211235
110,0.700630,8.885243,0.084755,0.416789,0.622322,0.402290,673.543853
111,0.695808,10.875753,0.085324,0.394770,0.609993,0.354866,683.666003
112,0.689992,5.289681,0.079636,0.474649,0.621628,0.372790,666.598847
113,0.687604,10.473628,0.082480,0.421900,0.636992,0.379222,677.602190
114,0.682241,7.477972,0.086462,0.437180,0.642287,0.403059,631.811156
115,0.680884,5.440419,0.084187,0.447358,0.689517,0.403415,640.548247
116,0.679128,7.162800,0.085893,0.408866,0.674159,0.384379,637.285690
117,0.675207,8.877587,0.083618,0.380965,0.657049,0.366472,636.377649
118,0.666274,6.241239,0.084187,0.444591,0.710291,0.432955,616.864247
119,0.666214,5.122644,0.081342,0.415606,0.696035,0.399718,613.341030
120,0.660185,4.177104,0.076792,0.324113,0.666223,0.362853,631.748566
121,0.658436,8.422251,0.085324,0.235674,0.659780,0.334485,641.750953
122,0.655453,4.848465,0.078498,0.251072,0.692055,0.351563,627.133452
123,0.653119,6.372135,0.080205,0.264404,0.705132,0.363943,671.772726
124,0.650953,5.287937,0.076792,0.259561,0.687733,0.351638,618.058645
125,0.643724,6.775056,0.079067,0.218704,0.706332,0.346788,639.585472
126,0.644336,5.582922,0.077929,0.157271,0.711233,0.332519,605.992858
127,0.638086,5.331761,0.076792,0.157971,0.678376,0.314947,591.425625
128,0.636415,5.021689,0.072810,0.088674,0.693121,0.267285,575.417377
129,0.635553,5.306597,0.078498,0.092900,0.710837,0.263610,610.060147
130,0.630679,6.793689,0.079636,0.070180,0.687981,0.212984,629.806282
131,0.628151,5.990557,0.074516,0.055890,0.680227,0.237893,646.723277
132,0.626763,4.615531,0.076792,0.013096,0.712538,0.208956,614.165480
133,0.620755,5.740849,0.079067,0.007188,0.695177,0.195618,639.295295
134,0.616123,5.790456,0.077929,0.014057,0.703335,0.170519,653.007089
135,0.605415,8.776410,0.071672,-0.027111,0.562662,0.146323,642.994079
136,0.609557,5.968582,0.075654,0.060895,0.706385,0.182418,642.683122
137,0.610307,8.030747,0.076223,0.075572,0.690286,0.216371,632.159638
138,0.607529,5.182792,0.074516,0.092912,0.708066,0.189836,632.000548
139,0.600563,5.112278,0.072810,0.075940,0.714032,0.237804,634.953245
140,0.602684,7.785660,0.071672,0.078759,0.673304,0.143059,641.121142
141,0.599039,6.326230,0.075085,0.042579,0.706779,0.180386,634.883121
142,0.593680,3.494043,0.098976,-0.114826,0.585819,0.041625,636.486938
143,0.592533,6.040191,0.073948,0.051928,0.675459,0.187691,659.660259
144,0.592412,3.903152,0.080205,0.078799,0.725980,0.231124,646.381347
145,0.589980,5.937340,0.076792,0.114088,0.693198,0.198045,668.616963
146,0.584370,4.282864,0.075654,0.024937,0.725798,0.130704,639.797815
147,0.582015,6.787736,0.078498,0.128869,0.711160,0.188267,660.547140
148,0.581286,6.950605,0.077361,0.174540,0.689163,0.203186,630.247033
149,0.575368,5.860513,0.073948,0.035234,0.712456,0.193387,630.887739
150,0.573001,3.582129,0.075085,-0.012739,0.601515,0.028562,628.481389
151,0.569930,3.501157,0.071104,0.073283,0.706841,0.123793,625.522432
152,0.568997,4.270464,0.080205,0.081006,0.724734,0.141547,600.460646
153,0.567301,4.530077,0.067691,0.089120,0.727515,0.180593,600.350118
154,0.562870,3.315675,0.069966,0.081351,0.640587,0.047194,625.492219
