epoch,train_loss,avg_valid_loss,valid_accuracy,valid_kappa,valid_kappa_exp,valid_kappa_mc,time
1,1.443549,8.473051,0.408987,0.188386,0.189807,0.189807,528.091292
2,1.225632,9.578380,0.390216,0.208282,0.211498,0.211498,526.480720
3,1.170480,18.258389,0.087031,0.103679,0.104626,0.104626,525.569248
4,1.148761,6.769163,0.576223,0.370409,0.380813,0.380813,525.595285
5,1.117818,7.231617,0.734926,0.326636,0.329923,0.329923,525.510274
6,1.090796,10.938108,0.287258,0.222845,0.225098,0.225098,525.460621
7,1.075902,6.350648,0.650171,0.452372,0.459935,0.459935,523.345671
8,1.058088,10.301992,0.411263,0.300513,0.303565,0.303565,523.987383
9,1.045322,14.482998,0.294084,0.219950,0.222053,0.222053,523.978263
10,1.027713,7.344252,0.741183,0.462894,0.465511,0.465511,507.248022
11,1.017007,6.208297,0.657565,0.480632,0.489705,0.489705,521.459458
12,1.002562,9.558305,0.746303,0.376843,0.377783,0.377783,525.553177
13,0.991077,7.455029,0.678043,0.477882,0.487879,0.487879,525.082554
14,0.980745,9.936378,0.363481,0.284145,0.289071,0.289071,523.979195
15,0.968283,6.338803,0.714448,0.528132,0.532585,0.532585,525.510123
16,0.957182,10.341771,0.457338,0.343717,0.346343,0.346343,524.979737
17,0.939547,6.154405,0.681456,0.525126,0.527957,0.527957,524.826525
18,0.933166,7.550141,0.582480,0.453164,0.460308,0.460308,525.267897
19,0.924020,20.023596,0.184300,0.162427,0.163391,0.163391,527.090733
20,0.913354,6.952791,0.742890,0.489310,0.496375,0.496375,528.941559
21,0.907039,7.935606,0.748578,0.481696,0.486101,0.486101,527.295493
22,0.893935,6.553794,0.662685,0.511115,0.514742,0.514742,525.384415
23,0.886791,7.218852,0.736633,0.506687,0.513178,0.513178,525.610083
24,0.878586,5.548877,0.633106,0.479502,0.485317,0.485317,631.481490
25,0.866217,5.258434,0.654721,0.509457,0.513761,0.513761,525.601305
26,0.858401,9.229324,0.755404,0.415101,0.416552,0.416552,524.225689
27,0.855492,5.943931,0.691695,0.529449,0.539211,0.539211,526.113300
28,0.839500,5.302593,0.725825,0.561266,0.570057,0.570057,524.623232
29,0.833676,9.317675,0.427759,0.329990,0.333873,0.333873,523.094328
30,0.822181,5.207783,0.741752,0.584206,0.589435,0.589435,526.576508
31,0.815256,9.491793,0.388510,0.297766,0.302501,0.302501,527.786123
32,0.806129,12.553638,0.345279,0.246737,0.248245,0.248245,527.535399
33,0.795558,4.854347,0.736633,0.595718,0.601665,0.601665,528.940789
34,0.786540,9.390072,0.361206,0.300022,0.307417,0.307417,508.025069
35,0.779061,6.810796,0.581342,0.455313,0.460872,0.460872,601.789145
36,0.770676,7.763068,0.754266,0.528166,0.536276,0.536276,522.570720
37,0.761942,6.049483,0.735495,0.559091,0.560939,0.560939,525.357815
38,0.753942,9.708517,0.473834,0.325574,0.328684,0.328684,525.217940
39,0.749103,5.376454,0.766212,0.510802,0.516155,0.516155,547.935194
40,0.742485,13.991805,0.494881,0.294748,0.295511,0.295511,523.158690
41,0.732423,24.256510,0.165529,0.164775,0.166200,0.166200,523.084433
42,0.728262,19.413176,0.278726,0.195013,0.195557,0.195557,522.731671
43,0.723802,5.121864,0.612628,0.474706,0.485652,0.485652,526.358895
44,0.712159,4.918041,0.744027,0.614022,0.624114,0.624114,524.919315
45,0.707022,4.703806,0.688851,0.572648,0.580231,0.580231,526.130896
46,0.698001,9.455894,0.419795,0.303869,0.308280,0.308280,524.973722
47,0.695820,4.633592,0.776451,0.583445,0.588718,0.588718,584.922647
48,0.688227,4.851653,0.762230,0.602087,0.602521,0.602521,526.652831
49,0.675572,6.070451,0.760523,0.556797,0.563098,0.563098,522.862768
50,0.671123,9.786458,0.379977,0.300298,0.301530,0.301530,524.831186
51,0.665476,7.815681,0.519340,0.393084,0.403381,0.403381,524.211683
52,0.660582,4.925940,0.762799,0.599498,0.609709,0.609709,526.562861
53,0.656079,4.662571,0.752560,0.605637,0.616200,0.616200,524.180536
54,0.651334,4.453717,0.775882,0.615430,0.623180,0.623180,523.114885
55,0.642889,6.512581,0.658134,0.490749,0.494600,0.494600,616.671924
56,0.634817,7.358363,0.673493,0.505215,0.509435,0.509435,529.969211
57,0.628946,4.809987,0.723549,0.593286,0.604340,0.604340,528.045799
58,0.623864,5.644217,0.765074,0.578019,0.581184,0.581184,525.214728
59,0.617521,8.619953,0.480660,0.350225,0.357631,0.357631,524.822784
60,0.620799,4.062061,0.759954,0.625922,0.628799,0.628799,526.956190
61,0.610968,4.775179,0.780432,0.606259,0.608854,0.608854,628.958170
62,0.603977,5.445772,0.690557,0.560097,0.570052,0.570052,523.070227
63,0.600686,5.160752,0.697952,0.579546,0.582268,0.582268,528.649867
64,0.592229,4.692595,0.771331,0.591565,0.599732,0.599732,524.683620
65,0.585555,4.106369,0.763367,0.625511,0.630794,0.630794,523.325036
66,0.581577,6.254817,0.641638,0.504606,0.513488,0.513488,527.022486
67,0.572967,5.206959,0.765643,0.611590,0.620510,0.620510,527.282801
68,0.567588,12.482164,0.287827,0.248456,0.249652,0.249652,526.380776
69,0.561057,4.060573,0.755404,0.643754,0.649639,0.649639,632.861247
70,0.562791,5.128768,0.778726,0.539221,0.540787,0.540787,526.735854
71,0.561914,4.592556,0.714448,0.600094,0.606709,0.606709,523.228285
72,0.549177,15.545543,0.218999,0.187499,0.188197,0.188197,527.366516
73,0.546934,5.886381,0.664391,0.540670,0.548651,0.548651,523.975285
74,0.542184,5.206609,0.759954,0.573754,0.576515,0.576515,525.749579
75,0.541394,5.095391,0.766212,0.497516,0.496450,0.496450,524.829954
76,0.533179,4.995048,0.779863,0.562405,0.567319,0.567319,523.706284
77,0.529365,6.836024,0.523891,0.431813,0.441474,0.441474,525.580676
78,0.528421,6.831813,0.445961,0.354285,0.362154,0.362154,524.695754
79,0.523635,4.304382,0.750853,0.625980,0.637573,0.637573,525.601719
80,0.511674,4.249575,0.746303,0.600346,0.606495,0.606495,526.192894
81,0.515494,4.242761,0.730944,0.600065,0.611667,0.611667,638.919441
82,0.509431,5.918239,0.650171,0.488826,0.495496,0.495496,628.562554
83,0.504971,3.678600,0.761661,0.631216,0.638676,0.638676,533.631626
84,0.496756,5.768299,0.637088,0.536018,0.544750,0.544750,534.047293
85,0.493659,4.373482,0.777588,0.643453,0.652430,0.652430,599.687558
86,0.487963,4.160497,0.761092,0.640889,0.646548,0.646548,555.502924
87,0.489765,4.256742,0.753697,0.636735,0.644507,0.644507,617.786845
88,0.479479,5.454902,0.636519,0.519352,0.526749,0.526749,536.359472
89,0.481218,3.907994,0.773606,0.648226,0.647940,0.647940,532.908676
90,0.473237,4.578935,0.743458,0.625918,0.631073,0.631073,536.438649
91,0.469107,29.079435,0.088168,0.094931,0.094419,0.094419,536.751467
92,0.471021,4.552968,0.749147,0.602299,0.605681,0.605681,538.210398
93,0.465397,3.994361,0.769625,0.652457,0.659178,0.659178,534.701553
94,0.461799,5.729686,0.650171,0.514883,0.521055,0.521055,534.047827
95,0.457030,4.689424,0.779863,0.622000,0.624118,0.624118,532.169406
96,0.459260,3.467641,0.713311,0.595785,0.602483,0.602483,591.940477
97,0.452037,13.490469,0.312287,0.227358,0.229770,0.229770,533.447044
98,0.446548,4.069111,0.714448,0.597229,0.605851,0.605851,532.896578
99,0.443483,3.824862,0.763936,0.644210,0.658158,0.658158,531.167502
100,0.443273,4.344481,0.759954,0.608830,0.615781,0.615781,546.762575
101,0.435299,5.706588,0.606371,0.494033,0.498620,0.498620,662.525760
102,0.432377,3.840161,0.757679,0.650495,0.654180,0.654180,537.652876
103,0.433369,4.982314,0.696815,0.562481,0.571208,0.571208,528.738924
104,0.428022,3.806026,0.757110,0.614856,0.617347,0.617347,530.919062
105,0.424573,6.732714,0.568828,0.450756,0.454889,0.454889,527.599108
106,0.423502,4.295404,0.773606,0.592809,0.602079,0.602079,529.824094
107,0.418641,4.038272,0.761092,0.636224,0.640074,0.640074,527.300566
108,0.415831,4.492621,0.682594,0.560416,0.570594,0.570594,532.949238
109,0.411531,3.858810,0.741752,0.628225,0.635219,0.635219,529.366379
110,0.408253,3.756031,0.717292,0.593858,0.604669,0.604669,526.983681
111,0.408273,4.189807,0.753697,0.621941,0.626970,0.626970,526.232140
112,0.402729,3.864473,0.763367,0.622444,0.629321,0.629321,527.819072
113,0.402238,3.779956,0.730375,0.616276,0.629150,0.629150,528.378471
114,0.397334,3.840056,0.737770,0.631558,0.638711,0.638711,527.311099
115,0.392484,4.844795,0.764505,0.551397,0.548893,0.548893,529.180245
116,0.391220,3.865784,0.750284,0.628132,0.640556,0.640556,528.746255
117,0.386761,4.025010,0.670648,0.555580,0.555932,0.555932,531.048744
118,0.384274,3.195821,0.774744,0.647616,0.660875,0.660875,531.521866
119,0.386715,3.812389,0.768487,0.636835,0.638604,0.638604,530.778627
120,0.382294,3.531312,0.773038,0.653748,0.664491,0.664491,528.058161
121,0.377548,3.793338,0.705916,0.605746,0.615253,0.615253,526.994141
122,0.376445,3.398330,0.787258,0.609748,0.616836,0.616836,529.738146
123,0.373854,3.534430,0.763367,0.652575,0.660644,0.660644,528.116021
124,0.369151,3.704602,0.726962,0.608058,0.615581,0.615581,532.035162
125,0.366143,3.299784,0.794653,0.658446,0.662054,0.662054,528.470300
126,0.367831,6.172296,0.576223,0.433913,0.440670,0.440670,531.663481
127,0.365513,9.867967,0.365757,0.280135,0.283229,0.283229,529.008618
128,0.359763,3.798899,0.787258,0.622135,0.626304,0.626304,529.579009
129,0.357001,3.534928,0.749147,0.606344,0.611920,0.611920,528.966960
130,0.355440,3.406755,0.733788,0.611105,0.622313,0.622313,532.875456
131,0.352732,4.080213,0.717292,0.595026,0.598491,0.598491,530.384498
132,0.352422,3.289113,0.775882,0.623156,0.634724,0.634724,528.236335
133,0.349729,3.699378,0.761661,0.636357,0.643556,0.643556,529.325786
134,0.350642,3.544194,0.732651,0.628054,0.636532,0.636532,526.839014
135,0.345154,4.005008,0.727531,0.591294,0.601606,0.601606,526.536635
136,0.342007,3.607686,0.774175,0.629416,0.629676,0.629676,530.847594
137,0.345187,6.306426,0.475540,0.395769,0.404696,0.404696,527.556802
138,0.343721,3.284532,0.757110,0.649577,0.655594,0.655594,527.448977
139,0.340410,3.798640,0.758248,0.623872,0.630754,0.630754,528.336520
140,0.334583,5.009263,0.610922,0.505197,0.510284,0.510284,526.232869
141,0.335747,5.509565,0.574516,0.467606,0.474432,0.474432,527.271425
142,0.329524,3.506507,0.783276,0.620259,0.617601,0.617601,591.066918
143,0.330430,3.418401,0.739477,0.604307,0.612625,0.612625,526.877412
144,0.326100,3.524196,0.753697,0.626524,0.634281,0.634281,528.084845
145,0.327353,3.864115,0.674061,0.546250,0.557691,0.557691,527.128958
146,0.319614,3.996960,0.695108,0.588560,0.599819,0.599819,527.454115
147,0.323376,3.359421,0.730944,0.587223,0.600719,0.600719,529.726186
148,0.321070,3.381989,0.786689,0.649409,0.659902,0.659902,529.175341
149,0.317904,3.348344,0.771900,0.659021,0.666685,0.666685,527.122648
150,0.313699,3.269536,0.786121,0.657336,0.657396,0.657396,528.522212
151,0.311598,3.280915,0.764505,0.645596,0.651865,0.651865,527.205457
152,0.312777,3.067403,0.756542,0.622582,0.633932,0.633932,531.585614
153,0.314157,6.338906,0.521615,0.404483,0.406244,0.406244,527.985795
154,0.309208,3.588474,0.754266,0.600760,0.609346,0.609346,531.760600
155,0.310281,3.677900,0.690557,0.555276,0.569396,0.569396,532.262799
156,0.308569,3.646728,0.672924,0.556444,0.569036,0.569036,530.678364
157,0.304425,4.966204,0.571672,0.455227,0.458571,0.458571,531.252024
158,0.302488,3.773693,0.716724,0.617230,0.617927,0.617927,541.177449
159,0.298690,3.082790,0.783276,0.688488,0.688819,0.688819,646.486223
160,0.299440,5.863625,0.521047,0.398480,0.402763,0.402763,588.425586
161,0.297315,3.356735,0.748578,0.611710,0.618905,0.618905,661.695767
162,0.296982,3.189200,0.721843,0.587017,0.600823,0.600823,650.814722
163,0.296352,4.618943,0.633106,0.495884,0.505878,0.505878,611.972858
164,0.294122,3.260924,0.775882,0.677416,0.679814,0.679814,554.850549
165,0.290293,7.379338,0.468146,0.369115,0.371960,0.371960,575.157515
166,0.291628,5.912550,0.493743,0.390081,0.398165,0.398165,580.927968
167,0.285752,3.546628,0.746303,0.643537,0.651607,0.651607,629.006862
168,0.284778,5.689064,0.541524,0.424747,0.433305,0.433305,537.221168
169,0.289471,2.796975,0.765643,0.649643,0.658408,0.658408,535.907029
170,0.285385,6.446626,0.504551,0.414023,0.417757,0.417757,540.850606
171,0.286456,3.338345,0.781001,0.566587,0.574337,0.574337,561.177266
172,0.282620,3.177753,0.754266,0.629000,0.637862,0.637862,542.610756
173,0.281692,2.972116,0.737201,0.632886,0.640426,0.640426,611.344437
174,0.279880,3.684463,0.715017,0.589546,0.598409,0.598409,529.978670
175,0.278861,2.959739,0.766780,0.650474,0.659266,0.659266,528.654839
176,0.272043,2.954674,0.741752,0.633943,0.640155,0.640155,690.645690
177,0.273469,3.177334,0.699659,0.577228,0.589113,0.589113,589.085977
178,0.272124,4.294417,0.661547,0.540423,0.542676,0.542676,531.656896
179,0.274517,2.994179,0.781570,0.627553,0.634718,0.634718,533.439881
180,0.269887,6.445182,0.500569,0.383107,0.388225,0.388225,537.167075
181,0.270871,2.771852,0.779863,0.641191,0.651462,0.651462,535.477406
182,0.269440,3.907127,0.663823,0.549459,0.561402,0.561402,568.399457
183,0.265609,2.822979,0.777588,0.643392,0.648460,0.648460,540.553743
184,0.264036,3.104794,0.773606,0.623070,0.626372,0.626372,611.387800
185,0.262589,4.598068,0.631968,0.515453,0.528491,0.528491,528.087943
186,0.262309,3.931191,0.678612,0.541811,0.543555,0.543555,581.788861
187,0.262166,3.297639,0.686007,0.558691,0.572034,0.572034,532.928739
188,0.257572,2.899926,0.785552,0.624345,0.639205,0.639205,531.816635
189,0.262524,2.988689,0.775882,0.637808,0.647688,0.647688,528.129688
190,0.256305,3.012808,0.778157,0.627806,0.634350,0.634350,537.119289
191,0.256432,3.007788,0.710466,0.607792,0.616856,0.616856,532.641988
192,0.256208,2.892905,0.753697,0.654228,0.664479,0.664479,527.266232
193,0.256864,2.719100,0.774175,0.646739,0.655616,0.655616,525.515666
194,0.252058,3.041917,0.768487,0.627186,0.634623,0.634623,533.385228
195,0.252096,2.834340,0.787827,0.660877,0.664463,0.664463,527.415704
196,0.251781,2.653807,0.782139,0.660194,0.667154,0.667154,527.278210
197,0.252417,3.090155,0.728669,0.607785,0.616608,0.616608,531.389982
198,0.255729,4.928452,0.551195,0.431548,0.433615,0.433615,528.834871
199,0.249546,2.767141,0.748578,0.616384,0.619472,0.619472,528.524395
200,0.249727,3.216545,0.713879,0.601771,0.610714,0.610714,525.727621
201,0.249349,3.672102,0.679181,0.571012,0.576257,0.576257,528.044497
202,0.244724,3.101799,0.713879,0.611620,0.611247,0.611247,530.419743
203,0.245367,4.021699,0.609215,0.495654,0.503806,0.503806,527.522203
204,0.241024,2.832381,0.723549,0.640151,0.648403,0.648403,528.096779
205,0.241904,2.984994,0.701365,0.568319,0.577648,0.577648,531.348584
206,0.239732,2.945541,0.781570,0.574087,0.575903,0.575903,526.516827
207,0.245590,2.961895,0.721843,0.582394,0.593178,0.593178,529.846059
208,0.243369,2.538098,0.787827,0.651468,0.644574,0.644574,540.645328
209,0.240727,2.622969,0.794653,0.673205,0.678149,0.678149,531.712646
210,0.239037,2.909873,0.741183,0.620262,0.626278,0.626278,526.708773
211,0.239027,3.589947,0.650171,0.548360,0.552612,0.552612,526.950290
212,0.238590,2.729390,0.767918,0.643831,0.647459,0.647459,527.451288
213,0.237086,2.623060,0.778157,0.683450,0.682523,0.682523,531.454147
214,0.237632,2.792410,0.748578,0.631486,0.640865,0.640865,529.420310
215,0.238040,2.505942,0.791809,0.675177,0.680587,0.680587,527.921405
216,0.232949,2.789797,0.735495,0.648363,0.656276,0.656276,527.571151
217,0.235427,3.131322,0.712742,0.587243,0.594997,0.594997,526.589099
218,0.232684,2.849901,0.781001,0.640653,0.648037,0.648037,527.352162
219,0.231901,2.555284,0.734357,0.632739,0.645373,0.645373,527.371662
220,0.234861,2.269978,0.790671,0.640603,0.646886,0.646886,530.126206
221,0.230834,2.668592,0.775313,0.673982,0.688216,0.688216,533.498618
222,0.228538,2.730435,0.738908,0.645177,0.645454,0.645454,528.094314
223,0.229416,2.528979,0.785552,0.646676,0.654286,0.654286,518.759176
224,0.231089,2.500502,0.777588,0.665151,0.676824,0.676824,509.651038
225,0.235702,3.755926,0.667235,0.556126,0.557639,0.557639,568.967670
226,0.228005,3.126285,0.701934,0.570538,0.581875,0.581875,590.753922
227,0.227962,2.360256,0.794084,0.683437,0.688742,0.688742,572.463360
228,0.226159,2.410049,0.798635,0.689237,0.691905,0.691905,567.426458
229,0.223915,2.451579,0.754835,0.635478,0.647146,0.647146,577.608139
230,0.225189,3.376622,0.688851,0.557689,0.565520,0.565520,527.028900
231,0.227259,2.466752,0.758817,0.649055,0.656056,0.656056,526.094355
232,0.225124,2.595787,0.786689,0.607302,0.614513,0.614513,524.273558
233,0.223106,2.622143,0.780432,0.668617,0.673641,0.673641,570.369855
234,0.219720,2.476074,0.794653,0.684890,0.685755,0.685755,589.412462
235,0.221102,2.709574,0.737201,0.630714,0.638774,0.638774,577.768241
236,0.224312,3.467523,0.656428,0.512969,0.528608,0.528608,572.653014
237,0.223730,3.787421,0.626280,0.517137,0.528669,0.528669,580.255335
238,0.220116,2.541699,0.769056,0.671771,0.680393,0.680393,567.689094
239,0.216002,2.254928,0.762799,0.665086,0.673534,0.673534,530.549182
240,0.220538,2.554504,0.776451,0.654679,0.660080,0.660080,567.437290
241,0.222474,2.611682,0.790102,0.646730,0.649816,0.649816,581.079876
242,0.220746,2.338259,0.765643,0.667593,0.675438,0.675438,526.635449
243,0.218478,3.264095,0.700796,0.583498,0.590925,0.590925,578.148004
244,0.216233,2.769906,0.704209,0.601361,0.612416,0.612416,581.048948
245,0.220128,2.419764,0.777019,0.658268,0.666324,0.666324,584.019123
246,0.219288,3.108024,0.693402,0.587681,0.594142,0.594142,591.108891
247,0.215874,2.647178,0.778157,0.650290,0.649172,0.649172,579.659237
248,0.215510,2.091795,0.799204,0.669171,0.670878,0.670878,528.731815
249,0.219021,2.454441,0.746303,0.642979,0.650712,0.650712,530.661957
250,0.214158,2.912845,0.720705,0.602058,0.604982,0.604982,527.038705
1,0.200705,2.193299,0.778157,0.696452,0.699371,0.699371,528.626397
2,0.195480,2.290987,0.778726,0.694262,0.701432,0.701432,586.311658
3,0.193991,2.341560,0.774744,0.703589,0.705399,0.705399,566.900445
4,0.193269,2.187342,0.786121,0.702412,0.706640,0.706640,584.961264
5,0.190008,2.160113,0.770762,0.685066,0.690686,0.690686,527.259237
6,0.188955,2.322229,0.761092,0.677563,0.688026,0.688026,558.765860
7,0.189237,2.130528,0.786689,0.710388,0.720105,0.720105,565.897903
8,0.189757,2.408814,0.769056,0.690633,0.694118,0.694118,527.119655
9,0.187330,2.114987,0.793515,0.712498,0.711791,0.711791,569.348768
10,0.187394,2.113580,0.786689,0.704377,0.709147,0.709147,587.850275
11,0.187465,2.151718,0.779863,0.678309,0.691366,0.691366,594.207433
12,0.185837,2.127065,0.786689,0.691782,0.703603,0.703603,525.175674
13,0.185210,2.213562,0.798635,0.712524,0.711645,0.711645,524.725068
14,0.185032,2.282699,0.773038,0.686986,0.688295,0.688295,593.545898
15,0.183016,2.314734,0.775313,0.690849,0.702450,0.702450,526.216522
16,0.184443,2.254276,0.766780,0.675482,0.680752,0.680752,526.791042
17,0.184125,2.259167,0.771900,0.693327,0.699856,0.699856,528.294308
18,0.183322,2.254295,0.792947,0.715158,0.722758,0.722758,533.761236
19,0.182414,2.160594,0.789534,0.701400,0.708318,0.708318,528.676268
20,0.181373,2.110538,0.785552,0.695310,0.697493,0.697493,526.068268
21,0.182403,2.171660,0.784983,0.698382,0.704380,0.704380,526.220672
22,0.181231,2.090971,0.798635,0.696532,0.696942,0.696942,566.050508
23,0.181077,2.263420,0.775882,0.695092,0.700186,0.700186,544.864157
24,0.183068,2.241355,0.780432,0.688118,0.696802,0.696802,571.697966
25,0.180121,2.163385,0.786689,0.699243,0.708033,0.708033,556.978265
26,0.179839,2.013835,0.798066,0.711688,0.718332,0.718332,587.664869
27,0.178680,2.110553,0.800341,0.707812,0.704716,0.704716,604.102334
28,0.180067,2.166016,0.784414,0.705276,0.712829,0.712829,526.598665
29,0.181663,2.348696,0.754835,0.651803,0.656507,0.656507,525.975295
30,0.178618,2.295757,0.776451,0.685982,0.693580,0.693580,570.027668
31,0.178843,2.065295,0.784983,0.695004,0.706190,0.706190,574.812498
32,0.178617,2.157551,0.792947,0.713419,0.718235,0.718235,531.832475
33,0.178036,2.038187,0.798635,0.707943,0.718254,0.718254,526.113705
34,0.177380,2.153307,0.788396,0.706269,0.708807,0.708807,526.330585
35,0.177326,2.027985,0.793515,0.700622,0.704321,0.704321,595.054224
36,0.178013,2.151469,0.794084,0.706083,0.710170,0.710170,573.042233
37,0.177067,2.156779,0.787258,0.715926,0.722069,0.722069,561.270808
38,0.176562,2.105447,0.781001,0.695182,0.703891,0.703891,533.500942
39,0.175655,2.217558,0.759954,0.663713,0.668076,0.668076,571.200129
40,0.175648,2.127803,0.797497,0.726194,0.730363,0.730363,566.050225
41,0.174772,2.000942,0.803754,0.699171,0.706672,0.706672,531.567805
42,0.175344,2.123328,0.798635,0.714804,0.723115,0.723115,574.254108
43,0.175227,2.170665,0.781570,0.688147,0.693708,0.693708,586.773518
44,0.174654,2.384313,0.753129,0.660711,0.667515,0.667515,527.337089
45,0.173891,2.100984,0.787258,0.701515,0.707907,0.707907,582.635471
46,0.174149,2.188055,0.782139,0.696929,0.699856,0.699856,526.822421
47,0.174473,2.088023,0.785552,0.696299,0.707510,0.707510,587.472993
48,0.174311,2.310133,0.771331,0.676205,0.683388,0.683388,591.041154
49,0.174073,2.091660,0.789534,0.692672,0.700475,0.700475,503.577018
50,0.171904,2.144906,0.783845,0.691326,0.699957,0.699957,503.166650
51,0.173631,2.193425,0.778157,0.690790,0.695777,0.695777,504.053213
52,0.170724,2.194274,0.788965,0.707585,0.710048,0.710048,502.636638
53,0.171905,2.383025,0.746303,0.663337,0.672116,0.672116,503.831312
54,0.170069,2.144558,0.778157,0.698155,0.707783,0.707783,503.415211
55,0.170559,1.963222,0.800341,0.712309,0.711410,0.711410,504.900643
56,0.170321,2.092468,0.791809,0.712949,0.719939,0.719939,504.446936
57,0.171807,2.160551,0.795222,0.705843,0.715409,0.715409,504.100254
58,0.170685,1.969559,0.806030,0.722073,0.725441,0.725441,504.067574
59,0.171902,1.951120,0.796928,0.705730,0.714320,0.714320,503.522569
60,0.168867,2.153662,0.781570,0.698727,0.710498,0.710498,504.520404
61,0.169155,2.370946,0.761661,0.673571,0.682736,0.682736,504.567590
62,0.170587,1.978074,0.796928,0.708148,0.718190,0.718190,507.316230
63,0.169549,2.076270,0.790671,0.709010,0.713623,0.713623,504.401761
64,0.168620,2.145355,0.785552,0.693778,0.704793,0.704793,504.763341
65,0.169613,1.999867,0.801479,0.713129,0.717978,0.717978,504.421216
66,0.166610,2.088722,0.794084,0.713765,0.715413,0.715413,503.901571
67,0.168901,2.165987,0.779295,0.694524,0.700515,0.700515,505.204518
68,0.168572,2.128040,0.788396,0.723315,0.729841,0.729841,504.070978
69,0.167259,2.349445,0.760523,0.683743,0.688462,0.688462,503.830882
70,0.168180,2.110073,0.791809,0.713023,0.714998,0.714998,506.620357
71,0.168279,2.055179,0.776451,0.681214,0.689631,0.689631,503.030881
72,0.167086,2.341292,0.743458,0.657236,0.664810,0.664810,503.934807
73,0.168352,2.288056,0.773038,0.690035,0.693731,0.693731,503.608807
74,0.168202,2.667176,0.723549,0.624356,0.632123,0.632123,504.240034
75,0.167092,2.110538,0.773038,0.670720,0.682198,0.682198,503.796125
76,0.166079,2.067959,0.788396,0.704557,0.711340,0.711340,503.366417
77,0.166344,2.001941,0.786121,0.707136,0.713766,0.713766,504.036746
78,0.165114,1.982880,0.805461,0.701199,0.707284,0.707284,504.454772
79,0.165736,2.200628,0.769625,0.676554,0.682385,0.682385,503.495120
80,0.166965,2.303860,0.751422,0.637066,0.643406,0.643406,505.818683
81,0.165139,2.178472,0.765074,0.658005,0.662428,0.662428,504.690375
82,0.164986,2.017849,0.794653,0.714966,0.720549,0.720549,501.913604
83,0.165165,2.046196,0.796359,0.709825,0.713846,0.713846,504.296240
84,0.164961,1.998947,0.791809,0.705493,0.706690,0.706690,505.160374
85,0.164517,2.177283,0.780432,0.712689,0.717724,0.717724,504.489246
86,0.165353,2.096537,0.771331,0.685062,0.687548,0.687548,505.391506
87,0.165254,2.111507,0.802617,0.717454,0.725028,0.725028,503.181096
88,0.164716,2.041900,0.796928,0.720332,0.724331,0.724331,502.736984
89,0.164625,2.254061,0.757110,0.662130,0.668990,0.668990,505.188552
90,0.164048,2.067634,0.795222,0.697034,0.704868,0.704868,502.422956
91,0.163711,2.180856,0.772469,0.669944,0.675430,0.675430,506.526522
92,0.163107,1.971932,0.798635,0.709833,0.713566,0.713566,505.770176
93,0.162956,1.960503,0.800910,0.710707,0.714766,0.714766,514.739515
94,0.162711,1.968505,0.802617,0.716711,0.716863,0.716863,505.226436
95,0.160650,2.080247,0.774744,0.679620,0.683699,0.683699,518.078287
96,0.164492,2.116570,0.773606,0.682525,0.690679,0.690679,515.002481
97,0.162010,2.029190,0.791809,0.695733,0.696323,0.696323,510.066294
98,0.161715,2.037653,0.781570,0.692567,0.703637,0.703637,503.569189
99,0.162815,2.107047,0.774744,0.683525,0.692508,0.692508,510.519903
100,0.163181,2.288745,0.753697,0.650843,0.658614,0.658614,509.318571
101,0.162377,1.966712,0.792947,0.695759,0.701047,0.701047,513.058714
102,0.163264,2.132733,0.774175,0.679266,0.681936,0.681936,512.912064
103,0.161733,2.087259,0.776451,0.663691,0.669449,0.669449,516.121819
104,0.161265,2.191963,0.767918,0.680233,0.682028,0.682028,517.221048
105,0.160780,1.937680,0.795791,0.696524,0.703290,0.703290,524.290562
106,0.159748,2.331409,0.759386,0.672300,0.676742,0.676742,535.509760
107,0.160931,2.122652,0.751991,0.640324,0.652415,0.652415,524.820591
108,0.162090,2.056674,0.782708,0.692421,0.693374,0.693374,528.543466
109,0.159796,1.933951,0.798635,0.691607,0.699550,0.699550,511.603186
110,0.159300,1.887693,0.803754,0.703874,0.705436,0.705436,513.573833
111,0.160451,2.004771,0.792947,0.695136,0.701535,0.701535,514.538149
112,0.159632,1.977363,0.793515,0.706856,0.713547,0.713547,512.326455
113,0.159584,2.038143,0.783276,0.694056,0.696045,0.696045,512.131433
114,0.159291,2.168023,0.773606,0.671903,0.678535,0.678535,513.260625
115,0.158115,2.295902,0.763367,0.663816,0.674180,0.674180,512.879732
116,0.159176,2.095228,0.767918,0.668140,0.672204,0.672204,509.160225
117,0.159757,1.926141,0.800341,0.711155,0.721154,0.721154,507.356224
118,0.157890,2.101243,0.774175,0.671926,0.681578,0.681578,506.771021
119,0.158171,2.234668,0.765643,0.659894,0.672382,0.672382,506.772740
120,0.156967,2.148915,0.772469,0.667741,0.673843,0.673843,507.093125
121,0.159149,2.059238,0.767918,0.658233,0.664503,0.664503,508.712702
122,0.160440,1.941571,0.788396,0.700524,0.706799,0.706799,507.474504
123,0.159192,2.117040,0.761092,0.674185,0.683902,0.683902,506.794733
124,0.157630,2.304676,0.744596,0.646562,0.656882,0.656882,509.021714
125,0.157674,1.929394,0.796359,0.711995,0.720814,0.720814,512.256893
126,0.156163,2.132072,0.779295,0.687952,0.697830,0.697830,514.148603
127,0.156370,2.023895,0.780432,0.672823,0.682702,0.682702,513.279529
128,0.157192,1.946603,0.797497,0.693597,0.697040,0.697040,507.870066
129,0.158211,2.017652,0.777019,0.687034,0.691520,0.691520,506.312468
130,0.157627,2.618737,0.696815,0.590985,0.595181,0.595181,507.253270
131,0.156798,2.135962,0.771900,0.694607,0.699444,0.699444,508.492113
132,0.156974,1.965345,0.784983,0.694898,0.695429,0.695429,507.234254
133,0.155637,2.167506,0.766780,0.676772,0.684607,0.684607,506.310914
134,0.154064,1.981079,0.771331,0.666324,0.675949,0.675949,506.279479
135,0.154055,1.966587,0.775882,0.672119,0.680581,0.680581,506.593262
136,0.155868,2.127928,0.786121,0.679069,0.680177,0.680177,508.378356
137,0.154431,2.047890,0.794084,0.681684,0.685529,0.685529,506.401336
138,0.155136,1.900088,0.794084,0.710115,0.715675,0.715675,507.031780
139,0.156136,2.379535,0.736633,0.635265,0.642029,0.642029,514.335063
140,0.153776,2.024720,0.785552,0.688063,0.696118,0.696118,523.037866
141,0.154750,2.041178,0.794653,0.702834,0.703913,0.703913,525.956781
142,0.154426,2.071571,0.777019,0.677132,0.679668,0.679668,524.874031
143,0.153770,1.889943,0.803754,0.720694,0.723011,0.723011,507.786241
144,0.153083,2.022629,0.798066,0.714065,0.718786,0.718786,507.949980
145,0.153818,2.040055,0.782139,0.691687,0.696867,0.696867,519.924079
146,0.153671,1.981901,0.797497,0.700717,0.705521,0.705521,515.142530
147,0.152252,2.025050,0.790102,0.702759,0.709530,0.709530,506.887736
148,0.153590,1.918041,0.794653,0.706483,0.714997,0.714997,505.947134
149,0.154796,2.455788,0.740614,0.636835,0.644749,0.644749,507.141057
150,0.153823,2.242462,0.753129,0.652308,0.656208,0.656208,506.245739
151,0.153252,1.837480,0.801479,0.699556,0.707598,0.707598,506.926874
152,0.152605,2.052729,0.770762,0.667012,0.677170,0.677170,507.109808
153,0.152737,1.968519,0.793515,0.702107,0.707927,0.707927,506.032224
154,0.152690,2.164229,0.743458,0.648589,0.655874,0.655874,505.653954
155,0.153592,1.977286,0.788396,0.696198,0.701640,0.701640,506.850815
156,0.152976,1.945707,0.789534,0.709468,0.716733,0.716733,508.016478
157,0.152637,1.958629,0.781001,0.682489,0.688244,0.688244,506.546514
158,0.151587,1.993982,0.790102,0.683572,0.695000,0.695000,506.531516
159,0.152197,2.095694,0.772469,0.661868,0.671348,0.671348,507.053242
160,0.150635,2.006401,0.775313,0.670921,0.678300,0.678300,506.038055
161,0.152375,2.085428,0.779863,0.666838,0.669734,0.669734,507.004071
162,0.152082,1.920702,0.792947,0.681008,0.688899,0.688899,506.169139
163,0.150999,1.862341,0.788396,0.693754,0.707985,0.707985,505.584516
164,0.151452,1.957045,0.793515,0.700013,0.704600,0.704600,505.633306
165,0.152025,1.959124,0.806598,0.709879,0.718532,0.718532,506.446966
166,0.154428,1.955425,0.803185,0.681842,0.684172,0.684172,506.688656
1,0.147948,1.884697,0.796928,0.702102,0.708428,0.708428,515.741417
2,0.144268,1.842634,0.797497,0.712485,0.720277,0.720277,505.705401
3,0.143622,1.811555,0.792378,0.695568,0.705406,0.705406,523.261344
4,0.144729,1.787400,0.800341,0.706659,0.714008,0.714008,523.779387
5,0.142002,1.761493,0.799204,0.701626,0.707034,0.707034,528.341486
6,0.141170,1.854134,0.795222,0.689956,0.698810,0.698810,524.405968
7,0.140685,1.864818,0.798635,0.700247,0.704291,0.704291,524.221507
8,0.140959,1.821369,0.802048,0.709997,0.718121,0.718121,524.258972
9,0.139798,1.849300,0.797497,0.704193,0.709576,0.709576,522.728001
10,0.140874,1.840281,0.800910,0.701295,0.703081,0.703081,532.490465
11,0.139305,1.789210,0.797497,0.700946,0.702433,0.702433,530.668114
12,0.139104,1.777655,0.795222,0.696840,0.710336,0.710336,513.489886
13,0.139263,1.789529,0.800910,0.698066,0.707856,0.707856,506.021367
14,0.139529,1.765490,0.800341,0.704756,0.711858,0.711858,505.095469
15,0.138777,1.813242,0.802617,0.709482,0.715462,0.715462,509.490638
16,0.139530,1.791775,0.798635,0.704881,0.707870,0.707870,506.381898
17,0.139537,1.846237,0.799204,0.704327,0.707315,0.707315,506.639959
18,0.138653,1.866674,0.805461,0.713445,0.722809,0.722809,505.350005
19,0.138830,1.793011,0.810011,0.720707,0.725914,0.725914,503.829781
20,0.138254,1.776067,0.807167,0.712727,0.717427,0.717427,505.642770
21,0.139163,1.812375,0.801479,0.705050,0.709692,0.709692,505.402326
22,0.138018,1.750679,0.798066,0.701402,0.709882,0.709882,505.936978
23,0.138123,1.777610,0.798635,0.702839,0.711931,0.711931,505.203193
24,0.138710,1.830522,0.792378,0.683844,0.697622,0.697622,505.473667
25,0.137722,1.792955,0.799772,0.701803,0.708058,0.708058,506.081195
26,0.138073,1.811448,0.796359,0.696234,0.706090,0.706090,506.047001
27,0.137100,1.824381,0.807167,0.710007,0.715893,0.715893,505.008225
28,0.138594,1.835655,0.801479,0.709222,0.712944,0.712944,506.391458
29,0.137378,1.891899,0.792947,0.695196,0.697278,0.697278,505.210431
30,0.136862,1.832321,0.811149,0.721508,0.726618,0.726618,505.602553
31,0.136491,1.797773,0.793515,0.689495,0.698926,0.698926,505.641007
32,0.137904,1.795996,0.803185,0.718280,0.726833,0.726833,505.346023
33,0.136736,1.785856,0.799204,0.705120,0.713777,0.713777,505.096961
34,0.137132,1.820649,0.803754,0.704808,0.708246,0.708246,507.685841
35,0.137414,1.760116,0.789534,0.693113,0.697915,0.697915,506.209613
36,0.136535,1.806146,0.806030,0.719129,0.728427,0.728427,505.162612
37,0.136729,1.777676,0.793515,0.690694,0.698690,0.698690,505.752103
38,0.135435,1.817092,0.804323,0.710047,0.715491,0.715491,505.544352
39,0.137254,1.750422,0.799772,0.695841,0.706667,0.706667,504.886655
40,0.135817,1.808602,0.808874,0.716478,0.722845,0.722845,504.965102
41,0.135311,1.799554,0.790671,0.683818,0.694792,0.694792,505.072640
42,0.136515,1.812969,0.802048,0.711531,0.720948,0.720948,505.413173
43,0.136231,1.781734,0.802617,0.701411,0.708356,0.708356,505.581798
44,0.136665,1.789218,0.798635,0.701042,0.718195,0.718195,504.907664
45,0.136321,1.752724,0.793515,0.696438,0.702849,0.702849,504.592243
46,0.136999,1.837083,0.802617,0.712100,0.710212,0.710212,506.567428
47,0.137030,1.811244,0.799772,0.706280,0.713228,0.713228,506.492653
48,0.135672,1.756768,0.801479,0.705564,0.717970,0.717970,505.816243
49,0.136505,1.772892,0.800341,0.710807,0.714979,0.714979,505.942240
50,0.134886,1.768884,0.804892,0.704101,0.706882,0.706882,506.002217
51,0.136390,1.805786,0.804892,0.728455,0.731115,0.731115,505.248465
52,0.136079,1.829609,0.797497,0.709649,0.712702,0.712702,505.508043
53,0.135196,1.813286,0.799204,0.699162,0.709066,0.709066,504.973051
54,0.134610,1.811810,0.799772,0.700376,0.716152,0.716152,504.341965
55,0.135761,1.796966,0.801479,0.700585,0.710708,0.710708,506.454923
56,0.136087,1.797231,0.804323,0.714103,0.716805,0.716805,505.151453
57,0.135801,1.807808,0.806598,0.716249,0.715340,0.715340,505.187999
58,0.135039,1.808397,0.798066,0.698388,0.705052,0.705052,504.026280
59,0.135267,1.746286,0.806598,0.718613,0.721207,0.721207,504.742004
60,0.134697,1.821949,0.796359,0.704181,0.710942,0.710942,505.712786
61,0.134018,1.817753,0.801479,0.705929,0.713231,0.713231,504.585721
62,0.134658,1.792977,0.796359,0.712340,0.718557,0.718557,506.071691
63,0.135016,1.771819,0.803754,0.711335,0.714743,0.714743,504.145694
64,0.134149,1.723872,0.808305,0.725648,0.730369,0.730369,504.412267
65,0.134734,1.766474,0.796928,0.712211,0.722552,0.722552,503.891886
66,0.132885,1.774363,0.800341,0.698150,0.702266,0.702266,504.763619
67,0.134357,1.791476,0.806030,0.720756,0.720439,0.720439,506.305429
68,0.134858,1.796978,0.817406,0.737543,0.739487,0.739487,505.146082
69,0.133202,1.814678,0.804892,0.721185,0.727496,0.727496,505.764329
70,0.135069,1.773714,0.810580,0.721036,0.726777,0.726777,505.274730
71,0.134404,1.893351,0.794084,0.704250,0.709128,0.709128,504.094442
72,0.133811,1.799980,0.800910,0.719301,0.724679,0.724679,504.275633
73,0.134350,1.817039,0.802048,0.710933,0.714244,0.714244,503.898472
74,0.134877,1.832528,0.810011,0.730961,0.734806,0.734806,504.288537
75,0.134235,1.830881,0.798066,0.695813,0.704521,0.704521,505.282905
76,0.133751,1.889281,0.792947,0.694108,0.704716,0.704716,504.166319
77,0.135045,1.783506,0.795222,0.699383,0.707467,0.707467,503.938765
78,0.133712,1.799797,0.797497,0.705666,0.712901,0.712901,507.087693
79,0.134189,1.785593,0.799772,0.707930,0.712054,0.712054,504.624756
80,0.133546,1.741173,0.803754,0.708753,0.709957,0.709957,505.053539
81,0.133733,1.765547,0.793515,0.698005,0.699904,0.699904,505.655965
82,0.133746,1.797169,0.803754,0.712049,0.711130,0.711130,505.076331
83,0.133900,1.785816,0.795222,0.693764,0.698776,0.698776,504.693249
84,0.134734,1.805122,0.808874,0.723311,0.728733,0.728733,505.720882
85,0.133469,1.741495,0.808305,0.720102,0.723449,0.723449,505.319790
86,0.132815,1.784538,0.800341,0.703985,0.712415,0.712415,503.564507
87,0.133592,1.772176,0.803754,0.719462,0.724359,0.724359,504.377753
88,0.133749,1.829157,0.810011,0.720666,0.730739,0.730739,504.585875
89,0.133107,1.844143,0.803754,0.702072,0.704421,0.704421,506.245840
90,0.132434,1.825152,0.804323,0.713264,0.720792,0.720792,504.940003
91,0.131684,1.842262,0.794084,0.690800,0.691762,0.691762,504.343356
92,0.133320,1.757800,0.795222,0.693317,0.703370,0.703370,504.662200
93,0.133626,1.723614,0.800910,0.707905,0.715314,0.715314,505.187719
94,0.132947,1.829900,0.799204,0.692713,0.701998,0.701998,504.788535
95,0.131853,1.756135,0.795222,0.693763,0.699805,0.699805,504.595653
96,0.133745,1.776832,0.803754,0.711174,0.719777,0.719777,504.944875
97,0.132477,1.786342,0.791809,0.685456,0.687967,0.687967,504.454474
98,0.132518,1.745192,0.797497,0.703354,0.708817,0.708817,504.102382
99,0.132375,1.766698,0.803754,0.713205,0.715681,0.715681,506.820630
100,0.132891,1.754616,0.806030,0.717728,0.725519,0.725519,506.113224
101,0.133068,1.780356,0.800910,0.704443,0.709225,0.709225,505.143285
102,0.134322,1.811553,0.805461,0.716850,0.719561,0.719561,505.123632
103,0.132415,1.784288,0.793515,0.686468,0.693301,0.693301,505.461006
104,0.132746,1.824478,0.804323,0.715723,0.720639,0.720639,505.448894
105,0.132755,1.812229,0.804892,0.725960,0.723987,0.723987,505.387420
106,0.133101,1.836681,0.799772,0.706802,0.712242,0.712242,506.080078
107,0.132458,1.759804,0.796928,0.706054,0.716357,0.716357,505.921800
108,0.132615,1.798316,0.792947,0.698559,0.710874,0.710874,504.718017
109,0.131946,1.785917,0.799772,0.708875,0.712441,0.712441,505.723042
110,0.131165,1.826500,0.800910,0.709057,0.714862,0.714862,506.361300
111,0.132159,1.838844,0.796359,0.704454,0.706697,0.706697,504.972442
112,0.132305,1.738131,0.803754,0.707462,0.714795,0.714795,505.141881
113,0.132055,1.773566,0.797497,0.699463,0.705582,0.705582,505.039359
114,0.132307,1.771472,0.791240,0.695545,0.706048,0.706048,505.734743
115,0.132130,1.870864,0.798066,0.705630,0.707898,0.707898,505.715264
116,0.131222,1.769545,0.795791,0.690312,0.697788,0.697788,505.190339
117,0.132607,1.770023,0.799772,0.706645,0.717090,0.717090,504.479969
118,0.130933,1.760783,0.804323,0.713578,0.716344,0.716344,504.577991
119,0.131246,1.804064,0.803185,0.709876,0.715048,0.715048,504.630745
120,0.131687,1.796298,0.800341,0.700915,0.706173,0.706173,504.567665
121,0.131799,1.746347,0.801479,0.697253,0.704322,0.704322,505.382194
122,0.130751,1.747198,0.804892,0.715353,0.724845,0.724845,504.449614
123,0.131812,1.804275,0.804323,0.712650,0.717424,0.717424,504.824840
124,0.131950,1.798858,0.800341,0.701825,0.715056,0.715056,506.238827
125,0.132468,1.810722,0.792378,0.696561,0.699721,0.699721,504.696709
126,0.131863,1.799935,0.799772,0.705104,0.715329,0.715329,506.069148
127,0.130266,1.806412,0.806030,0.720837,0.722573,0.722573,506.751596
128,0.132394,1.799065,0.800341,0.696231,0.698682,0.698682,504.821326
129,0.131513,1.743031,0.808874,0.718345,0.727236,0.727236,505.713765
130,0.131537,1.741874,0.796359,0.707408,0.710135,0.710135,503.939185
131,0.131151,1.848706,0.798066,0.695241,0.701573,0.701573,505.016081
132,0.130537,1.786843,0.804892,0.715288,0.720631,0.720631,504.771679
133,0.130354,1.739100,0.803754,0.712397,0.721431,0.721431,505.343861
134,0.130137,1.802811,0.792378,0.692882,0.710672,0.710672,504.267240
135,0.130098,1.775543,0.796928,0.705337,0.713339,0.713339,516.641301
136,0.131308,1.809089,0.810580,0.722462,0.727624,0.727624,515.273301
137,0.130699,1.830860,0.792947,0.686962,0.695943,0.695943,505.322037
138,0.130693,1.796969,0.803185,0.720521,0.723550,0.723550,506.584112
139,0.129565,1.802203,0.802048,0.712755,0.722437,0.722437,504.799071
140,0.129077,1.745228,0.800341,0.702943,0.712048,0.712048,505.902537
141,0.130397,1.870014,0.802617,0.718242,0.723820,0.723820,504.565860
142,0.131217,1.751582,0.805461,0.715899,0.716283,0.716283,507.742322
143,0.130524,1.836446,0.806598,0.715626,0.713306,0.713306,505.564163
144,0.129339,1.772198,0.806030,0.719622,0.725324,0.725324,506.340245
145,0.130263,1.785871,0.803185,0.710323,0.713995,0.713995,505.345908
146,0.130208,1.805946,0.798066,0.712302,0.713509,0.713509,506.700319
147,0.129568,1.810271,0.800910,0.701804,0.709372,0.709372,505.162902
148,0.130123,1.821181,0.806598,0.720644,0.717916,0.717916,510.866557
149,0.131271,1.783481,0.796359,0.700076,0.707638,0.707638,510.638674
150,0.130026,1.793305,0.802617,0.698295,0.706514,0.706514,510.627266
151,0.130288,1.782608,0.802048,0.703087,0.707567,0.707567,506.300815
152,0.129239,1.746774,0.800341,0.703183,0.710844,0.710844,506.673198
153,0.129863,1.772053,0.803754,0.712035,0.718791,0.718791,505.573875
154,0.130182,1.744037,0.803185,0.699114,0.704829,0.704829,505.609468
155,0.129786,1.859476,0.801479,0.717256,0.719914,0.719914,505.686923
156,0.129698,1.770378,0.804323,0.704808,0.713763,0.713763,506.526683
157,0.130124,1.741871,0.793515,0.695277,0.699546,0.699546,506.540904
158,0.128926,1.795027,0.803754,0.707900,0.715715,0.715715,505.406420
159,0.129345,1.905346,0.806030,0.718633,0.716670,0.716670,505.788469
160,0.129303,1.723657,0.807167,0.706907,0.715801,0.715801,506.258109
161,0.129892,1.798219,0.805461,0.709703,0.715846,0.715846,505.072830
162,0.129431,1.865445,0.806598,0.721996,0.722622,0.722622,503.910839
163,0.129190,1.814249,0.795222,0.689513,0.700408,0.700408,506.506391
164,0.128893,1.788470,0.806598,0.714338,0.714291,0.714291,505.599386
165,0.129852,1.855689,0.799772,0.699858,0.705323,0.705323,505.993320
166,0.129402,1.787847,0.792378,0.688817,0.696486,0.696486,505.178025
167,0.130868,1.747928,0.800341,0.709199,0.710557,0.710557,505.223213
168,0.130060,1.837003,0.802048,0.702354,0.709796,0.709796,505.520785
169,0.130987,1.751827,0.799204,0.694734,0.701294,0.701294,507.144187
170,0.130341,1.807942,0.798635,0.703957,0.715489,0.715489,506.346146
171,0.131116,1.795144,0.803185,0.709260,0.715295,0.715295,505.440798
172,0.130506,1.782282,0.802617,0.708091,0.712259,0.712259,504.575801
173,0.130439,1.776715,0.800910,0.698680,0.703330,0.703330,505.124461
174,0.130210,1.749158,0.803185,0.702413,0.707831,0.707831,506.252437
175,0.130519,1.722625,0.806598,0.707138,0.709229,0.709229,505.045700
176,0.129927,1.737568,0.804323,0.720218,0.726214,0.726214,505.660489
177,0.131199,1.760624,0.793515,0.693622,0.698779,0.698779,505.590876
178,0.130330,1.761794,0.799772,0.702871,0.706616,0.706616,505.348728
179,0.131284,1.779818,0.796359,0.703727,0.710128,0.710128,505.438526
180,0.129369,1.779923,0.806598,0.712121,0.715586,0.715586,505.378623
181,0.129088,1.775769,0.806598,0.704849,0.712141,0.712141,505.838518
182,0.130245,1.714043,0.810011,0.722516,0.728867,0.728867,504.751992
183,0.129966,1.806811,0.805461,0.702812,0.706367,0.706367,504.831069
184,0.129535,1.779698,0.800341,0.692448,0.697420,0.697420,504.843885
185,0.130495,1.790412,0.800341,0.704603,0.712201,0.712201,504.981808
186,0.128511,1.764878,0.805461,0.704038,0.711849,0.711849,503.628383
187,0.130327,1.735079,0.802617,0.717335,0.725570,0.725570,505.213685
188,0.129499,1.772388,0.798635,0.687707,0.700521,0.700521,505.515708
189,0.130480,1.818936,0.800910,0.709361,0.712091,0.712091,504.541677
190,0.129208,1.777389,0.803185,0.707568,0.706763,0.706763,504.936202
191,0.129380,1.717555,0.797497,0.685960,0.695046,0.695046,505.585155
192,0.128653,1.711609,0.804892,0.706006,0.714052,0.714052,506.008828
193,0.129735,1.823637,0.797497,0.703969,0.706927,0.706927,506.117463
194,0.128928,1.728647,0.803754,0.698227,0.699931,0.699931,505.018092
195,0.129331,1.737628,0.806598,0.714867,0.717732,0.717732,504.643912
196,0.128732,1.793227,0.805461,0.703189,0.713323,0.713323,505.565442
197,0.130077,1.801955,0.802048,0.704992,0.705013,0.705013,504.418668
198,0.130054,1.823787,0.804323,0.708789,0.719734,0.719734,505.853037
199,0.128763,1.785284,0.796928,0.695357,0.704557,0.704557,506.131261
200,0.129145,1.755011,0.803754,0.700366,0.698338,0.698338,504.848308
201,0.129487,1.844387,0.805461,0.708166,0.709207,0.709207,504.154237
202,0.128765,1.777793,0.800341,0.701430,0.709181,0.709181,504.781009
203,0.128993,1.750263,0.800341,0.707783,0.712546,0.712546,505.377727
204,0.128018,1.791337,0.804892,0.707344,0.715827,0.715827,505.323508
205,0.127393,1.793815,0.805461,0.710563,0.712110,0.712110,504.001725
206,0.128659,1.786729,0.810580,0.713842,0.715515,0.715515,505.525225
207,0.129895,1.744157,0.804323,0.703611,0.714064,0.714064,505.420882
208,0.129680,1.774418,0.800910,0.709286,0.712928,0.712928,506.656863
209,0.129922,1.791778,0.806598,0.709321,0.714562,0.714562,505.809391
210,0.128992,1.732244,0.802617,0.721291,0.724303,0.724303,517.339189
211,0.128081,1.780438,0.803185,0.710819,0.716519,0.716519,521.380311
212,0.128825,1.807016,0.805461,0.699913,0.710883,0.710883,504.532210
213,0.128628,1.822220,0.807167,0.709286,0.714840,0.714840,506.278592
214,0.129168,1.781652,0.803754,0.706788,0.713826,0.713826,505.591908
215,0.128118,1.745095,0.803754,0.705970,0.708651,0.708651,506.882911
216,0.128675,1.763220,0.807167,0.712840,0.718796,0.718796,506.960450
217,0.127534,1.804006,0.810580,0.719181,0.730830,0.730830,506.029772
218,0.128167,1.815777,0.811718,0.723233,0.729808,0.729808,505.426481
219,0.127249,1.790590,0.803185,0.704284,0.701598,0.701598,506.964308
220,0.129079,1.723778,0.808874,0.729940,0.736096,0.736096,505.067352
221,0.127265,1.784924,0.803185,0.707861,0.713975,0.713975,505.489491
222,0.128173,1.838426,0.802048,0.704574,0.709941,0.709941,505.145522
223,0.127742,1.838044,0.805461,0.701787,0.702117,0.702117,507.303207
224,0.128306,1.779272,0.800341,0.704798,0.711461,0.711461,505.585400
225,0.129672,1.782871,0.802048,0.716094,0.719800,0.719800,505.773838
226,0.126703,1.800040,0.791809,0.680087,0.688062,0.688062,518.482462
227,0.127782,1.769341,0.797497,0.689731,0.698615,0.698615,523.574771
228,0.128360,1.748085,0.802617,0.706811,0.714629,0.714629,523.363653
229,0.127745,1.768625,0.803754,0.712308,0.718956,0.718956,523.011120
230,0.128271,1.754020,0.803185,0.703406,0.714700,0.714700,526.484544
231,0.127679,1.721566,0.798066,0.701209,0.710150,0.710150,523.380467
232,0.128471,1.730670,0.795222,0.702508,0.706891,0.706891,524.318522
233,0.128375,1.811865,0.799772,0.684228,0.691845,0.691845,523.948921
234,0.126954,1.750375,0.807167,0.712653,0.710169,0.710169,524.387688
235,0.127349,1.800283,0.803754,0.708094,0.711715,0.711715,524.742789
236,0.127005,1.759483,0.806030,0.707439,0.717785,0.717785,524.456624
237,0.128038,1.803323,0.807167,0.717022,0.723760,0.723760,523.108406
238,0.126918,1.816967,0.802048,0.700627,0.699335,0.699335,523.181812
239,0.126172,1.712847,0.802617,0.688907,0.691449,0.691449,522.951103
240,0.127012,1.804029,0.800910,0.701342,0.705251,0.705251,524.405226
241,0.126789,1.800510,0.799772,0.703510,0.712627,0.712627,524.561515
242,0.128118,1.778205,0.798635,0.696674,0.703832,0.703832,524.289497
243,0.127507,1.775059,0.810580,0.715381,0.716178,0.716178,529.621555
244,0.126546,1.827762,0.796928,0.691711,0.696867,0.696867,527.966208
245,0.127307,1.728092,0.810580,0.708377,0.711799,0.711799,522.941802
246,0.126811,1.835046,0.801479,0.702608,0.711357,0.711357,524.453593
247,0.127211,1.787260,0.810011,0.717961,0.719600,0.719600,523.827139
248,0.126541,1.735084,0.810011,0.707451,0.711916,0.711916,524.517570
249,0.126460,1.834933,0.808305,0.714455,0.721314,0.721314,526.251238
250,0.127259,1.812388,0.803754,0.712857,0.716043,0.716043,524.508113
251,0.126620,1.742895,0.807167,0.718924,0.722181,0.722181,523.943094
252,0.128334,1.750442,0.791240,0.689334,0.697357,0.697357,524.077108
253,0.126741,1.772251,0.803185,0.700558,0.709638,0.709638,524.584408
254,0.126734,1.803571,0.803754,0.706365,0.709425,0.709425,524.579711
255,0.126957,1.720859,0.796928,0.689030,0.693636,0.693636,523.249657
256,0.127173,1.800436,0.802048,0.705677,0.715348,0.715348,523.851073
257,0.126527,1.845809,0.800341,0.700469,0.709852,0.709852,523.120216
258,0.127737,1.818386,0.796928,0.700771,0.706421,0.706421,523.943909
259,0.128074,1.803590,0.802048,0.700625,0.709871,0.709871,522.604911
260,0.127932,1.723821,0.805461,0.709048,0.717843,0.717843,523.923709
261,0.127714,1.742310,0.808305,0.729213,0.733115,0.733115,523.418354
262,0.128013,1.747001,0.796928,0.698391,0.711688,0.711688,522.912611
263,0.126424,1.741950,0.808305,0.707143,0.708060,0.708060,523.417723
264,0.126891,1.771354,0.803754,0.709652,0.711282,0.711282,524.348000
265,0.127997,1.864699,0.801479,0.691629,0.690980,0.690980,523.948939
266,0.127421,1.764206,0.809443,0.714778,0.728032,0.728032,524.710340
267,0.126340,1.653319,0.805461,0.709218,0.714386,0.714386,522.957656
268,0.126992,1.822023,0.807736,0.718041,0.720910,0.720910,552.249775
269,0.127245,1.736286,0.807736,0.714411,0.723170,0.723170,524.955548
270,0.127439,1.759976,0.800341,0.695306,0.705634,0.705634,524.070223
271,0.126417,1.755516,0.805461,0.704337,0.705696,0.705696,524.390793
272,0.126412,1.755390,0.804323,0.702492,0.711700,0.711700,526.304187
273,0.127015,1.775350,0.804892,0.697738,0.708736,0.708736,524.172791
274,0.126244,1.761690,0.806030,0.703937,0.706864,0.706864,524.127356
275,0.126896,1.727659,0.801479,0.695104,0.699632,0.699632,523.125560
276,0.125716,1.803396,0.801479,0.694103,0.696564,0.696564,524.306276
277,0.126676,1.793751,0.804892,0.707534,0.715113,0.715113,523.136489
278,0.125774,1.776669,0.804323,0.709091,0.710474,0.710474,540.947675
279,0.126884,1.755991,0.807167,0.708643,0.717087,0.717087,524.161182
280,0.126082,1.750163,0.802617,0.696960,0.700291,0.700291,522.878366
281,0.126248,1.790448,0.798066,0.693319,0.702891,0.702891,531.765939
282,0.125739,1.758384,0.810580,0.725648,0.729786,0.729786,528.096945
283,0.126354,1.756262,0.809443,0.716120,0.716036,0.716036,525.802307
284,0.126058,1.727392,0.808874,0.725830,0.733910,0.733910,583.474490
285,0.125257,1.770655,0.809443,0.707847,0.715321,0.715321,522.704706
286,0.126847,1.751499,0.803185,0.706031,0.714153,0.714153,523.995547
287,0.125459,1.751697,0.810011,0.706142,0.706250,0.706250,522.701063
288,0.126157,1.797388,0.809443,0.719957,0.720810,0.720810,522.924981
289,0.125897,1.783090,0.799772,0.699216,0.700700,0.700700,523.952613
290,0.126055,1.678192,0.808305,0.713208,0.714075,0.714075,522.493194
291,0.126326,1.732840,0.802048,0.696591,0.699122,0.699122,523.583279
292,0.125809,1.735806,0.811149,0.710229,0.711587,0.711587,523.456705
293,0.126471,1.749967,0.804892,0.696938,0.699525,0.699525,523.201368
294,0.125767,1.805079,0.797497,0.698446,0.703518,0.703518,522.758447
295,0.125948,1.765133,0.793515,0.687193,0.690908,0.690908,542.876115
296,0.125787,1.738019,0.804323,0.714435,0.717887,0.717887,522.645204
297,0.125335,1.816266,0.807167,0.713965,0.716964,0.716964,523.619448
298,0.125220,1.816976,0.800341,0.696568,0.700541,0.700541,522.902369
299,0.125123,1.802661,0.800341,0.700717,0.709648,0.709648,524.297223
300,0.125748,1.752731,0.799204,0.695943,0.707795,0.707795,523.648176
301,0.125259,1.808882,0.794653,0.696811,0.710286,0.710286,523.429541
302,0.124533,1.774642,0.804892,0.703299,0.711060,0.711060,523.805838
303,0.125008,1.788655,0.799772,0.697144,0.707639,0.707639,523.002613
304,0.126031,1.778696,0.799204,0.697914,0.702916,0.702916,539.498834
305,0.125199,1.775131,0.812287,0.717256,0.719985,0.719985,524.215346
306,0.125301,1.776095,0.799772,0.697758,0.699191,0.699191,523.404155
307,0.125074,1.777884,0.800910,0.700127,0.703470,0.703470,523.361491
308,0.123969,1.686435,0.809443,0.703291,0.705194,0.705194,522.807526
309,0.124825,1.755816,0.800341,0.695148,0.699999,0.699999,522.517379
310,0.123967,1.811454,0.805461,0.707181,0.713041,0.713041,556.189867
311,0.125735,1.786157,0.810580,0.711524,0.716178,0.716178,522.565501
312,0.124209,1.725214,0.807167,0.704794,0.708266,0.708266,523.528746
313,0.124924,1.718366,0.799204,0.696917,0.704265,0.704265,524.228876
314,0.125849,1.758980,0.799772,0.696220,0.703281,0.703281,525.249409
315,0.125046,1.805917,0.800341,0.695739,0.702888,0.702888,534.226966
316,0.125270,1.728510,0.810011,0.712254,0.716361,0.716361,522.948015
317,0.126128,1.786516,0.803754,0.697227,0.700653,0.700653,524.387030
318,0.123440,1.744638,0.808305,0.716677,0.716787,0.716787,523.947947
319,0.124704,1.759532,0.807167,0.714821,0.716420,0.716420,524.090746
320,0.124760,1.769026,0.808305,0.711238,0.716211,0.716211,522.883061
321,0.125183,1.723322,0.807167,0.694917,0.707145,0.707145,524.966104
322,0.124861,1.749875,0.811149,0.711022,0.718896,0.718896,532.873724
323,0.124899,1.736734,0.808305,0.709319,0.709126,0.709126,552.508468
324,0.125086,1.823626,0.798635,0.693647,0.697036,0.697036,526.587716
325,0.124157,1.748748,0.808305,0.713829,0.716414,0.716414,524.622329
326,0.124206,1.743601,0.806030,0.715611,0.722241,0.722241,525.487562
327,0.124939,1.750659,0.808305,0.707865,0.715427,0.715427,523.782032
328,0.123803,1.751241,0.811149,0.714280,0.723618,0.723618,523.649702
329,0.124887,1.772112,0.798635,0.696133,0.703037,0.703037,523.843477
330,0.124707,1.722314,0.804323,0.695659,0.698072,0.698072,523.116288
331,0.124269,1.723709,0.810580,0.718926,0.722830,0.722830,523.108999
332,0.124288,1.750943,0.804892,0.701247,0.708688,0.708688,524.886472
333,0.124430,1.778838,0.803185,0.695771,0.701881,0.701881,523.510959
334,0.123944,1.740400,0.805461,0.704227,0.710863,0.710863,523.734077
335,0.124157,1.741743,0.804892,0.702110,0.714047,0.714047,524.962807
336,0.124322,1.745600,0.797497,0.689577,0.706402,0.706402,524.076389
337,0.125145,1.719341,0.803185,0.698844,0.705746,0.705746,522.240250
338,0.123741,1.771571,0.811149,0.716292,0.724974,0.724974,525.058580
339,0.124713,1.769801,0.794653,0.691304,0.697345,0.697345,576.720000
340,0.124710,1.826059,0.794653,0.676867,0.684593,0.684593,523.174359
341,0.123149,1.756450,0.803185,0.716033,0.720423,0.720423,522.802700
342,0.124457,1.751877,0.811149,0.715740,0.719230,0.719230,523.697971
343,0.123724,1.726953,0.811718,0.716420,0.720151,0.720151,525.648538
344,0.123557,1.780390,0.799204,0.694232,0.701265,0.701265,522.863411
345,0.123173,1.769287,0.801479,0.698213,0.700321,0.700321,524.707727
346,0.123644,1.768576,0.799772,0.688330,0.701347,0.701347,522.880137
347,0.123598,1.786734,0.799772,0.690160,0.701665,0.701665,522.745811
348,0.123269,1.737350,0.797497,0.694604,0.701672,0.701672,524.225305
349,0.124838,1.745684,0.810580,0.710342,0.716480,0.716480,523.622072
350,0.123432,1.759470,0.808305,0.709935,0.711329,0.711329,526.228953
351,0.123813,1.698561,0.796359,0.675458,0.681097,0.681097,523.754598
352,0.123916,1.797958,0.797497,0.696814,0.703542,0.703542,524.681210
353,0.123672,1.796579,0.804892,0.705311,0.712741,0.712741,522.181741
354,0.123567,1.712837,0.809443,0.705419,0.712712,0.712712,523.092860
355,0.123961,1.760262,0.796928,0.690612,0.693184,0.693184,522.416187
356,0.124299,1.749875,0.806598,0.707184,0.712250,0.712250,522.594294
357,0.123134,1.743530,0.798066,0.691201,0.700772,0.700772,526.145248
358,0.124133,1.810597,0.807167,0.709011,0.710771,0.710771,523.981124
359,0.123801,1.707866,0.802048,0.693701,0.698093,0.698093,523.080221
360,0.122973,1.747681,0.796359,0.692198,0.698800,0.698800,523.866849
361,0.122346,1.742887,0.802048,0.703847,0.707723,0.707723,522.696120
362,0.122658,1.796870,0.807736,0.707294,0.707922,0.707922,523.411226
363,0.123738,1.682081,0.804892,0.713718,0.717557,0.717557,523.556421
364,0.123304,1.766802,0.801479,0.692345,0.700578,0.700578,524.059963
365,0.123763,1.870823,0.802617,0.699018,0.708699,0.708699,521.509711
366,0.123900,1.780970,0.799204,0.697815,0.695568,0.695568,567.731931
367,0.122709,1.719782,0.805461,0.698013,0.708917,0.708917,522.294406
368,0.122042,1.736551,0.800910,0.690125,0.701213,0.701213,531.150880
369,0.121930,1.677459,0.812287,0.712935,0.721971,0.721971,522.730823
370,0.122315,1.723066,0.806030,0.707479,0.708413,0.708413,523.626765
371,0.122772,1.739060,0.804323,0.706574,0.715605,0.715605,571.541075
372,0.123127,1.803158,0.799772,0.693345,0.698042,0.698042,522.801987
373,0.122593,1.784689,0.796928,0.689465,0.701437,0.701437,523.188540
374,0.122040,1.733788,0.812287,0.717695,0.721560,0.721560,523.076957
375,0.123622,1.707751,0.808874,0.707018,0.717153,0.717153,526.131352
376,0.122460,1.789876,0.802617,0.707101,0.712158,0.712158,523.192585
377,0.123377,1.800478,0.801479,0.691531,0.700280,0.700280,523.423268
378,0.122141,1.808070,0.807167,0.704402,0.710141,0.710141,523.252547
379,0.121594,1.778803,0.807167,0.708653,0.718409,0.718409,524.163136
380,0.122279,1.790829,0.799772,0.690256,0.696407,0.696407,523.474190
381,0.122218,1.704152,0.799204,0.702936,0.711336,0.711336,547.514184
382,0.123673,1.706993,0.797497,0.692602,0.698137,0.698137,523.107233
383,0.122562,1.772146,0.809443,0.708060,0.714754,0.714754,523.187932
384,0.122138,1.744060,0.803754,0.713705,0.717463,0.717463,524.879019
385,0.121778,1.790522,0.807167,0.712047,0.717213,0.717213,523.266737
386,0.122783,1.732231,0.804323,0.703920,0.707133,0.707133,523.605443
387,0.122714,1.793924,0.800910,0.705914,0.709033,0.709033,524.009717
388,0.121143,1.744241,0.802048,0.697171,0.708411,0.708411,523.404933
389,0.121488,1.757707,0.794084,0.689077,0.696713,0.696713,523.202454
390,0.122031,1.788637,0.806598,0.701115,0.708605,0.708605,522.799983
391,0.123120,1.786238,0.799772,0.696391,0.702661,0.702661,521.955203
392,0.122471,1.730654,0.805461,0.714642,0.716939,0.716939,525.364174
393,0.122385,1.733479,0.806598,0.705297,0.706957,0.706957,523.113193
394,0.122423,1.776820,0.795791,0.701407,0.713510,0.713510,523.625444
395,0.122683,1.762032,0.804892,0.714297,0.717210,0.717210,522.736473
396,0.121719,1.778789,0.808305,0.709745,0.718234,0.718234,523.616141
397,0.122254,1.774042,0.802048,0.701725,0.709485,0.709485,524.702241
398,0.121980,1.780951,0.808874,0.707585,0.712156,0.712156,546.883688
399,0.121634,1.744179,0.800910,0.698092,0.704887,0.704887,522.190772
400,0.121757,1.813125,0.800910,0.694255,0.703358,0.703358,524.031666
401,0.122096,1.832850,0.804323,0.709471,0.707178,0.707178,523.708688
402,0.122798,1.831698,0.801479,0.700615,0.701466,0.701466,523.121705
403,0.122585,1.827654,0.804323,0.706813,0.708484,0.708484,527.429196
404,0.122554,1.746491,0.815700,0.728493,0.731612,0.731612,527.481552
405,0.121872,1.734827,0.806030,0.710413,0.715396,0.715396,528.208254
406,0.122898,1.830638,0.807736,0.709492,0.714802,0.714802,523.439691
407,0.122354,1.697436,0.806030,0.702894,0.710187,0.710187,524.793317
408,0.122166,1.785716,0.801479,0.695009,0.697663,0.697663,524.461695
409,0.122262,1.751360,0.803754,0.708166,0.707973,0.707973,523.644569
410,0.121596,1.753967,0.807167,0.716005,0.722437,0.722437,524.520045
411,0.121954,1.771506,0.806598,0.706925,0.711641,0.711641,530.636084
412,0.122768,1.771050,0.807167,0.710714,0.711103,0.711103,523.177602
413,0.122073,1.789849,0.800910,0.692067,0.695530,0.695530,523.609421
414,0.121879,1.751406,0.809443,0.721820,0.730936,0.730936,522.320309
415,0.120775,1.760683,0.811718,0.719262,0.721831,0.721831,523.598889
416,0.120664,1.753554,0.800910,0.707479,0.714792,0.714792,522.238676
417,0.122630,1.744431,0.799772,0.700751,0.706191,0.706191,563.774664
418,0.121300,1.713568,0.804323,0.713961,0.717962,0.717962,523.466465
419,0.121787,1.739819,0.796928,0.696980,0.704342,0.704342,522.495414
420,0.121734,1.751350,0.816268,0.730045,0.730028,0.730028,523.193151
421,0.121725,1.760657,0.806030,0.709068,0.714029,0.714029,522.645317
422,0.120817,1.807065,0.807736,0.710647,0.713106,0.713106,523.280619
423,0.121650,1.780759,0.798066,0.701440,0.707102,0.707102,524.521404
424,0.121361,1.765923,0.808874,0.708449,0.715200,0.715200,524.668731
425,0.121102,1.801119,0.808874,0.717479,0.725013,0.725013,525.154635
426,0.120912,1.693173,0.809443,0.712512,0.717427,0.717427,522.890861
427,0.121069,1.787100,0.800910,0.715458,0.718588,0.718588,523.320353
428,0.120515,1.754251,0.804892,0.720634,0.724114,0.724114,522.737602
429,0.121635,1.755469,0.802048,0.684370,0.692083,0.692083,522.046923
430,0.122066,1.714195,0.802617,0.699041,0.703733,0.703733,523.364921
431,0.121921,1.836055,0.806030,0.701652,0.712538,0.712538,522.173587
432,0.122043,1.758398,0.803185,0.701774,0.704771,0.704771,522.554649
433,0.121643,1.739117,0.800341,0.698393,0.702093,0.702093,523.889909
434,0.120285,1.697189,0.799204,0.696522,0.704403,0.704403,523.344959
435,0.121356,1.852585,0.803185,0.709681,0.716181,0.716181,524.112492
436,0.120978,1.796874,0.807167,0.713847,0.714286,0.714286,526.161146
437,0.121345,1.783697,0.805461,0.705655,0.705666,0.705666,523.762556
438,0.120558,1.730867,0.808874,0.708575,0.711327,0.711327,523.816883
439,0.121995,1.830925,0.797497,0.689558,0.696582,0.696582,523.915739
440,0.121523,1.760357,0.804892,0.701664,0.707381,0.707381,523.177420
441,0.120975,1.763449,0.807736,0.705809,0.709985,0.709985,523.760323
442,0.119872,1.806135,0.804323,0.695094,0.701052,0.701052,522.979614
443,0.120621,1.824465,0.809443,0.710840,0.712682,0.712682,523.511676
444,0.120640,1.744798,0.810580,0.707007,0.712817,0.712817,523.423578
445,0.119744,1.793202,0.804323,0.698011,0.709313,0.709313,523.645944
446,0.120139,1.747292,0.801479,0.693810,0.702874,0.702874,522.454649
447,0.121267,1.725105,0.808874,0.721280,0.725039,0.725039,523.374849
448,0.120839,1.742976,0.799204,0.703997,0.705275,0.705275,524.141003
449,0.120726,1.753819,0.804892,0.712545,0.717403,0.717403,522.320638
450,0.120778,1.798594,0.796359,0.692979,0.703663,0.703663,523.195184
451,0.121004,1.756201,0.803754,0.699107,0.703855,0.703855,523.165705
452,0.120557,1.777043,0.803185,0.693807,0.698039,0.698039,530.634281
453,0.121120,1.848725,0.800910,0.697856,0.705097,0.705097,522.656440
454,0.120267,1.781834,0.801479,0.694571,0.697398,0.697398,522.892750
455,0.120850,1.757869,0.795222,0.692391,0.701671,0.701671,523.399566
456,0.120241,1.784065,0.810011,0.724352,0.723202,0.723202,523.968012
457,0.121207,1.677862,0.810580,0.703985,0.717370,0.717370,522.193609
458,0.120656,1.721614,0.809443,0.711428,0.717391,0.717391,523.152073
459,0.120242,1.752580,0.800341,0.698953,0.705100,0.705100,530.953491
460,0.120109,1.749492,0.808874,0.718742,0.719807,0.719807,522.439437
461,0.119957,1.742640,0.804323,0.700235,0.701818,0.701818,523.298431
462,0.120247,1.780389,0.810011,0.714265,0.719246,0.719246,522.689035
463,0.119949,1.763705,0.798635,0.692379,0.701898,0.701898,522.518185
464,0.120003,1.809004,0.805461,0.700896,0.709472,0.709472,523.725241
465,0.119364,1.784911,0.808305,0.703873,0.708112,0.708112,524.700332
466,0.118848,1.772375,0.803754,0.702556,0.709948,0.709948,523.034082
467,0.120035,1.785451,0.808874,0.705725,0.707800,0.707800,524.611119
468,0.119919,1.758515,0.803754,0.710070,0.716417,0.716417,522.682498
469,0.121088,1.689789,0.802048,0.706849,0.714637,0.714637,524.939736
470,0.119461,1.671575,0.804323,0.701627,0.712615,0.712615,525.052044
471,0.119518,1.794849,0.807167,0.707224,0.715007,0.715007,544.923779
472,0.121414,1.736268,0.798635,0.700070,0.698172,0.698172,528.173398
473,0.119569,1.726911,0.810011,0.715074,0.719040,0.719040,525.346418
474,0.119013,1.769731,0.804892,0.712207,0.717806,0.717806,526.393701
475,0.120257,1.726541,0.804892,0.703696,0.710228,0.710228,525.490803
476,0.120588,1.747786,0.808874,0.714544,0.718577,0.718577,524.800459
477,0.119192,1.732655,0.811149,0.717074,0.720772,0.720772,526.650732
478,0.119355,1.791599,0.802048,0.698661,0.700536,0.700536,524.696974
479,0.120013,1.836168,0.796359,0.686748,0.696058,0.696058,525.166629
480,0.120178,1.692528,0.801479,0.693317,0.698472,0.698472,526.227287
481,0.119621,1.763201,0.812856,0.718281,0.721481,0.721481,551.476093
482,0.119072,1.704961,0.807167,0.712858,0.718411,0.718411,524.674457
483,0.118649,1.760921,0.804892,0.715172,0.713367,0.713367,526.540500
484,0.120242,1.767359,0.810580,0.713691,0.715562,0.715562,524.614277
485,0.119654,1.746828,0.812856,0.730915,0.732819,0.732819,525.254308
486,0.119183,1.731039,0.812856,0.710441,0.717548,0.717548,526.632296
487,0.119462,1.749940,0.802617,0.704813,0.709926,0.709926,525.031800
488,0.119887,1.806318,0.799772,0.700363,0.704868,0.704868,524.704015
489,0.118601,1.772738,0.811149,0.709391,0.711368,0.711368,571.832581
490,0.119094,1.731437,0.807167,0.720708,0.723797,0.723797,524.598088
491,0.119078,1.684377,0.800910,0.697043,0.703833,0.703833,524.783390
492,0.118038,1.692766,0.804892,0.697927,0.702318,0.702318,526.014798
493,0.118596,1.780623,0.809443,0.713129,0.716958,0.716958,524.746822
494,0.119679,1.799906,0.800910,0.691199,0.694421,0.694421,524.586003
495,0.119182,1.829880,0.798635,0.694910,0.705475,0.705475,526.505456
496,0.119102,1.777385,0.804892,0.706552,0.711774,0.711774,524.567424
497,0.119160,1.807175,0.796359,0.687516,0.695513,0.695513,525.028338
498,0.118795,1.807256,0.814562,0.714750,0.717865,0.717865,541.305825
499,0.117858,1.719712,0.799772,0.695555,0.698322,0.698322,526.129223
500,0.118630,1.798437,0.807167,0.715538,0.723029,0.723029,530.172063
501,0.119184,1.736442,0.804323,0.699896,0.710115,0.710115,525.950071
502,0.118321,1.712324,0.794653,0.678573,0.686999,0.686999,524.631644
503,0.119065,1.782703,0.791240,0.682300,0.688429,0.688429,524.421127
504,0.119159,1.752944,0.806030,0.704971,0.709064,0.709064,525.915646
505,0.118552,1.719144,0.811718,0.714836,0.720259,0.720259,524.383462
506,0.119216,1.781522,0.796928,0.692411,0.693546,0.693546,525.172767
507,0.118884,1.744015,0.805461,0.697026,0.701182,0.701182,526.096755
508,0.119623,1.782804,0.800341,0.702667,0.706086,0.706086,524.774679
509,0.118183,1.743728,0.809443,0.705111,0.712124,0.712124,586.954819
510,0.118039,1.778690,0.804323,0.702366,0.704627,0.704627,525.966705
511,0.118964,1.697218,0.815700,0.725105,0.727822,0.727822,524.419160
512,0.117344,1.788941,0.798635,0.707244,0.713021,0.713021,524.866254
513,0.117877,1.751471,0.805461,0.707403,0.716496,0.716496,512.018863
514,0.118415,1.753554,0.799772,0.707854,0.714518,0.714518,509.504213
515,0.117528,1.734514,0.806598,0.706642,0.708226,0.708226,505.760815
516,0.118067,1.720964,0.800341,0.696752,0.707685,0.707685,513.726499
517,0.117049,1.828958,0.796359,0.684517,0.691571,0.691571,511.453151
518,0.118170,1.742224,0.804323,0.702199,0.712353,0.712353,512.712096
519,0.118045,1.747251,0.800341,0.691277,0.696725,0.696725,511.634225
520,0.118337,1.726035,0.800910,0.689212,0.694348,0.694348,506.469393
521,0.117639,1.776719,0.801479,0.704707,0.710461,0.710461,507.269846
522,0.117751,1.747180,0.797497,0.678670,0.685899,0.685899,508.151308
523,0.118518,1.779135,0.796928,0.693674,0.701683,0.701683,506.886492
524,0.117149,1.693895,0.807736,0.710458,0.714653,0.714653,506.265893
525,0.118160,1.758880,0.807736,0.703096,0.712284,0.712284,507.798111
526,0.118640,1.781924,0.806598,0.698220,0.702804,0.702804,505.865336
527,0.119130,1.776267,0.805461,0.699694,0.698640,0.698640,506.086708
528,0.118433,1.769516,0.794653,0.677722,0.681910,0.681910,507.294571
529,0.117570,1.721519,0.803754,0.691139,0.700164,0.700164,506.550558
530,0.117809,1.754545,0.800341,0.696349,0.702172,0.702172,506.518463
531,0.118290,1.773356,0.812287,0.708601,0.710674,0.710674,506.971829
532,0.117803,1.767707,0.798635,0.695837,0.706764,0.706764,506.586651
533,0.117969,1.712101,0.804323,0.696811,0.705990,0.705990,506.665848
534,0.117022,1.793858,0.803754,0.697880,0.705889,0.705889,507.980343
535,0.117666,1.765657,0.803185,0.700557,0.702174,0.702174,506.040603
536,0.117648,1.763497,0.804892,0.711818,0.713000,0.713000,506.635484
537,0.118162,1.729937,0.804323,0.698269,0.703842,0.703842,507.579054
538,0.117504,1.786229,0.810580,0.710766,0.717705,0.717705,505.870329
539,0.117761,1.752032,0.798635,0.698273,0.708881,0.708881,506.346736
540,0.117857,1.811164,0.799772,0.687159,0.697491,0.697491,507.022572
541,0.117709,1.747352,0.811149,0.698003,0.708737,0.708737,505.616022
542,0.118643,1.735127,0.812856,0.716984,0.728137,0.728137,506.599312
543,0.117800,1.748938,0.807736,0.714154,0.722157,0.722157,507.718319
544,0.118138,1.756974,0.802048,0.700687,0.705957,0.705957,506.179880
545,0.117540,1.692659,0.810580,0.710748,0.717459,0.717459,505.953509
546,0.117557,1.764042,0.800341,0.693739,0.699587,0.699587,506.966637
547,0.117571,1.786422,0.804323,0.698626,0.711138,0.711138,506.446542
548,0.117547,1.689206,0.804323,0.699215,0.701159,0.701159,511.801569
549,0.117209,1.745493,0.815700,0.727299,0.732963,0.732963,522.369113
550,0.116766,1.710118,0.806598,0.700264,0.706565,0.706565,522.730206
551,0.117164,1.744281,0.807167,0.710872,0.719538,0.719538,521.618835
552,0.117162,1.812565,0.799772,0.692803,0.698671,0.698671,508.817664
553,0.115591,1.776083,0.806030,0.714650,0.719152,0.719152,506.658123
554,0.116847,1.705686,0.794653,0.695126,0.700000,0.700000,507.026333
555,0.116403,1.722994,0.798066,0.693170,0.700306,0.700306,507.664188
556,0.116870,1.802778,0.799772,0.694556,0.700588,0.700588,506.257045
557,0.117039,1.751779,0.803185,0.699850,0.713608,0.713608,506.514843
558,0.117517,1.776167,0.806030,0.704264,0.711452,0.711452,508.094860
559,0.116351,1.804914,0.806598,0.714559,0.714887,0.714887,505.518791
560,0.117073,1.757994,0.802048,0.688484,0.692877,0.692877,506.637851
561,0.117327,1.749558,0.803754,0.697402,0.705924,0.705924,507.981249
562,0.116633,1.734221,0.796928,0.690507,0.706138,0.706138,506.573829
563,0.116937,1.750199,0.803754,0.701384,0.708864,0.708864,506.101579
564,0.116007,1.748301,0.798066,0.684336,0.683635,0.683635,507.181626
565,0.117594,1.769955,0.805461,0.698866,0.707191,0.707191,506.295263
566,0.116591,1.761157,0.807167,0.708173,0.713494,0.713494,505.929121
567,0.116889,1.745990,0.794084,0.679712,0.689897,0.689897,507.903605
568,0.117427,1.732049,0.795222,0.696523,0.700908,0.700908,506.490586
569,0.117043,1.688144,0.796359,0.676481,0.686497,0.686497,506.284566
570,0.116740,1.777794,0.810011,0.715643,0.723850,0.723850,507.751182
571,0.116440,1.685402,0.803185,0.697294,0.700353,0.700353,505.536080
572,0.116751,1.765178,0.804892,0.698712,0.705935,0.705935,505.631848
573,0.116097,1.738435,0.806598,0.700694,0.705497,0.705497,507.503220
574,0.116158,1.762748,0.796359,0.683369,0.691843,0.691843,506.695515
575,0.116597,1.733687,0.798635,0.701960,0.708381,0.708381,506.210502
576,0.117315,1.735993,0.808874,0.716958,0.718012,0.718012,507.872395
577,0.115813,1.758060,0.809443,0.708078,0.715930,0.715930,505.969353
578,0.117302,1.741882,0.802048,0.707418,0.713748,0.713748,507.045293
579,0.115604,1.818912,0.803185,0.690262,0.704946,0.704946,507.281232
580,0.115365,1.717238,0.806030,0.695099,0.701176,0.701176,506.571002
581,0.116170,1.740008,0.806030,0.719209,0.720250,0.720250,506.571675
582,0.117407,1.720608,0.800910,0.694430,0.701492,0.701492,508.049840
583,0.115836,1.785396,0.804892,0.712807,0.712131,0.712131,505.382679
584,0.115993,1.753281,0.806030,0.719574,0.726360,0.726360,505.688966
585,0.116578,1.751808,0.802617,0.699066,0.708641,0.708641,507.973118
586,0.116343,1.807555,0.811718,0.723758,0.728546,0.728546,505.380881
587,0.115974,1.755039,0.804323,0.695990,0.701157,0.701157,506.548891
588,0.115721,1.807008,0.800910,0.690741,0.700664,0.700664,507.770654
589,0.116498,1.738484,0.797497,0.688614,0.701067,0.701067,506.769576
590,0.116122,1.724877,0.801479,0.692003,0.697239,0.697239,506.433890
591,0.115901,1.752205,0.799204,0.698814,0.701485,0.701485,508.721274
592,0.115901,1.787604,0.806598,0.700380,0.702229,0.702229,505.803549
593,0.116112,1.783219,0.812287,0.711262,0.714802,0.714802,506.293351
594,0.115281,1.756278,0.807167,0.700815,0.702399,0.702399,507.893851
595,0.115955,1.697616,0.808305,0.715617,0.717094,0.717094,505.206802
596,0.115461,1.745213,0.797497,0.686750,0.691132,0.691132,506.126762
597,0.115790,1.730798,0.810011,0.701317,0.707935,0.707935,507.530972
598,0.116756,1.761568,0.800341,0.698153,0.699499,0.699499,505.627682
599,0.115245,1.745708,0.804892,0.703144,0.710180,0.710180,506.485932
600,0.115998,1.776248,0.799204,0.680727,0.686400,0.686400,507.772204
601,0.115693,1.707087,0.810011,0.707955,0.716199,0.716199,505.892071
602,0.116124,1.810713,0.803754,0.699957,0.703155,0.703155,506.569954
603,0.115138,1.741596,0.804323,0.688993,0.692921,0.692921,507.590362
604,0.117061,1.757683,0.804892,0.708001,0.713643,0.713643,505.569820
605,0.115721,1.755653,0.800910,0.676587,0.678135,0.678135,505.566728
606,0.115773,1.751097,0.803185,0.699121,0.706106,0.706106,506.486321
607,0.115958,1.758542,0.802617,0.696679,0.703515,0.703515,505.241344
608,0.115470,1.804368,0.804892,0.705842,0.712403,0.712403,506.676740
609,0.116460,1.817105,0.796928,0.695175,0.695989,0.695989,507.608054
610,0.114765,1.737598,0.808874,0.702161,0.708200,0.708200,505.319657
611,0.115986,1.730317,0.803754,0.701372,0.707462,0.707462,505.572580
612,0.115155,1.721234,0.806030,0.717735,0.723512,0.723512,506.948516
613,0.115764,1.726379,0.803185,0.703100,0.701604,0.701604,506.549710
614,0.115807,1.799166,0.802048,0.694443,0.700786,0.700786,505.657690
615,0.116123,1.705254,0.803754,0.690402,0.697005,0.697005,507.708934
616,0.115673,1.720308,0.812856,0.709186,0.714780,0.714780,505.769741
617,0.115249,1.792465,0.796359,0.688206,0.692938,0.692938,506.399186
618,0.115290,1.842330,0.805461,0.706747,0.718671,0.718671,507.553650
619,0.116184,1.799483,0.803754,0.695266,0.694753,0.694753,506.824132
620,0.115522,1.795102,0.801479,0.689655,0.693952,0.693952,506.329143
621,0.116320,1.751273,0.803754,0.701118,0.701458,0.701458,506.941541
622,0.115340,1.732305,0.803185,0.701876,0.705377,0.705377,506.404952
623,0.115025,1.752301,0.808874,0.706908,0.705659,0.705659,505.469141
624,0.114737,1.753404,0.802617,0.693024,0.702373,0.702373,507.374668
625,0.114451,1.775315,0.802048,0.695843,0.699828,0.699828,505.713875
626,0.114809,1.824578,0.806598,0.695432,0.703637,0.703637,506.237913
627,0.114751,1.723951,0.811149,0.724467,0.727490,0.727490,507.216749
628,0.115076,1.695555,0.807736,0.714453,0.717873,0.717873,505.468151
629,0.114592,1.753867,0.812287,0.720455,0.725780,0.725780,505.376354
630,0.114846,1.753962,0.803185,0.703643,0.709314,0.709314,507.843949
631,0.115180,1.794959,0.804892,0.703633,0.718936,0.718936,506.227164
632,0.114665,1.721693,0.802617,0.697139,0.700599,0.700599,505.750389
633,0.114368,1.814027,0.804892,0.702590,0.705931,0.705931,506.691299
634,0.114076,1.785412,0.798066,0.698585,0.704154,0.704154,506.313677
635,0.114964,1.743666,0.795791,0.689817,0.695464,0.695464,506.344258
636,0.115386,1.839175,0.806598,0.697399,0.697234,0.697234,508.125543
637,0.114779,1.784336,0.798635,0.695182,0.699655,0.699655,505.523229
638,0.114263,1.741831,0.807167,0.694118,0.703617,0.703617,505.583859
639,0.114578,1.779128,0.806598,0.704451,0.706474,0.706474,506.680536
640,0.114478,1.744853,0.804892,0.705010,0.708563,0.708563,506.388144
641,0.114863,1.729418,0.802048,0.696898,0.702923,0.702923,506.492111
642,0.114951,1.664107,0.807167,0.710221,0.718686,0.718686,508.097284
643,0.114357,1.729052,0.804892,0.707036,0.707805,0.707805,506.572198
644,0.115577,1.715556,0.797497,0.685595,0.698399,0.698399,506.468577
645,0.113666,1.671713,0.808305,0.699981,0.705008,0.705008,507.447012
646,0.114564,1.626769,0.806030,0.705353,0.709200,0.709200,506.173290
647,0.115174,1.737304,0.809443,0.712940,0.717117,0.717117,507.097985
648,0.114360,1.757789,0.800910,0.690822,0.692688,0.692688,507.479856
649,0.113872,1.777784,0.808305,0.710548,0.717050,0.717050,505.583932
650,0.114074,1.804828,0.801479,0.678804,0.690636,0.690636,507.029707
651,0.114031,1.720459,0.806030,0.708245,0.720052,0.720052,506.620169
652,0.114972,1.757924,0.808305,0.702296,0.705420,0.705420,505.906052
653,0.113867,1.741330,0.808305,0.711162,0.710660,0.710660,506.448361
654,0.114774,1.783288,0.795222,0.692500,0.702480,0.702480,507.426696
655,0.113785,1.719007,0.806030,0.704816,0.707244,0.707244,505.115630
656,0.114002,1.780947,0.800341,0.687447,0.692612,0.692612,506.155445
657,0.114185,1.754948,0.802617,0.694102,0.701749,0.701749,507.089456
658,0.114339,1.717441,0.805461,0.700165,0.705398,0.705398,505.346482
659,0.114809,1.755029,0.804323,0.687046,0.695759,0.695759,506.713077
660,0.114220,1.795965,0.802048,0.687954,0.694064,0.694064,507.111754
661,0.113681,1.723907,0.808874,0.710868,0.710237,0.710237,505.169020
662,0.113440,1.774101,0.806598,0.701402,0.704743,0.704743,506.819762
663,0.114162,1.816316,0.804892,0.708771,0.710030,0.710030,507.456246
664,0.113828,1.736843,0.799772,0.697098,0.701864,0.701864,506.672555
665,0.114248,1.794103,0.800910,0.693314,0.702249,0.702249,505.815032
666,0.114248,1.730686,0.804892,0.699412,0.715352,0.715352,506.804746
667,0.113296,1.710610,0.810580,0.719016,0.723884,0.723884,506.227723
668,0.114875,1.770710,0.806598,0.713355,0.716208,0.716208,506.573751
669,0.113959,1.742620,0.801479,0.698916,0.709142,0.709142,507.627000
670,0.113673,1.778378,0.806598,0.698781,0.710748,0.710748,505.700804
671,0.113851,1.769770,0.809443,0.701488,0.708125,0.708125,506.708651
672,0.114006,1.776824,0.806030,0.700903,0.707928,0.707928,507.467536
673,0.114495,1.728472,0.811149,0.717733,0.725049,0.725049,505.443246
674,0.114073,1.739317,0.807736,0.697983,0.704652,0.704652,506.265790
675,0.113186,1.740697,0.795791,0.681587,0.687140,0.687140,507.276975
676,0.112986,1.699824,0.800341,0.701565,0.709144,0.709144,506.851441
677,0.114023,1.735574,0.808874,0.691905,0.701962,0.701962,506.058548
678,0.113557,1.764832,0.807736,0.717318,0.720222,0.720222,507.749412
679,0.114214,1.726146,0.802617,0.703522,0.713403,0.713403,505.752537
680,0.113184,1.792129,0.804323,0.702421,0.703926,0.703926,506.487322
681,0.113256,1.691324,0.800341,0.689844,0.702979,0.702979,507.225477
682,0.113597,1.743816,0.810011,0.719887,0.726419,0.726419,505.644654
683,0.113668,1.818169,0.798635,0.696047,0.702892,0.702892,506.731041
684,0.113143,1.767506,0.802617,0.703645,0.714233,0.714233,507.973433
685,0.113757,1.705847,0.811149,0.711360,0.719162,0.719162,506.697609
686,0.113528,1.811976,0.803185,0.696254,0.700168,0.700168,506.194837
687,0.113200,1.784393,0.799204,0.686316,0.695776,0.695776,507.891315
688,0.113563,1.709395,0.808874,0.713906,0.713987,0.713987,505.165058
689,0.113357,1.792857,0.806598,0.706444,0.711777,0.711777,507.234820
690,0.113495,1.713530,0.805461,0.700584,0.704410,0.704410,507.174925
691,0.113679,1.735826,0.806030,0.707315,0.705540,0.705540,505.219909
692,0.113594,1.752683,0.815700,0.717196,0.721610,0.721610,505.333149
693,0.113684,1.751467,0.808305,0.711274,0.718169,0.718169,506.998602
694,0.112793,1.706224,0.806030,0.712710,0.715122,0.715122,505.905535
695,0.113702,1.697163,0.807167,0.715761,0.718240,0.718240,506.273037
696,0.113557,1.758955,0.804892,0.703762,0.716483,0.716483,507.536282
697,0.112648,1.710392,0.808305,0.711435,0.715234,0.715234,506.297766
698,0.112707,1.741971,0.804892,0.701351,0.700529,0.700529,506.229784
699,0.112699,1.693744,0.799772,0.697779,0.702083,0.702083,506.966363
700,0.112150,1.688040,0.804892,0.692954,0.703149,0.703149,505.865201
701,0.112740,1.778894,0.807167,0.712122,0.715834,0.715834,506.210714
702,0.112716,1.734572,0.816837,0.724781,0.727713,0.727713,507.497222
703,0.112280,1.725555,0.806030,0.706792,0.715668,0.715668,506.174507
704,0.113029,1.782601,0.807167,0.705539,0.710863,0.710863,505.792558
705,0.113128,1.770787,0.804892,0.712842,0.717857,0.717857,507.937426
706,0.113064,1.762437,0.806030,0.707378,0.718317,0.718317,505.856245
707,0.113483,1.708312,0.811149,0.713639,0.714603,0.714603,505.694239
708,0.113085,1.668879,0.811149,0.710744,0.715546,0.715546,507.142781
709,0.112370,1.701728,0.808305,0.707603,0.721733,0.721733,505.703042
710,0.113220,1.743305,0.804323,0.710097,0.713315,0.713315,506.537693
711,0.113618,1.731592,0.803185,0.703444,0.709767,0.709767,522.583827
712,0.112498,1.718523,0.804892,0.702419,0.701983,0.701983,519.104223
713,0.112800,1.726457,0.807167,0.713582,0.722901,0.722901,507.072570
714,0.112655,1.730773,0.797497,0.684178,0.694350,0.694350,509.127179
715,0.112937,1.746249,0.812287,0.714547,0.718772,0.718772,506.803274
716,0.113244,1.784355,0.809443,0.705609,0.710908,0.710908,506.574733
717,0.113099,1.753190,0.792947,0.681410,0.687395,0.687395,508.708554
718,0.113129,1.765805,0.805461,0.708000,0.715288,0.715288,506.349290
719,0.112388,1.763150,0.806598,0.699892,0.703454,0.703454,506.661667
720,0.113418,1.786759,0.804323,0.709730,0.713231,0.713231,508.067361
721,0.112626,1.751550,0.802617,0.711745,0.716258,0.716258,506.524456
722,0.112458,1.696538,0.811149,0.716334,0.720965,0.720965,508.074651
723,0.112611,1.720834,0.814562,0.717846,0.728680,0.728680,507.962986
724,0.111540,1.676312,0.810011,0.716941,0.720885,0.720885,506.933461
725,0.112424,1.718012,0.796359,0.686241,0.692577,0.692577,506.992347
726,0.112530,1.792688,0.795791,0.691387,0.693662,0.693662,508.849343
727,0.113327,1.786458,0.802048,0.704399,0.705409,0.705409,506.742788
728,0.112577,1.747651,0.799204,0.695168,0.700558,0.700558,506.506819
729,0.111657,1.759699,0.811718,0.706095,0.708759,0.708759,508.492831
730,0.111806,1.736261,0.806030,0.697155,0.704056,0.704056,506.006660
731,0.112287,1.783566,0.802617,0.693770,0.700971,0.700971,506.115101
732,0.112545,1.689723,0.808305,0.703001,0.705927,0.705927,508.746175
733,0.112547,1.733227,0.808874,0.710199,0.715579,0.715579,508.528778
734,0.112545,1.673689,0.804323,0.696048,0.704962,0.704962,512.220473
735,0.111905,1.809736,0.813424,0.719250,0.725985,0.725985,507.980911
736,0.112217,1.698559,0.803185,0.698534,0.707621,0.707621,506.777438
737,0.113322,1.769704,0.802048,0.704366,0.708897,0.708897,507.219605
738,0.112415,1.783651,0.802617,0.691625,0.696962,0.696962,507.378547
739,0.111644,1.751957,0.809443,0.707981,0.706774,0.706774,506.914341
740,0.111578,1.731389,0.804892,0.695099,0.698970,0.698970,506.800421
741,0.111353,1.727774,0.801479,0.691548,0.703091,0.703091,508.174731
742,0.112108,1.765144,0.803185,0.705048,0.713264,0.713264,506.308282
743,0.111598,1.694681,0.808874,0.712371,0.718620,0.718620,506.457505
744,0.112304,1.705074,0.802617,0.697089,0.705214,0.705214,507.051055
745,0.111828,1.706843,0.810011,0.702281,0.706930,0.706930,506.455383
746,0.111529,1.710570,0.804892,0.703059,0.709225,0.709225,506.029383
747,0.111628,1.678540,0.806598,0.711791,0.710748,0.710748,507.573288
748,0.111882,1.704568,0.800910,0.701686,0.710447,0.710447,505.614330
749,0.110847,1.745642,0.803754,0.695788,0.712923,0.712923,505.839907
750,0.111957,1.742235,0.803185,0.687136,0.701956,0.701956,506.991870
751,0.111503,1.705403,0.808305,0.709944,0.721938,0.721938,506.367709
752,0.111764,1.821605,0.801479,0.694695,0.703219,0.703219,506.962682
753,0.111734,1.721576,0.799204,0.693217,0.696875,0.696875,506.850334
754,0.111461,1.727125,0.811718,0.719344,0.724112,0.724112,506.918501
755,0.112692,1.720780,0.797497,0.683837,0.691843,0.691843,506.078964
756,0.111210,1.759289,0.798635,0.691906,0.699702,0.699702,507.805184
757,0.111067,1.769538,0.798635,0.692683,0.702235,0.702235,506.288022
758,0.111985,1.682645,0.802048,0.689651,0.693173,0.693173,505.814303
759,0.111723,1.700350,0.805461,0.709040,0.715169,0.715169,506.503378
760,0.110733,1.714866,0.806030,0.704404,0.706976,0.706976,505.760644
761,0.111956,1.806749,0.808874,0.710890,0.715455,0.715455,506.488797
762,0.110666,1.704568,0.799204,0.683330,0.691177,0.691177,507.355621
763,0.112283,1.706945,0.807736,0.692414,0.703700,0.703700,505.671450
764,0.110897,1.707347,0.809443,0.712414,0.716510,0.716510,506.337624
765,0.110824,1.708638,0.816268,0.712017,0.714787,0.714787,507.316309
766,0.112015,1.729640,0.806598,0.696233,0.705771,0.705771,506.217463
767,0.110684,1.740879,0.804323,0.692845,0.699658,0.699658,505.766457
768,0.110611,1.763420,0.802617,0.690741,0.698257,0.698257,507.305923
769,0.111624,1.713526,0.807167,0.712331,0.716295,0.716295,505.525381
770,0.111215,1.696969,0.804892,0.687062,0.693215,0.693215,506.538992
771,0.109903,1.708057,0.807736,0.711412,0.712890,0.712890,506.750142
772,0.110708,1.682077,0.802048,0.691684,0.702137,0.702137,505.644081
773,0.111262,1.700548,0.803185,0.695673,0.703375,0.703375,505.839676
774,0.111681,1.803617,0.806030,0.718164,0.728507,0.728507,506.931996
775,0.110857,1.644935,0.804323,0.694045,0.704644,0.704644,505.216901
776,0.110390,1.777303,0.812287,0.721056,0.723977,0.723977,506.819643
777,0.111456,1.739458,0.807167,0.715492,0.716499,0.716499,506.804076
778,0.110935,1.714059,0.811149,0.712718,0.717355,0.717355,505.299874
779,0.111341,1.742964,0.811718,0.711644,0.719657,0.719657,506.436412
780,0.110826,1.737834,0.800910,0.691607,0.703027,0.703027,507.647587
781,0.109898,1.863899,0.805461,0.702554,0.712132,0.712132,507.227967
782,0.110428,1.697533,0.804892,0.690999,0.700417,0.700417,505.742257
783,0.110465,1.803780,0.802617,0.694164,0.701755,0.701755,507.583770
784,0.111224,1.746968,0.802617,0.689622,0.699299,0.699299,506.721941
785,0.109485,1.744262,0.793515,0.674530,0.685204,0.685204,507.035315
786,0.110948,1.746647,0.805461,0.706811,0.706118,0.706118,507.289853
787,0.110564,1.767595,0.807167,0.705702,0.713540,0.713540,506.929950
788,0.110313,1.761143,0.804323,0.708728,0.713712,0.713712,506.966443
789,0.110237,1.794820,0.794653,0.676680,0.688378,0.688378,506.823350
790,0.111016,1.776442,0.799772,0.692748,0.694073,0.694073,505.752092
791,0.110352,1.752415,0.803185,0.697399,0.704080,0.704080,506.076128
792,0.110752,1.753632,0.795791,0.683971,0.691274,0.691274,507.739990
793,0.110201,1.736971,0.799204,0.692722,0.696865,0.696865,505.983982
794,0.110948,1.792899,0.792947,0.682021,0.684905,0.684905,506.101709
795,0.111637,1.776274,0.811149,0.706610,0.713002,0.713002,507.023030
796,0.109732,1.793037,0.803754,0.694789,0.701628,0.701628,505.959773
797,0.110831,1.732457,0.798635,0.692498,0.698330,0.698330,506.363095
798,0.111280,1.777681,0.800910,0.705594,0.708614,0.708614,506.785755
799,0.110290,1.758957,0.801479,0.690506,0.698771,0.698771,506.003778
800,0.110500,1.713206,0.810011,0.713437,0.719433,0.719433,506.297888
801,0.110695,1.685594,0.808874,0.694365,0.697848,0.697848,507.295795
802,0.110751,1.723209,0.808874,0.707608,0.711639,0.711639,506.050817
803,0.109957,1.758446,0.809443,0.709589,0.713759,0.713759,506.057385
804,0.111427,1.745542,0.807736,0.698915,0.699633,0.699633,507.781265
805,0.110439,1.788949,0.803754,0.690477,0.696006,0.696006,505.457332
806,0.109906,1.744226,0.802617,0.701790,0.703203,0.703203,506.325382
807,0.110332,1.713076,0.800910,0.694478,0.699172,0.699172,507.649430
808,0.109657,1.733006,0.804892,0.713487,0.714819,0.714819,505.114462
809,0.109861,1.719654,0.806030,0.700196,0.706368,0.706368,505.768446
810,0.110230,1.748988,0.806030,0.707040,0.708452,0.708452,510.809275
811,0.110763,1.800378,0.796928,0.682404,0.690652,0.690652,511.527059
812,0.109353,1.722133,0.803754,0.697719,0.703481,0.703481,505.537204
813,0.109817,1.770163,0.804892,0.701416,0.708458,0.708458,507.042505
814,0.110102,1.694344,0.800341,0.697130,0.701243,0.701243,505.744628
815,0.110651,1.698765,0.805461,0.705705,0.705528,0.705528,506.756208
816,0.109765,1.759132,0.799204,0.692381,0.703149,0.703149,507.105055
817,0.110999,1.736082,0.803185,0.693646,0.699890,0.699890,505.075901
818,0.110719,1.756776,0.810011,0.705489,0.706722,0.706722,505.630532
819,0.109664,1.727612,0.796359,0.683268,0.695282,0.695282,507.001139
820,0.110819,1.705810,0.803185,0.693293,0.698248,0.698248,505.990844
821,0.109739,1.671569,0.799204,0.677581,0.686905,0.686905,506.361107
822,0.109583,1.709687,0.803185,0.706503,0.711628,0.711628,507.351553
823,0.110338,1.706272,0.796928,0.686143,0.689590,0.689590,505.175518
824,0.109055,1.693135,0.812287,0.706366,0.709403,0.709403,506.149818
825,0.110411,1.779704,0.788396,0.678703,0.686036,0.686036,506.964707
826,0.110190,1.728246,0.796928,0.687724,0.695708,0.695708,506.397588
827,0.109508,1.723292,0.802617,0.700955,0.706310,0.706310,505.660353
828,0.109550,1.744289,0.799204,0.684237,0.691538,0.691538,508.053830
829,0.108856,1.763845,0.801479,0.682697,0.688651,0.688651,505.973572
830,0.109641,1.656469,0.801479,0.681067,0.690694,0.690694,506.190860
831,0.109361,1.769785,0.803754,0.692841,0.697992,0.697992,507.205607
832,0.109316,1.778600,0.800341,0.695114,0.706681,0.706681,505.432740
833,0.108626,1.783340,0.802617,0.692497,0.705173,0.705173,506.279527
834,0.108690,1.705915,0.803185,0.687077,0.691866,0.691866,508.102482
835,0.109425,1.743792,0.803185,0.687266,0.695592,0.695592,506.482639
836,0.107973,1.717114,0.806598,0.703666,0.710384,0.710384,505.921431
837,0.109502,1.741889,0.802617,0.699712,0.705699,0.705699,507.292068
838,0.109925,1.770445,0.800341,0.692837,0.698929,0.698929,506.738543
839,0.109697,1.713158,0.798635,0.686595,0.689741,0.689741,506.019646
840,0.109521,1.695888,0.803185,0.705944,0.710745,0.710745,507.719936
841,0.108965,1.775811,0.802617,0.692727,0.705431,0.705431,505.401685
842,0.109369,1.669060,0.806598,0.699445,0.705735,0.705735,505.653796
843,0.109268,1.680371,0.806598,0.695522,0.697256,0.697256,506.843090
844,0.109234,1.645193,0.803185,0.695584,0.693178,0.693178,506.203631
845,0.109776,1.759253,0.794653,0.684698,0.689950,0.689950,506.619460
846,0.109184,1.641902,0.816837,0.715855,0.722449,0.722449,507.903570
847,0.109141,1.750703,0.805461,0.693474,0.702683,0.702683,505.379735
848,0.108941,1.768890,0.800910,0.696978,0.698266,0.698266,506.197707
849,0.108755,1.730284,0.808305,0.699567,0.702991,0.702991,507.488300
850,0.107382,1.804459,0.807736,0.697991,0.701315,0.701315,525.755849
851,0.108606,1.799296,0.797497,0.690328,0.700553,0.700553,518.576309
852,0.107943,1.699657,0.803754,0.678783,0.688607,0.688607,509.089196
853,0.108198,1.746110,0.802617,0.692732,0.697365,0.697365,506.527486
854,0.108394,1.728526,0.802048,0.695063,0.699658,0.699658,509.673429
855,0.108899,1.719647,0.805461,0.703581,0.706890,0.706890,507.673867
856,0.109015,1.804438,0.796928,0.686365,0.694943,0.694943,506.783828
857,0.109831,1.666960,0.794653,0.688845,0.692147,0.692147,506.666991
858,0.108728,1.763431,0.801479,0.688932,0.691316,0.691316,508.243630
859,0.108737,1.826050,0.809443,0.711753,0.711856,0.711856,506.163786
860,0.108946,1.774035,0.798066,0.686810,0.691603,0.691603,507.111660
861,0.109308,1.827296,0.803185,0.709478,0.711396,0.711396,508.121391
862,0.109442,1.790264,0.795791,0.694901,0.701176,0.701176,506.644660
863,0.108561,1.785974,0.810580,0.718193,0.720190,0.720190,506.615810
864,0.109335,1.744449,0.803185,0.693006,0.695839,0.695839,508.919083
865,0.107878,1.778531,0.800910,0.693255,0.695540,0.695540,505.924441
866,0.107870,1.752676,0.807736,0.702328,0.704775,0.704775,506.638035
867,0.108023,1.728985,0.796359,0.686634,0.697226,0.697226,507.062862
868,0.108007,1.737612,0.803185,0.701133,0.706921,0.706921,505.900527
869,0.108081,1.723291,0.796928,0.684620,0.688213,0.688213,507.239466
870,0.109139,1.668842,0.796928,0.693899,0.702363,0.702363,507.628650
871,0.109103,1.732985,0.798635,0.693076,0.701160,0.701160,506.325235
872,0.108723,1.770533,0.799204,0.683794,0.686647,0.686647,507.766526
873,0.108782,1.758199,0.804323,0.694306,0.700757,0.700757,508.152566
874,0.109443,1.733125,0.803185,0.687250,0.694067,0.694067,507.441123
875,0.108227,1.754438,0.797497,0.685848,0.694114,0.694114,512.742796
876,0.108709,1.802832,0.808305,0.701398,0.705453,0.705453,513.766574
877,0.107922,1.749225,0.805461,0.697747,0.706698,0.706698,511.780595
878,0.108583,1.731565,0.803185,0.689952,0.690975,0.690975,511.848878
879,0.108111,1.790267,0.792947,0.680349,0.683325,0.683325,507.955322
880,0.109009,1.788114,0.800910,0.693792,0.698307,0.698307,506.728897
881,0.108266,1.779435,0.795222,0.681602,0.686105,0.686105,508.246255
882,0.107635,1.797732,0.793515,0.680008,0.690075,0.690075,505.914204
883,0.108053,1.767739,0.801479,0.690899,0.696979,0.696979,507.264332
884,0.107282,1.754887,0.798635,0.695766,0.701892,0.701892,506.896290
885,0.108752,1.769513,0.808874,0.704921,0.707580,0.707580,507.679679
886,0.108106,1.760772,0.796928,0.677126,0.690318,0.690318,507.138254
887,0.108050,1.721379,0.799772,0.701001,0.707837,0.707837,511.372821
888,0.107707,1.774760,0.802048,0.702283,0.710363,0.710363,506.553964
889,0.108019,1.761276,0.796359,0.681774,0.685260,0.685260,507.983160
890,0.107472,1.783219,0.798066,0.692057,0.700428,0.700428,508.089368
891,0.108664,1.731255,0.807167,0.691372,0.692396,0.692396,508.383113
892,0.108271,1.742349,0.799204,0.683779,0.690653,0.690653,518.088526
893,0.108000,1.745329,0.803754,0.700821,0.703546,0.703546,512.249379
894,0.107791,1.721082,0.803185,0.693344,0.696455,0.696455,507.003431
895,0.107109,1.720369,0.799772,0.684590,0.688382,0.688382,507.130692
896,0.108178,1.693176,0.799772,0.693585,0.707967,0.707967,505.884747
897,0.107552,1.697319,0.803754,0.697200,0.703668,0.703668,507.971244
898,0.107893,1.713274,0.802617,0.696963,0.699421,0.699421,506.995634
899,0.108336,1.728723,0.802048,0.697869,0.705715,0.705715,508.054882
900,0.108192,1.731590,0.802048,0.691182,0.699290,0.699290,506.450010
901,0.107958,1.702685,0.802617,0.695103,0.709461,0.709461,507.602879
902,0.107474,1.765690,0.792947,0.672865,0.684084,0.684084,507.222314
903,0.107543,1.784133,0.798635,0.700246,0.702232,0.702232,507.420025
904,0.108073,1.761800,0.787258,0.675057,0.678966,0.678966,506.626130
905,0.108027,1.745712,0.795222,0.683125,0.682116,0.682116,507.717373
906,0.107898,1.724044,0.808305,0.704807,0.705998,0.705998,506.343068
907,0.108151,1.800997,0.804892,0.713484,0.711779,0.711779,506.877996
908,0.107378,1.806035,0.802617,0.704152,0.707718,0.707718,506.730358
909,0.107148,1.723880,0.807736,0.714521,0.712509,0.712509,508.347721
910,0.107204,1.769421,0.804323,0.705345,0.709769,0.709769,506.055157
911,0.107155,1.767330,0.802048,0.708882,0.714686,0.714686,507.959421
912,0.108664,1.703559,0.802048,0.696795,0.705786,0.705786,506.664808
913,0.107046,1.812439,0.801479,0.699211,0.705870,0.705870,508.118665
914,0.107237,1.719704,0.808874,0.711428,0.715622,0.715622,506.764384
915,0.108066,1.728373,0.803754,0.683945,0.693731,0.693731,507.074067
916,0.107260,1.780284,0.803185,0.698071,0.696716,0.696716,507.015269
917,0.107331,1.803131,0.798066,0.698099,0.705811,0.705811,507.261585
918,0.107328,1.755725,0.800341,0.695950,0.702065,0.702065,505.628418
919,0.106880,1.739172,0.794653,0.686846,0.690791,0.690791,507.514894
920,0.107732,1.805098,0.802048,0.699374,0.705373,0.705373,506.373524
921,0.107481,1.751124,0.800341,0.693290,0.698559,0.698559,515.366656
922,0.106817,1.744694,0.804323,0.708933,0.716814,0.716814,505.902153
923,0.106989,1.788697,0.797497,0.689904,0.692607,0.692607,507.598037
924,0.106365,1.732580,0.804323,0.709013,0.710540,0.710540,506.557299
925,0.107231,1.769486,0.804892,0.702389,0.703855,0.703855,508.171111
926,0.106861,1.699733,0.796928,0.683023,0.688297,0.688297,506.401768
927,0.106851,1.756140,0.799772,0.697107,0.691662,0.691662,506.712525
928,0.106941,1.746969,0.801479,0.693794,0.696927,0.696927,506.494233
929,0.106817,1.835876,0.795222,0.685379,0.695611,0.695611,507.142725
930,0.106794,1.755762,0.800341,0.692020,0.697764,0.697764,506.408495
931,0.107246,1.730517,0.800910,0.694269,0.703799,0.703799,507.476864
932,0.106531,1.731966,0.796359,0.695221,0.700405,0.700405,505.903075
933,0.106821,1.716548,0.807167,0.704742,0.710945,0.710945,507.511015
934,0.107798,1.731394,0.797497,0.688305,0.698229,0.698229,506.756276
935,0.107019,1.757730,0.811149,0.708568,0.713243,0.713243,507.490092
936,0.107629,1.741669,0.804892,0.701566,0.707462,0.707462,506.397865
937,0.106086,1.691387,0.799204,0.694917,0.703518,0.703518,507.036910
938,0.106701,1.776597,0.803185,0.700812,0.700217,0.700217,506.366192
939,0.106446,1.756929,0.809443,0.704250,0.709885,0.709885,506.626396
940,0.107275,1.761766,0.806030,0.707910,0.709908,0.709908,506.952669
941,0.106478,1.672419,0.803185,0.698230,0.701509,0.701509,508.362823
942,0.106945,1.755448,0.798635,0.697657,0.702017,0.702017,506.279612
943,0.106726,1.769807,0.802048,0.697794,0.700950,0.700950,507.189542
944,0.106294,1.691711,0.804892,0.698079,0.703916,0.703916,506.376943
945,0.106607,1.696211,0.807167,0.698336,0.701645,0.701645,506.405756
946,0.106477,1.785975,0.796928,0.683401,0.685098,0.685098,505.541866
947,0.106000,1.756540,0.796928,0.684444,0.692776,0.692776,512.150006
948,0.106821,1.745712,0.798635,0.703449,0.708641,0.708641,512.151263
949,0.106509,1.769768,0.798635,0.686242,0.689994,0.689994,513.190971
950,0.106874,1.763294,0.799772,0.696679,0.707109,0.707109,510.232683
951,0.106139,1.738890,0.802048,0.694700,0.701173,0.701173,507.243415
952,0.106033,1.724020,0.804892,0.701477,0.699159,0.699159,506.156982
953,0.105408,1.771487,0.805461,0.684184,0.697438,0.697438,507.347924
954,0.106968,1.836079,0.798635,0.681347,0.685063,0.685063,506.492066
955,0.107120,1.684149,0.801479,0.692180,0.699669,0.699669,507.311962
956,0.106648,1.780264,0.800910,0.689087,0.695087,0.695087,505.989783
957,0.106110,1.774173,0.796359,0.676613,0.688786,0.688786,506.814685
958,0.105578,1.769539,0.805461,0.714158,0.719178,0.719178,506.778875
959,0.105401,1.715302,0.804323,0.707912,0.709542,0.709542,507.636819
960,0.106554,1.747482,0.806030,0.702396,0.707272,0.707272,506.523582
961,0.106087,1.789548,0.801479,0.683970,0.692101,0.692101,507.306155
962,0.106559,1.707932,0.802048,0.687094,0.696392,0.696392,506.932757
963,0.106451,1.733655,0.802048,0.674339,0.683066,0.683066,506.915117
964,0.106320,1.781628,0.802617,0.693325,0.696307,0.696307,507.098812
965,0.106460,1.744382,0.810011,0.702644,0.702138,0.702138,506.610387
966,0.105459,1.690663,0.806598,0.705386,0.706356,0.706356,505.905671
967,0.106068,1.781920,0.804323,0.691762,0.691955,0.691955,507.488209
968,0.106009,1.801587,0.804892,0.702423,0.700467,0.700467,506.202277
969,0.105409,1.741289,0.807736,0.706412,0.712564,0.712564,507.575904
970,0.105309,1.774162,0.800341,0.687526,0.696041,0.696041,506.257761
971,0.105404,1.767978,0.798066,0.687937,0.691497,0.691497,507.646114
972,0.105420,1.627269,0.802617,0.700199,0.702317,0.702317,506.261227
973,0.106074,1.753156,0.799204,0.684226,0.683322,0.683322,507.555419
974,0.106349,1.700044,0.803754,0.694779,0.700918,0.700918,506.598734
975,0.106044,1.761405,0.799204,0.687382,0.687120,0.687120,508.316478
976,0.105695,1.767136,0.803185,0.680907,0.683230,0.683230,506.268587
977,0.105929,1.723348,0.806030,0.697215,0.704222,0.704222,507.631828
978,0.106770,1.747504,0.802617,0.685874,0.693463,0.693463,507.403137
979,0.105547,1.709282,0.800910,0.679076,0.684376,0.684376,507.724316
980,0.105936,1.748251,0.803185,0.690990,0.696255,0.696255,506.767362
981,0.105051,1.732126,0.799204,0.688419,0.691527,0.691527,506.848387
982,0.105711,1.790681,0.798066,0.686783,0.694856,0.694856,506.015848
983,0.106185,1.771562,0.803754,0.696850,0.704489,0.704489,507.370255
984,0.105845,1.808620,0.798066,0.681685,0.689557,0.689557,506.605160
985,0.105774,1.734872,0.801479,0.696271,0.695830,0.695830,507.289126
986,0.105802,1.767712,0.796928,0.679025,0.691928,0.691928,507.205408
987,0.105375,1.711624,0.806598,0.698503,0.702146,0.702146,506.711089
988,0.105750,1.709794,0.796928,0.681174,0.683292,0.683292,506.199633
989,0.105645,1.807056,0.802617,0.684732,0.688457,0.688457,507.889547
990,0.105168,1.739679,0.803754,0.695150,0.703175,0.703175,506.679316
991,0.105110,1.686292,0.799772,0.687156,0.697746,0.697746,506.362692
992,0.104555,1.711055,0.803185,0.699742,0.702122,0.702122,505.766744
993,0.105731,1.821059,0.803754,0.710516,0.716055,0.716055,507.496446
994,0.105546,1.732263,0.805461,0.702056,0.704248,0.704248,506.218725
995,0.105329,1.686989,0.790671,0.668011,0.679549,0.679549,507.191656
996,0.105890,1.678199,0.806598,0.704778,0.708130,0.708130,506.410890
997,0.105749,1.794504,0.800341,0.689838,0.695853,0.695853,506.471067
998,0.105378,1.650581,0.803185,0.702001,0.706212,0.706212,506.486544
999,0.105084,1.718770,0.803754,0.691509,0.695484,0.695484,507.171756
1000,0.105688,1.700052,0.810011,0.707513,0.717331,0.717331,507.316971
