1,1.178280,1.684859,0.705347,0.550526,0.547829,0.547829,602.916899
2,1.163449,1.459511,0.753129,0.544443,0.579035,0.579035,617.634896
3,1.142587,1.499460,0.711035,0.602614,0.619839,0.619839,583.967859
4,1.129815,1.593377,0.573948,0.605530,0.580621,0.580621,617.565393
5,1.123427,1.470404,0.729807,0.623751,0.636390,0.636390,595.999677
6,1.108859,1.472265,0.753697,0.558737,0.600238,0.600238,585.950048
7,1.093136,1.535515,0.697952,0.584199,0.612925,0.612925,589.569757
8,1.088028,1.378307,0.769625,0.606147,0.610226,0.610226,594.762338
9,1.075618,1.501142,0.671786,0.616323,0.625187,0.625187,593.197306
10,1.070646,1.476441,0.761661,0.556119,0.571866,0.571866,584.821530
11,1.054180,1.562150,0.774744,0.497662,0.521952,0.521952,582.117792
12,1.042598,1.416828,0.777019,0.586930,0.613151,0.613151,596.316343
13,1.034309,1.353167,0.771331,0.658352,0.664964,0.664964,587.875746
14,1.029643,1.410051,0.779295,0.529619,0.546399,0.546399,587.783302
15,1.029444,1.425372,0.697952,0.638607,0.623893,0.623893,601.704947
16,1.019316,1.375457,0.774175,0.574269,0.597572,0.597572,603.626990
17,1.007616,1.343431,0.774175,0.652137,0.679131,0.679131,604.327689
18,0.995899,1.334703,0.775882,0.589723,0.640087,0.640087,610.900257
19,0.993475,1.251827,0.799204,0.645255,0.665930,0.665930,600.456066
20,0.980782,1.336984,0.789534,0.665174,0.677564,0.677564,599.988818
21,0.978162,1.336757,0.762799,0.668692,0.664057,0.664057,610.193990
22,0.968203,1.274271,0.782139,0.628313,0.657589,0.657589,603.652751
23,0.962288,1.275457,0.770193,0.670534,0.685552,0.685552,608.279378
24,0.954447,1.366478,0.763936,0.650237,0.665201,0.665201,603.878219
25,0.944248,1.351438,0.726394,0.674161,0.651919,0.651919,612.888169
26,0.945534,1.397496,0.764505,0.574209,0.613886,0.613886,611.960521
27,0.938865,1.505031,0.773038,0.518244,0.551875,0.551875,609.659652
28,0.931480,1.198298,0.799772,0.631929,0.659107,0.659107,606.110129
29,0.925532,1.269338,0.775882,0.594507,0.643402,0.643402,605.064080
30,0.919015,1.358798,0.755404,0.661214,0.666103,0.666103,606.388232
31,0.913526,1.237382,0.777588,0.675773,0.689343,0.689343,610.041729
32,0.903876,1.296097,0.775882,0.676558,0.693108,0.693108,611.121178
33,0.900532,1.219357,0.759954,0.676274,0.695565,0.695565,604.368300
34,0.889020,1.291615,0.736064,0.667773,0.665817,0.665817,605.455312
35,0.882385,1.150252,0.801479,0.641519,0.679543,0.679543,605.144269
36,0.875637,1.157146,0.787827,0.659041,0.678666,0.678666,607.359548
37,0.874736,1.180583,0.775313,0.671179,0.707119,0.707119,601.745066
38,0.866881,1.149207,0.791809,0.690426,0.712663,0.712663,614.140203
39,0.858018,1.179653,0.774744,0.670860,0.694276,0.694276,603.114602
40,0.852371,1.171323,0.791809,0.669876,0.685655,0.685655,603.521687
41,0.852660,1.164798,0.791809,0.647801,0.683249,0.683249,609.706331
42,0.847011,1.225265,0.752560,0.642730,0.638714,0.638714,609.090275
43,0.837582,1.272837,0.790102,0.594615,0.636968,0.636968,610.910303
44,0.831121,1.285455,0.779295,0.533656,0.566018,0.566018,612.378977
45,0.827676,1.141425,0.795791,0.692333,0.705268,0.705268,605.687394
46,0.824626,1.194916,0.783845,0.585466,0.622507,0.622507,609.711450
47,0.820912,1.126281,0.799204,0.667763,0.696649,0.696649,612.363388
48,0.814749,1.158717,0.775313,0.641627,0.657520,0.657520,608.609139
49,0.806983,1.116698,0.795222,0.676003,0.710578,0.710578,608.099584
50,0.800353,1.081333,0.793515,0.709141,0.721026,0.721026,607.891531
51,0.800628,1.064664,0.799204,0.707356,0.724338,0.724338,599.407442
52,0.791046,1.143096,0.797497,0.604968,0.637692,0.637692,605.725008
53,0.791575,1.315247,0.691126,0.610964,0.600446,0.600446,591.679557
54,0.782132,1.137573,0.788965,0.652367,0.687289,0.687289,589.780495
55,0.775505,1.095848,0.789534,0.721039,0.699962,0.699962,603.789551
56,0.778060,1.091028,0.781001,0.656688,0.700727,0.700727,598.684713
57,0.770648,1.096541,0.788396,0.691364,0.703793,0.703793,607.841935
58,0.760091,1.139780,0.755973,0.627200,0.663773,0.663773,604.676097
59,0.757383,1.168271,0.738339,0.700553,0.690840,0.690840,610.496066
60,0.754127,1.061638,0.793515,0.701949,0.719289,0.719289,608.542440
61,0.751692,1.100968,0.792947,0.657018,0.666906,0.666906,601.586615
62,0.747725,1.110547,0.792378,0.619416,0.647162,0.647162,605.497645
63,0.745336,1.123663,0.773038,0.703142,0.681301,0.681301,610.549436
64,0.736174,1.049692,0.801479,0.648282,0.686093,0.686093,601.081395
65,0.736132,1.055516,0.806030,0.657947,0.694622,0.694622,602.582189
66,0.731188,1.239939,0.692833,0.656911,0.625696,0.625696,605.797177
67,0.721500,1.123745,0.778157,0.654385,0.695438,0.695438,604.699152
68,0.720376,1.020629,0.808305,0.648285,0.686266,0.686266,608.596994
69,0.720907,1.027067,0.804323,0.698843,0.721069,0.721069,609.160397
70,0.714361,1.011336,0.804323,0.701700,0.708274,0.708274,601.652292
71,0.708396,0.975943,0.812856,0.671961,0.704274,0.704274,603.509104
72,0.703156,1.157511,0.741183,0.683431,0.685097,0.685097,605.079953
73,0.700299,1.013456,0.799772,0.696657,0.724047,0.724047,604.018204
74,0.703496,1.000632,0.794084,0.687894,0.698532,0.698532,602.968323
75,0.695050,1.014685,0.802617,0.665960,0.681582,0.681582,598.642814
76,0.687966,1.000004,0.793515,0.710213,0.722218,0.722218,598.799824
77,0.690192,1.003556,0.805461,0.719367,0.729685,0.729685,605.172644
78,0.687585,1.023935,0.798066,0.675372,0.678278,0.678278,600.556463
79,0.674683,0.980112,0.804892,0.687892,0.726728,0.726728,605.328427
80,0.675449,0.932639,0.825370,0.708975,0.735106,0.735106,602.274799
81,0.670720,1.037108,0.774175,0.660942,0.697329,0.697329,605.214213
82,0.667234,0.978141,0.797497,0.704928,0.733579,0.733579,596.877992
83,0.664659,1.140188,0.797497,0.597956,0.610790,0.610790,604.617507
84,0.662873,1.173074,0.708191,0.624538,0.600117,0.600117,602.764580
85,0.656234,1.064375,0.798635,0.606061,0.639489,0.639489,607.461193
86,0.655905,0.990751,0.786121,0.690190,0.724300,0.724300,610.618309
87,0.654003,0.919390,0.813993,0.700190,0.732281,0.732281,605.711550
88,0.646803,0.922956,0.808874,0.718321,0.737063,0.737063,607.085742
89,0.640028,0.954189,0.806030,0.649231,0.682885,0.682885,608.174322
90,0.641820,1.017278,0.790102,0.632528,0.681988,0.681988,607.083274
91,0.640769,1.008782,0.762230,0.635505,0.662149,0.662149,607.346732
92,0.633957,0.924862,0.801479,0.669474,0.723623,0.723623,610.593605
93,0.632120,1.027722,0.789534,0.630973,0.657216,0.657216,607.360254
94,0.628429,1.014022,0.778157,0.685676,0.704834,0.704834,604.438229
95,0.626360,0.998607,0.800910,0.638493,0.673770,0.673770,602.906770
96,0.626282,0.924646,0.804892,0.672248,0.720094,0.720094,601.447539
97,0.621762,0.939676,0.806030,0.678555,0.709640,0.709640,606.731293
98,0.617193,0.894732,0.808305,0.718903,0.746606,0.746606,606.454410
99,0.611054,0.937338,0.811149,0.663304,0.692056,0.692056,600.240121
100,0.610017,0.927267,0.810011,0.683164,0.724246,0.724246,606.991483
101,0.611719,0.923549,0.800341,0.707297,0.733301,0.733301,604.873658
102,0.604454,0.896737,0.812856,0.704983,0.726213,0.726213,613.846045
103,0.603268,0.944031,0.803185,0.629110,0.664346,0.664346,611.683347
104,0.600978,0.944700,0.806030,0.670993,0.705374,0.705374,604.067522
105,0.594043,0.901053,0.807167,0.702258,0.723531,0.723531,605.860443
106,0.592711,0.903008,0.800341,0.677122,0.712236,0.712236,606.392124
107,0.588869,0.912249,0.803185,0.720116,0.734397,0.734397,612.682402
108,0.592418,0.868466,0.803185,0.684991,0.718586,0.718586,606.134993
109,0.590417,0.895174,0.804323,0.676395,0.721731,0.721731,613.720610
110,0.580903,0.909938,0.797497,0.588241,0.654631,0.654631,606.151572
111,0.585825,0.963575,0.791240,0.631889,0.675103,0.675103,603.368960
112,0.575736,0.904819,0.802617,0.706315,0.727413,0.727413,610.051186
113,0.576486,0.934648,0.799772,0.641128,0.688166,0.688166,605.015112
114,0.571909,0.892000,0.805461,0.679648,0.716314,0.716314,605.479361
115,0.574827,0.871863,0.807736,0.704096,0.730191,0.730191,616.041226
116,0.569483,0.876463,0.815700,0.683086,0.713797,0.713797,613.476410
117,0.568139,0.894215,0.807736,0.687843,0.719386,0.719386,605.673932
118,0.561380,0.911514,0.789534,0.696315,0.737940,0.737940,641.193655
119,0.565072,0.854691,0.804323,0.707353,0.726318,0.726318,673.533153
120,0.556820,0.863262,0.799772,0.708828,0.729436,0.729436,629.392322
121,0.557084,0.840092,0.812856,0.703625,0.722525,0.722525,620.711406
122,0.552835,0.880489,0.798635,0.687341,0.710179,0.710179,600.827875
123,0.550623,0.859122,0.813424,0.724165,0.731319,0.731319,604.595561
124,0.544347,0.856190,0.815700,0.645139,0.692271,0.692271,616.855515
125,0.543229,0.862615,0.804323,0.733241,0.739063,0.739063,637.796309
126,0.545640,0.844403,0.812856,0.705014,0.736121,0.736121,601.075087
127,0.544478,0.861873,0.810011,0.702026,0.732214,0.732214,591.266381
128,0.540192,0.834614,0.812856,0.708631,0.738676,0.738676,628.743103
129,0.537824,0.855565,0.809443,0.689931,0.727713,0.727713,630.867542
130,0.541283,0.833302,0.815131,0.698681,0.718869,0.718869,609.043263
131,0.532344,0.827165,0.813424,0.705796,0.731704,0.731704,616.147492
132,0.532443,0.837823,0.803754,0.704447,0.757349,0.757349,609.310781
133,0.531454,0.852164,0.810011,0.655461,0.689630,0.689630,635.199252
134,0.527523,0.841018,0.815131,0.710774,0.742508,0.742508,613.718287
135,0.520227,0.882561,0.811718,0.664916,0.699932,0.699932,621.050916
136,0.521155,0.865372,0.803754,0.743197,0.739323,0.739323,626.661480
137,0.523340,0.806260,0.814562,0.719224,0.754393,0.754393,661.376297
138,0.516626,0.845792,0.811149,0.715313,0.729800,0.729800,640.788471
139,0.516838,0.812408,0.808305,0.684894,0.734600,0.734600,645.969056
140,0.512823,0.827582,0.816268,0.693834,0.717511,0.717511,646.374179
141,0.514361,0.820699,0.810011,0.681123,0.733887,0.733887,674.140032
142,0.506650,0.824856,0.816837,0.727836,0.748972,0.748972,670.530132
143,0.506625,0.831571,0.815131,0.679578,0.691382,0.691382,674.864367
144,0.510778,0.824822,0.807736,0.710841,0.750376,0.750376,674.954675
145,0.502469,0.822595,0.815700,0.719394,0.742288,0.742288,671.180700
146,0.500896,0.788891,0.816268,0.713352,0.746998,0.746998,670.747545
147,0.494132,0.840214,0.803754,0.664997,0.713214,0.713214,688.290597
148,0.506024,0.809692,0.809443,0.680758,0.730867,0.730867,649.468092
149,0.491569,0.813819,0.805461,0.673906,0.720376,0.720376,652.231464
150,0.485598,0.803602,0.807167,0.692844,0.734184,0.734184,629.430095
151,0.492242,0.811404,0.806598,0.692955,0.738912,0.738912,638.968468
152,0.491205,0.785677,0.820250,0.710287,0.755339,0.755339,643.785356
153,0.493147,0.784002,0.827645,0.735442,0.758123,0.758123,642.129315
154,0.486986,0.779380,0.816837,0.703719,0.732351,0.732351,650.375890
155,0.485852,0.820679,0.812856,0.685719,0.734299,0.734299,645.760219
156,0.480568,0.815809,0.811718,0.672573,0.721134,0.721134,641.897580
157,0.480298,0.835968,0.782708,0.688831,0.716106,0.716106,645.008296
158,0.479648,0.777358,0.820250,0.692207,0.726486,0.726486,663.849084
159,0.480404,0.818339,0.819113,0.716705,0.730622,0.730622,651.336649
160,0.478237,0.788234,0.819681,0.736356,0.756235,0.756235,659.644533
161,0.472929,0.783993,0.811149,0.691421,0.715036,0.715036,658.659501
162,0.472015,0.775633,0.819681,0.674465,0.723179,0.723179,668.188073
163,0.468960,0.871304,0.802048,0.643147,0.681144,0.681144,660.905163
164,0.464722,0.788734,0.823663,0.707598,0.748960,0.748960,658.770107
165,0.460269,0.787980,0.815131,0.679956,0.716342,0.716342,658.016789
166,0.469906,0.797594,0.810580,0.724337,0.751363,0.751363,658.352413
167,0.465294,0.791983,0.806030,0.723944,0.747684,0.747684,661.672526
168,0.460830,0.783222,0.804323,0.691979,0.728390,0.728390,647.226732
169,0.462536,0.797773,0.811149,0.690425,0.724234,0.724234,640.608860
170,0.457710,0.778794,0.814562,0.674040,0.719712,0.719712,656.330995
171,0.456012,0.818081,0.808874,0.679692,0.722766,0.722766,648.989257
172,0.454981,0.784810,0.822526,0.701527,0.738726,0.738726,645.777710
173,0.448409,0.754421,0.811149,0.700063,0.736295,0.736295,657.396137
174,0.454663,0.790112,0.827645,0.704900,0.737757,0.737757,648.036928
175,0.449362,0.788832,0.813424,0.727708,0.740420,0.740420,637.368431
176,0.454427,0.792370,0.813993,0.688429,0.711490,0.711490,627.847738
177,0.457141,0.782315,0.806030,0.708681,0.725078,0.725078,636.397291
178,0.448683,0.784070,0.811149,0.720507,0.726225,0.726225,637.814529
179,0.445494,0.887486,0.795791,0.608903,0.655355,0.655355,623.353820
180,0.443613,0.764938,0.812287,0.710412,0.732284,0.732284,597.419568
181,0.442907,0.763253,0.823094,0.703655,0.730605,0.730605,599.882349
182,0.441641,0.754832,0.829352,0.732822,0.747664,0.747664,603.572714
183,0.441042,0.760496,0.810580,0.721506,0.751647,0.751647,599.963813
184,0.442089,0.744592,0.822526,0.718544,0.757178,0.757178,619.774769
185,0.437292,0.784313,0.809443,0.690259,0.720268,0.720268,600.440130
186,0.423570,0.772709,0.812856,0.668577,0.709420,0.709420,600.962805
187,0.437486,0.749930,0.819113,0.700652,0.718243,0.718243,604.028399
188,0.433485,0.764743,0.816837,0.708655,0.735975,0.735975,611.559847
189,0.432065,0.746269,0.820819,0.703312,0.738859,0.738859,602.327564
190,0.432625,0.793136,0.813424,0.645451,0.696536,0.696536,604.297420
191,0.433416,0.744234,0.812856,0.678844,0.722592,0.722592,605.374998
192,0.424698,0.741302,0.816837,0.687725,0.730496,0.730496,601.221326
193,0.427370,0.756944,0.803185,0.672427,0.704883,0.704883,603.972261
194,0.431707,0.768985,0.799772,0.698899,0.740536,0.740536,607.320924
195,0.422187,0.747159,0.813424,0.673450,0.726091,0.726091,606.400768
196,0.424562,0.771879,0.812856,0.676019,0.727380,0.727380,604.484801
197,0.417895,0.791518,0.816268,0.705344,0.729244,0.729244,601.450648
198,0.424574,0.777156,0.810580,0.667451,0.704947,0.704947,594.474159
199,0.421261,0.737849,0.808305,0.706054,0.721402,0.721402,603.008883
200,0.423451,0.747119,0.812856,0.705923,0.734857,0.734857,598.037768
201,0.412931,0.763561,0.804323,0.693338,0.720521,0.720521,603.811907
202,0.420459,0.830780,0.809443,0.618191,0.665496,0.665496,600.715988
203,0.413389,0.764391,0.806030,0.682472,0.721881,0.721881,604.882966
204,0.414782,0.790039,0.805461,0.714249,0.737121,0.737121,600.534517
205,0.412244,0.781992,0.804892,0.685326,0.717193,0.717193,603.605713
206,0.403175,0.768568,0.812287,0.675876,0.725270,0.725270,602.273188
207,0.406686,0.762629,0.791809,0.669130,0.706820,0.706820,618.774026
208,0.408072,0.733326,0.815700,0.709234,0.734557,0.734557,603.015917
209,0.412051,0.755121,0.811149,0.688940,0.737312,0.737312,604.930518
210,0.407817,0.757016,0.816268,0.700494,0.730953,0.730953,604.498956
211,0.415619,0.788694,0.796928,0.687592,0.710552,0.710552,607.033678
212,0.405628,0.736098,0.817975,0.710709,0.738611,0.738611,602.615160
213,0.403425,0.744885,0.811718,0.712200,0.720932,0.720932,595.143125
214,0.398506,0.762705,0.803185,0.666138,0.712923,0.712923,591.121781
215,0.402851,0.740288,0.828783,0.699927,0.725388,0.725388,586.985709
216,0.399302,0.742430,0.814562,0.683601,0.733339,0.733339,595.417426
217,0.397398,0.733005,0.816268,0.694961,0.732839,0.732839,590.899059
218,0.396455,0.735839,0.819113,0.725002,0.741742,0.741742,588.590364
219,0.397439,0.755261,0.808305,0.673657,0.707173,0.707173,588.377511
220,0.400033,0.726492,0.813993,0.707351,0.737826,0.737826,593.093302
221,0.391968,0.779648,0.811149,0.681615,0.723884,0.723884,596.874922
222,0.390668,0.736755,0.812287,0.707778,0.742572,0.742572,596.684459
223,0.389223,0.736676,0.808305,0.698219,0.720003,0.720003,594.021067
224,0.393627,0.764452,0.808305,0.709805,0.728407,0.728407,592.551438
225,0.389744,0.741769,0.815700,0.719929,0.746334,0.746334,592.959941
226,0.388792,0.765302,0.800341,0.718200,0.729690,0.729690,603.788601
227,0.395503,0.726423,0.810580,0.723004,0.746581,0.746581,589.398536
228,0.387761,0.741190,0.815700,0.720485,0.737558,0.737558,592.094778
229,0.386000,0.748663,0.811718,0.692611,0.745270,0.745270,590.012976
230,0.386742,0.739387,0.824232,0.698183,0.730143,0.730143,593.990938
231,0.380020,0.743048,0.815700,0.723006,0.741868,0.741868,589.228165
232,0.382606,0.752708,0.792378,0.684721,0.712114,0.712114,589.980557
233,0.380679,0.768590,0.812287,0.698369,0.730093,0.730093,584.480693
234,0.380849,0.794488,0.788396,0.682728,0.714228,0.714228,595.349153
235,0.376193,0.732423,0.811149,0.709674,0.736876,0.736876,594.508028
236,0.383720,0.751315,0.807167,0.674918,0.723234,0.723234,595.734733
237,0.381806,0.744315,0.791240,0.678153,0.713197,0.713197,595.983217
238,0.379406,0.796031,0.803185,0.633248,0.686327,0.686327,591.829695
239,0.375514,0.736565,0.815700,0.703853,0.727892,0.727892,610.197717
240,0.373772,0.781565,0.798635,0.681454,0.712892,0.712892,604.649748
241,0.380017,0.787077,0.790102,0.686848,0.701801,0.701801,609.453296
242,0.370212,0.709198,0.814562,0.702531,0.741655,0.741655,609.485843
243,0.366273,0.772533,0.804323,0.715699,0.720991,0.720991,598.867833
244,0.368727,0.753881,0.817975,0.719361,0.739533,0.739533,601.890598
245,0.370111,0.743896,0.799204,0.668625,0.691371,0.691371,603.661979
246,0.368279,0.730277,0.817406,0.711199,0.737963,0.737963,601.422384
247,0.365958,0.724779,0.817406,0.707288,0.737493,0.737493,594.125915
248,0.364435,0.752789,0.811718,0.670644,0.702108,0.702108,593.425580
249,0.372584,0.732278,0.806030,0.721704,0.735656,0.735656,602.790841
250,0.358694,0.732691,0.825370,0.716247,0.738065,0.738065,618.481999
251,0.362460,0.734725,0.815131,0.701393,0.742574,0.742574,612.677394
252,0.362934,0.756238,0.806030,0.685998,0.738618,0.738618,631.903578
253,0.360405,0.745291,0.804892,0.696323,0.731869,0.731869,615.656436
254,0.362018,0.774624,0.807736,0.674388,0.729191,0.729191,627.391744
255,0.365590,0.781311,0.819113,0.644704,0.685906,0.685906,655.344775
256,0.363640,0.748722,0.813993,0.707815,0.733851,0.733851,622.973140
257,0.358290,0.756065,0.819681,0.698843,0.699064,0.699064,644.278197
258,0.360385,0.784686,0.811718,0.717066,0.738332,0.738332,649.561592
259,0.359022,0.746851,0.823663,0.710491,0.741326,0.741326,650.720843
260,0.363341,0.736740,0.823663,0.716967,0.723501,0.723501,649.229664
261,0.354359,0.773435,0.808874,0.705542,0.733794,0.733794,623.879180
262,0.350162,0.749731,0.820819,0.702479,0.734667,0.734667,616.192654
263,0.355442,0.726303,0.817975,0.713992,0.739200,0.739200,630.943751
264,0.352871,0.774817,0.816837,0.681171,0.694099,0.694099,651.071319
265,0.355673,0.740645,0.808305,0.714791,0.743141,0.743141,638.455314
266,0.353255,0.786256,0.805461,0.651255,0.693503,0.693503,649.798543
267,0.348484,0.732712,0.815131,0.693733,0.726318,0.726318,655.028669
268,0.346620,0.774381,0.819681,0.711674,0.723534,0.723534,676.465401
269,0.354734,0.763321,0.815700,0.684360,0.713667,0.713667,643.434256
270,0.348146,0.724651,0.808305,0.707567,0.734237,0.734237,656.020795
271,0.344779,0.736169,0.819113,0.692508,0.722822,0.722822,673.021609
272,0.345367,0.738426,0.810580,0.678170,0.725333,0.725333,663.177104
273,0.339070,0.740042,0.815131,0.684815,0.707876,0.707876,683.459361
274,0.341499,0.761523,0.812856,0.700234,0.725980,0.725980,676.715080
275,0.342536,0.725870,0.814562,0.703689,0.744599,0.744599,623.943897
276,0.349249,0.820580,0.807736,0.645852,0.694617,0.694617,621.029968
277,0.346639,0.740022,0.802617,0.685378,0.713368,0.713368,623.943321
278,0.357302,0.745670,0.807736,0.696246,0.732283,0.732283,625.588877
279,0.347645,0.728591,0.806030,0.716102,0.739823,0.739823,643.057227
280,0.342705,0.751969,0.800341,0.694425,0.706721,0.706721,661.064282
281,0.341932,0.779796,0.802048,0.693000,0.723285,0.723285,670.159675
282,0.337772,0.744118,0.811149,0.703571,0.732459,0.732459,666.378283
283,0.339370,0.758813,0.811718,0.703112,0.717518,0.717518,668.516454
284,0.346472,0.803595,0.804323,0.641844,0.694473,0.694473,660.665746
285,0.342348,0.747159,0.806030,0.687290,0.720695,0.720695,645.273785
286,0.336945,0.739266,0.808305,0.714517,0.739028,0.739028,652.041095
287,0.341074,0.794050,0.802048,0.666619,0.701119,0.701119,668.511788
288,0.340615,0.764903,0.811149,0.700685,0.726112,0.726112,684.212894
289,0.334191,0.736035,0.803754,0.696851,0.733322,0.733322,688.624947
290,0.333428,0.775213,0.813424,0.664964,0.707297,0.707297,683.020554
291,0.333359,0.752596,0.809443,0.690579,0.731486,0.731486,680.122322
292,0.336674,0.772404,0.816837,0.682346,0.711667,0.711667,686.261615
293,0.341590,0.743964,0.816268,0.693803,0.722011,0.722011,689.942273
294,0.324208,0.798713,0.804323,0.701378,0.730826,0.730826,689.014395
295,0.334311,0.748327,0.808305,0.651208,0.708427,0.708427,676.641358
296,0.327097,0.763499,0.804892,0.700517,0.741369,0.741369,689.537470
297,0.333977,0.753704,0.795791,0.695563,0.721639,0.721639,689.520294
298,0.325276,0.768317,0.808305,0.717775,0.731552,0.731552,680.392142
299,0.330096,0.788999,0.803185,0.683439,0.716477,0.716477,685.222252
300,0.326091,0.807508,0.794084,0.705191,0.711489,0.711489,648.342465
301,0.326804,0.769086,0.800910,0.703073,0.732778,0.732778,643.982215
302,0.334021,0.745236,0.801479,0.679575,0.706491,0.706491,642.123673
303,0.326243,0.747345,0.813993,0.694330,0.729011,0.729011,631.146609
304,0.324168,0.811396,0.793515,0.658192,0.684897,0.684897,629.561768
305,0.320491,0.779632,0.803185,0.662705,0.709307,0.709307,628.577707
306,0.317430,0.814451,0.802048,0.667350,0.707688,0.707688,621.468437
307,0.322354,0.768113,0.804892,0.674698,0.709278,0.709278,624.153250
308,0.321726,0.771559,0.812287,0.691705,0.721331,0.721331,633.828594
309,0.320603,0.766726,0.808305,0.677575,0.720231,0.720231,629.612847
310,0.322104,0.747223,0.813424,0.704301,0.729462,0.729462,627.843351
311,0.316397,0.771832,0.809443,0.672860,0.707707,0.707707,621.525440
312,0.316081,0.780646,0.813993,0.697139,0.726157,0.726157,632.277471
313,0.316719,0.773741,0.805461,0.670369,0.716570,0.716570,628.301410
314,0.320647,0.773985,0.821388,0.696392,0.717466,0.717466,625.317554
315,0.314396,0.764209,0.798635,0.700469,0.723213,0.723213,632.287563
316,0.317898,0.720423,0.820250,0.705242,0.722324,0.722324,626.448189
317,0.325769,0.759542,0.807736,0.679504,0.703138,0.703138,634.453177
318,0.317976,0.756137,0.801479,0.686138,0.713849,0.713849,632.575923
319,0.318584,0.768153,0.813424,0.696026,0.718870,0.718870,628.047842
320,0.318519,0.754971,0.804323,0.685325,0.719365,0.719365,630.694183
321,0.312900,0.781649,0.813993,0.697101,0.738381,0.738381,622.285043
322,0.318842,0.757843,0.800341,0.666015,0.715264,0.715264,638.915774
323,0.314661,0.850371,0.749147,0.600360,0.628586,0.628586,624.833130
324,0.305380,0.775524,0.800341,0.697211,0.737143,0.737143,623.038454
325,0.308008,0.821289,0.797497,0.677972,0.689901,0.689901,626.791763
326,0.314914,0.758289,0.804892,0.687115,0.717555,0.717555,631.078613
327,0.303687,0.752418,0.800341,0.682564,0.716592,0.716592,629.873252
328,0.307814,0.788007,0.812287,0.700349,0.728354,0.728354,628.044506
329,0.302765,0.783662,0.794653,0.678908,0.702164,0.702164,624.492182
330,0.307004,0.780705,0.805461,0.707066,0.724770,0.724770,628.710798
331,0.307198,0.807758,0.792947,0.675101,0.698257,0.698257,625.241280
332,0.310030,0.789334,0.799204,0.664933,0.710442,0.710442,635.158943
333,0.306893,0.764620,0.812287,0.707781,0.732602,0.732602,628.392769
334,0.309770,0.797345,0.798066,0.688225,0.713501,0.713501,624.024735
335,0.309357,0.818139,0.798635,0.685539,0.728498,0.728498,623.078715
336,0.303944,0.801649,0.817975,0.684658,0.711756,0.711756,625.047611
337,0.316553,0.735270,0.804323,0.672806,0.712920,0.712920,635.855058
338,0.311463,0.821767,0.784983,0.663073,0.676585,0.676585,624.824037
339,0.304691,0.794994,0.786689,0.662936,0.678507,0.678507,626.887730
340,0.301367,0.748531,0.809443,0.669951,0.725398,0.725398,619.374161
341,0.309784,0.809379,0.799772,0.640407,0.688755,0.688755,625.806563
342,0.307531,0.798623,0.810580,0.653166,0.702862,0.702862,638.899767
343,0.300250,0.766161,0.803185,0.694561,0.714958,0.714958,621.131376
344,0.307654,0.757699,0.814562,0.690527,0.723820,0.723820,627.259504
345,0.307687,0.768821,0.804323,0.700436,0.718156,0.718156,626.055163
346,0.297878,0.796426,0.807167,0.685769,0.705215,0.705215,625.998553
347,0.298772,0.784433,0.800910,0.695992,0.720312,0.720312,629.706200
348,0.299796,0.795079,0.799772,0.673443,0.718489,0.718489,628.887683
349,0.302150,0.830440,0.799204,0.648992,0.701628,0.701628,622.954108
350,0.292911,0.793771,0.801479,0.667504,0.701572,0.701572,631.201891
351,0.297471,0.866953,0.764505,0.649189,0.673472,0.673472,630.845080
352,0.293429,0.771522,0.807736,0.682143,0.727748,0.727748,629.274227
353,0.294627,0.774758,0.811718,0.688412,0.707139,0.707139,630.250730
354,0.291351,0.775143,0.814562,0.712285,0.723106,0.723106,622.896430
355,0.290948,0.813393,0.795222,0.663728,0.693581,0.693581,628.171595
356,0.295859,0.784259,0.804892,0.674604,0.711165,0.711165,627.217422
357,0.298033,0.785614,0.788396,0.663419,0.700457,0.700457,621.511943
358,0.291102,0.799964,0.806598,0.702051,0.716106,0.716106,624.200626
359,0.293257,0.807465,0.804892,0.690246,0.723475,0.723475,622.634152
360,0.291067,0.766284,0.807167,0.672349,0.712092,0.712092,630.623994
361,0.296848,0.804643,0.813993,0.699829,0.721379,0.721379,627.334061
362,0.292573,0.782451,0.798066,0.686656,0.724905,0.724905,629.213902
363,0.287139,0.796924,0.799772,0.669459,0.708941,0.708941,628.464886
364,0.293096,0.808410,0.805461,0.699083,0.724489,0.724489,620.998734
365,0.288068,0.775114,0.799772,0.687243,0.715758,0.715758,632.893327
366,0.287190,0.797203,0.788396,0.654098,0.689251,0.689251,632.337785
367,0.287837,0.793438,0.800341,0.675132,0.707661,0.707661,621.309526
368,0.292329,0.810870,0.786121,0.681405,0.690634,0.690634,630.451208
369,0.292240,0.788952,0.806598,0.661565,0.684529,0.684529,628.237124
370,0.294066,0.783121,0.796928,0.677179,0.710939,0.710939,632.315368
371,0.289117,0.853130,0.807736,0.642068,0.681543,0.681543,631.997867
372,0.292672,0.822824,0.791809,0.672644,0.706918,0.706918,623.979081
373,0.283871,0.798847,0.804323,0.680839,0.713248,0.713248,627.909652
374,0.283339,0.835148,0.811149,0.691092,0.708728,0.708728,640.637237
375,0.279160,0.796428,0.807167,0.692997,0.719256,0.719256,637.878053
376,0.288884,0.798898,0.806030,0.686599,0.712163,0.712163,653.075196
377,0.284491,0.812408,0.804323,0.662284,0.688864,0.688864,635.501617
378,0.283370,0.798909,0.796928,0.691695,0.706325,0.706325,637.310296
379,0.289066,0.796142,0.795791,0.687084,0.709502,0.709502,623.741950
380,0.273273,0.838036,0.808305,0.667133,0.703131,0.703131,629.785111
381,0.281910,0.769979,0.808305,0.716462,0.732014,0.732014,640.288612
382,0.273421,0.818418,0.806030,0.706233,0.734084,0.734084,623.181259
383,0.280174,0.869568,0.798066,0.602596,0.640824,0.640824,626.795328
384,0.284809,0.887361,0.756542,0.630710,0.670727,0.670727,632.960807
385,0.284968,0.786545,0.798635,0.696886,0.731304,0.731304,628.427258
386,0.285599,0.850224,0.783276,0.658739,0.673169,0.673169,632.951737
387,0.274766,0.835714,0.806030,0.668817,0.722309,0.722309,664.517134
388,0.273111,0.895703,0.810011,0.689735,0.721477,0.721477,633.443951
389,0.271838,0.822645,0.814562,0.707067,0.722241,0.722241,662.439731
390,0.278240,0.855597,0.802617,0.636840,0.670442,0.670442,664.231457
391,0.282781,0.793219,0.806598,0.657410,0.692955,0.692955,671.884036
392,0.277049,0.810567,0.803754,0.675875,0.713182,0.713182,678.896966
393,0.278220,0.824485,0.802617,0.672398,0.705817,0.705817,672.667949
394,0.269526,0.830857,0.784414,0.668502,0.699042,0.699042,665.487561
395,0.277608,0.775980,0.810580,0.710209,0.723007,0.723007,658.979574
396,0.275143,0.800193,0.807736,0.673581,0.699906,0.699906,669.928820
397,0.289045,0.854139,0.796359,0.654395,0.677443,0.677443,671.432019
398,0.282308,0.838283,0.785552,0.669605,0.694692,0.694692,674.351742
399,0.274630,0.815167,0.798066,0.688219,0.727056,0.727056,671.197214
400,0.273859,0.837713,0.812287,0.679470,0.702451,0.702451,675.882929
401,0.274959,0.863151,0.806598,0.668316,0.688464,0.688464,675.119677
402,0.289809,0.842104,0.774175,0.656104,0.692439,0.692439,670.028737
403,0.279260,0.807607,0.812856,0.678068,0.698165,0.698165,674.679558
404,0.262570,0.797966,0.810580,0.691630,0.713263,0.713263,671.649265
405,0.267230,0.859417,0.787827,0.631530,0.688440,0.688440,671.456408
406,0.268406,0.830178,0.786689,0.656065,0.682820,0.682820,664.077853
407,0.274414,0.820295,0.807167,0.666786,0.710372,0.710372,630.741215
408,0.268854,0.830457,0.804323,0.684572,0.714353,0.714353,622.488505
409,0.271532,0.815153,0.812287,0.682002,0.701179,0.701179,624.735519
410,0.270372,0.860076,0.799772,0.658894,0.679826,0.679826,624.310105
411,0.260331,0.816951,0.804892,0.692458,0.718950,0.718950,617.032803
412,0.264637,0.837384,0.799204,0.637701,0.674848,0.674848,626.459195
413,0.275476,0.838664,0.814562,0.683917,0.722834,0.722834,630.247741
414,0.268027,0.816212,0.798066,0.674674,0.719618,0.719618,626.407921
415,0.263277,0.840317,0.805461,0.672989,0.705642,0.705642,615.075395
416,0.273583,0.863629,0.787258,0.673249,0.710944,0.710944,628.152504
417,0.260931,0.830841,0.808874,0.686444,0.719472,0.719472,626.735648
418,0.266279,0.836827,0.794084,0.674443,0.702443,0.702443,633.653918
419,0.267985,0.834203,0.802617,0.703706,0.730549,0.730549,624.339384
420,0.261845,0.870014,0.810580,0.683715,0.703093,0.703093,633.429639
421,0.258926,0.814664,0.794653,0.679815,0.701036,0.701036,621.168065
422,0.264528,0.860777,0.792378,0.658561,0.685661,0.685661,626.126615
423,0.273724,0.859248,0.780432,0.650585,0.684515,0.684515,629.056477
424,0.273115,0.803592,0.804892,0.673199,0.714358,0.714358,620.963627
425,0.263417,0.833751,0.795791,0.669365,0.692793,0.692793,627.454606
426,0.257631,0.829436,0.803185,0.666588,0.696422,0.696422,617.214634
427,0.257118,0.824204,0.807167,0.674409,0.702940,0.702940,625.625676
428,0.265598,0.816726,0.787258,0.668612,0.701606,0.701606,616.266814
429,0.255307,0.846033,0.800341,0.691457,0.714619,0.714619,610.942225
430,0.266458,0.852376,0.799772,0.691970,0.723168,0.723168,615.247175
431,0.268362,0.849116,0.789534,0.649647,0.689537,0.689537,619.277230
432,0.268430,0.817620,0.788396,0.652635,0.680231,0.680231,612.712064
433,0.259293,0.822318,0.797497,0.694654,0.713250,0.713250,622.488111
434,0.262552,0.844926,0.800910,0.671893,0.707189,0.707189,607.298172
435,0.255817,0.830459,0.801479,0.670818,0.689167,0.689167,617.760503
436,0.254970,0.846030,0.794653,0.687001,0.713224,0.713224,620.041768
437,0.247815,0.829820,0.805461,0.706538,0.731539,0.731539,629.544689
438,0.256657,0.847706,0.799204,0.687673,0.713884,0.713884,624.415028
439,0.264634,0.815861,0.804323,0.685620,0.704756,0.704756,616.003172
440,0.253173,0.850658,0.806598,0.682382,0.709457,0.709457,620.076103
441,0.257545,0.837816,0.795791,0.655389,0.699692,0.699692,627.306442
442,0.265845,0.870624,0.795222,0.672781,0.690332,0.690332,631.220102
443,0.264174,0.836985,0.795222,0.649116,0.679120,0.679120,615.612393
444,0.262568,0.816452,0.804323,0.672576,0.707882,0.707882,624.163356
445,0.251852,0.827222,0.810011,0.706242,0.724390,0.724390,618.205871
446,0.255300,0.845968,0.804892,0.679940,0.703620,0.703620,614.740456
447,0.263868,0.879197,0.795791,0.670659,0.712285,0.712285,621.470299
448,0.257853,0.892373,0.784983,0.651599,0.688998,0.688998,623.596352
449,0.256714,0.882966,0.798635,0.654206,0.671578,0.671578,619.578333
450,0.253999,0.858049,0.798066,0.672818,0.699095,0.699095,620.946229
451,0.255191,0.830614,0.796928,0.687988,0.716852,0.716852,625.776478
452,0.251723,0.852107,0.806030,0.669013,0.708296,0.708296,620.671802
453,0.250994,0.897908,0.803185,0.655879,0.685309,0.685309,621.054205
454,0.245897,0.850135,0.788396,0.669611,0.696246,0.696246,616.081414
455,0.253942,0.917950,0.792947,0.650448,0.676225,0.676225,629.941070
456,0.257511,0.865171,0.802048,0.669558,0.689682,0.689682,624.054602
457,0.262394,0.884528,0.810580,0.689440,0.715597,0.715597,621.918129
458,0.250858,0.864400,0.790102,0.678783,0.702936,0.702936,615.034378
459,0.255800,0.868659,0.798066,0.652426,0.700169,0.700169,616.053318
460,0.246212,0.863472,0.795791,0.662496,0.704898,0.704898,613.688012
461,0.241548,0.843848,0.790671,0.679356,0.698723,0.698723,635.255107
462,0.244240,0.895771,0.798066,0.669680,0.700617,0.700617,623.197612
463,0.248294,0.887363,0.775313,0.672911,0.706083,0.706083,617.270950
464,0.250523,0.887484,0.773606,0.646570,0.670443,0.670443,620.260576
465,0.247557,0.861874,0.792378,0.652607,0.683685,0.683685,631.162574
466,0.259548,0.904016,0.788396,0.644771,0.672631,0.672631,612.152788
467,0.244305,0.884598,0.797497,0.654518,0.694749,0.694749,626.113439
468,0.245599,0.858334,0.801479,0.665942,0.702603,0.702603,618.365043
469,0.250674,0.858075,0.802617,0.671162,0.713919,0.713919,618.962786
470,0.256947,0.831945,0.809443,0.694934,0.717209,0.717209,609.927983
471,0.250627,0.859273,0.798066,0.668310,0.702934,0.702934,619.376777
472,0.246521,0.863444,0.799204,0.678532,0.696015,0.696015,631.980445
473,0.249070,0.870903,0.792378,0.643286,0.700658,0.700658,628.564144
474,0.261379,0.894911,0.765643,0.646491,0.669930,0.669930,628.807592
475,0.257701,0.850911,0.777588,0.655468,0.684043,0.684043,611.798755
476,0.241939,0.860442,0.798635,0.678266,0.698448,0.698448,619.936956
477,0.243475,0.889772,0.802617,0.646960,0.682615,0.682615,634.529444
478,0.241911,0.861218,0.796928,0.665174,0.687370,0.687370,619.288865
479,0.253395,0.861986,0.776451,0.662249,0.690624,0.690624,627.104203
480,0.241242,0.848736,0.797497,0.655129,0.689693,0.689693,618.045375
481,0.238769,0.882219,0.804323,0.684861,0.728015,0.728015,618.264178
482,0.235014,0.892023,0.794084,0.649145,0.667304,0.667304,609.970646
483,0.256860,0.861980,0.803185,0.664551,0.696835,0.696835,594.992340
484,0.247317,0.863610,0.801479,0.688648,0.705322,0.705322,590.632596
485,0.250034,0.916316,0.771331,0.649879,0.686246,0.686246,593.179826
