epoch,train_loss,avg_valid_loss,valid_accuracy,valid_kappa,valid_kappa_exp,valid_kappa_mc,time
1,0.727452,18.638882,0.065415,0.107023,0.106361,0.106361,473.639987
2,0.625161,28.599209,0.066553,0.102325,0.100449,0.100449,499.154866
3,0.598442,15.512327,0.058020,0.127383,0.129046,0.129046,471.873465
4,0.534483,14.817496,0.061433,0.167400,0.166632,0.166632,501.414453
5,0.486945,24.465845,0.072241,0.274323,0.273346,0.273346,508.444740
6,0.454413,32.673828,0.069397,0.230769,0.237885,0.237885,496.941969
7,0.431298,19.718548,0.060865,0.224901,0.229168,0.229168,499.765730
8,0.417023,60.253651,0.063709,0.066621,0.066101,0.066101,504.035959
9,0.406310,19.581560,0.067122,0.258725,0.259303,0.259303,492.151260
10,0.366771,25.451635,0.075654,0.321307,0.327154,0.327154,492.073462
11,0.333455,21.550272,0.067122,0.231757,0.230816,0.230816,490.819758
12,0.300686,23.084612,0.102389,0.296711,0.298531,0.298531,495.164887
13,0.296324,26.089886,0.067691,0.260375,0.264487,0.264487,486.937284
14,0.273587,36.247826,0.079067,0.304263,0.305892,0.305892,484.425603
15,0.250884,20.711737,0.071104,0.248277,0.248211,0.248211,490.829786
16,0.221806,39.215137,0.080205,0.340740,0.340630,0.340630,546.182449
17,0.202357,29.545591,0.078498,0.353521,0.351874,0.351874,575.789392
18,0.180238,25.609379,0.077929,0.401447,0.403911,0.403911,568.715820
19,0.154071,29.692717,0.081342,0.421871,0.423638,0.423638,567.171006
20,0.142488,24.202358,0.090444,0.426131,0.431567,0.431567,562.874531
21,0.127097,29.270639,0.083618,0.431314,0.431512,0.431512,570.539361
22,0.127575,36.156490,0.084187,0.365749,0.367833,0.367833,576.769605
23,0.114571,31.195255,0.096132,0.421563,0.419447,0.419447,530.426784
24,0.097019,32.104000,0.083618,0.430511,0.430857,0.430857,506.971607
25,0.076636,28.375126,0.082480,0.431292,0.430905,0.430905,509.875230
26,0.081299,31.100250,0.087600,0.428250,0.428145,0.428145,507.662708
27,0.073027,34.352650,0.082480,0.437007,0.438712,0.438712,513.616912
28,0.055556,22.760479,0.072241,0.321767,0.321767,0.321767,508.745016
29,0.039567,29.768904,0.088168,0.446314,0.446346,0.446346,498.975552
30,0.036967,29.206869,0.092719,0.435779,0.436462,0.436462,566.301173
31,0.032234,33.659931,0.087031,0.435036,0.435929,0.435929,563.687864
32,0.018983,28.592047,0.094425,0.450299,0.450299,0.450299,562.709359
33,0.009318,24.494358,0.104096,0.461591,0.460459,0.460459,569.956889
34,-0.000169,31.970465,0.092719,0.453562,0.453562,0.453562,566.937119
35,-0.007371,32.973461,0.086462,0.440198,0.440438,0.440438,566.640247
36,-0.015431,34.162647,0.081911,0.422635,0.422160,0.422160,556.732938
37,-0.021348,26.421324,0.065415,0.257088,0.257931,0.257931,556.494820
38,-0.023442,37.987240,0.076792,0.357387,0.357387,0.357387,554.313241
39,-0.038369,36.025627,0.093288,0.450233,0.450537,0.450537,560.480889
40,-0.040064,35.769070,0.082480,0.432708,0.432708,0.432708,561.802262
41,-0.056932,30.454676,0.105233,0.463422,0.461361,0.461361,556.829888
42,-0.049365,37.859730,0.083618,0.422216,0.422216,0.422216,567.180485
43,-0.066785,31.097836,0.075654,0.417185,0.418355,0.418355,559.490181
44,-0.073462,35.546452,0.084187,0.450021,0.449269,0.449269,562.795465
45,-0.077758,33.682415,0.083618,0.460768,0.460768,0.460768,558.132120
46,-0.086821,34.820580,0.085893,0.445077,0.446818,0.446818,555.216942
47,-0.101448,35.909687,0.093857,0.475256,0.475256,0.475256,563.976972
48,-0.102687,28.727081,0.097270,0.466472,0.465842,0.465842,567.068225
49,-0.112222,37.732510,0.087600,0.439085,0.439133,0.439133,559.383754
50,-0.110608,34.436749,0.089306,0.458763,0.458775,0.458775,550.920349
51,-0.121974,32.225388,0.080205,0.450835,0.452292,0.452292,549.458004
52,-0.123485,33.548611,0.081911,0.444683,0.444643,0.444643,552.737400
53,-0.131126,24.175116,0.083618,0.410682,0.410682,0.410682,562.168813
54,-0.141927,34.757984,0.092719,0.477089,0.476595,0.476595,564.442154
55,-0.146560,31.716854,0.092150,0.450646,0.450372,0.450372,554.161199
56,-0.148390,38.210670,0.091013,0.447482,0.446299,0.446299,557.253292
57,-0.155833,38.961914,0.080774,0.443337,0.445275,0.445275,556.020804
58,-0.160498,31.143854,0.099545,0.442985,0.441954,0.441954,595.783482
59,-0.164934,34.151524,0.091013,0.470952,0.470952,0.470952,563.469091
60,-0.173367,29.065248,0.087600,0.466301,0.466696,0.466696,569.898605
61,-0.173009,34.026314,0.087600,0.485355,0.484648,0.484648,562.151557
62,-0.179551,32.964077,0.093288,0.461918,0.463183,0.463183,553.798465
63,-0.186691,30.809343,0.086462,0.487393,0.487393,0.487393,565.719703
64,-0.190147,31.484583,0.089306,0.479370,0.479370,0.479370,552.684464
65,-0.200593,36.615681,0.090444,0.469713,0.469268,0.469268,549.503454
66,-0.203496,30.040384,0.086462,0.456003,0.455624,0.455624,555.225675
67,-0.213349,31.004683,0.089306,0.447923,0.448493,0.448493,551.786520
68,-0.219353,33.237564,0.087600,0.489541,0.489541,0.489541,556.353350
69,-0.217979,34.832649,0.093288,0.465116,0.466046,0.466046,561.074287
70,-0.224078,32.971855,0.093288,0.505048,0.505048,0.505048,557.703481
71,-0.235431,35.219402,0.088168,0.491429,0.491422,0.491422,552.867693
72,-0.233541,35.097134,0.091013,0.481307,0.481943,0.481943,617.633063
73,-0.232493,29.781574,0.097838,0.471206,0.471206,0.471206,612.136787
74,-0.241637,26.401768,0.073948,0.438163,0.438163,0.438163,615.638346
75,-0.251729,30.503454,0.082480,0.460425,0.460425,0.460425,607.160655
76,-0.252362,34.349033,0.091013,0.479212,0.479212,0.479212,614.396691
77,-0.260918,30.635107,0.085893,0.482981,0.483426,0.483426,571.686964
78,-0.267084,33.208786,0.098407,0.497676,0.497676,0.497676,548.032285
79,-0.270019,34.684681,0.092150,0.461100,0.461100,0.461100,554.423334
80,-0.273987,30.702944,0.093288,0.452996,0.452996,0.452996,562.625929
81,-0.271053,29.980421,0.089875,0.474876,0.474876,0.474876,551.220404
82,-0.276897,33.963535,0.092150,0.475212,0.476636,0.476636,541.699651
83,-0.283055,31.908722,0.092719,0.479447,0.479447,0.479447,548.044971
84,-0.286636,23.406683,0.085324,0.397276,0.398423,0.398423,597.517135
85,-0.295855,38.194454,0.085893,0.441957,0.441617,0.441617,630.605181
86,-0.293539,33.523529,0.099545,0.462871,0.462871,0.462871,634.766837
