epoch,train_loss,avg_valid_loss,valid_accuracy,valid_kappa,valid_kappa_exp,valid_kappa_mc,time
1,-0.447887,10.026140,0.737770,0.000000,0.000000,0.000000,419.412511
2,-0.462566,9.953334,0.737770,0.000000,0.000000,0.000000,433.368026
3,-0.471242,9.772017,0.737770,0.000000,0.000000,0.000000,440.876274
4,-0.479831,9.717614,0.737770,0.000000,0.000000,0.000000,427.051018
5,-0.488332,9.596603,0.737770,0.000000,0.000000,0.000000,451.076729
6,-0.496746,9.510565,0.737770,0.000000,0.000000,0.000000,423.028455
7,-0.505072,9.447023,0.737770,0.000000,0.000000,0.000000,418.877099
8,-0.513308,9.337492,0.737770,0.000000,0.000000,0.000000,437.548210
9,-0.521460,9.175860,0.737770,0.000000,0.000000,0.000000,425.280726
10,-0.529529,9.146856,0.737770,0.000000,0.000000,0.000000,431.000880
11,-0.537516,9.012632,0.737770,0.000000,0.000000,0.000000,427.958163
12,-0.545421,8.937599,0.737770,0.000000,0.000000,0.000000,428.675763
13,-0.553244,8.850831,0.737770,0.000000,0.000000,0.000000,439.192106
14,-0.560981,8.708267,0.737770,0.000000,0.000000,0.000000,419.636029
15,-0.568640,8.666346,0.737770,0.000000,0.000000,0.000000,453.941706
16,-0.576220,8.551530,0.737770,0.000000,0.000000,0.000000,456.263473
17,-0.583724,8.485910,0.737770,0.000000,0.000000,0.000000,432.026843
18,-0.591151,8.344950,0.737770,0.000000,0.000000,0.000000,460.379207
19,-0.598501,8.282728,0.737770,0.000000,0.000000,0.000000,434.130275
20,-0.605770,8.248713,0.737770,0.000000,0.000000,0.000000,431.732090
21,-0.612965,8.127803,0.737770,0.000000,0.000000,0.000000,462.167259
22,-0.620087,8.059804,0.737770,0.000000,0.000000,0.000000,428.863497
23,-0.627136,7.945622,0.737770,0.000000,0.000000,0.000000,441.234171
24,-0.634113,7.864388,0.737770,0.000000,0.000000,0.000000,429.873461
25,-0.641019,7.819676,0.737770,0.000000,0.000000,0.000000,424.977082
26,-0.647850,7.758645,0.737770,0.000000,0.000000,0.000000,442.455879
27,-0.654609,7.640922,0.737770,0.000000,0.000000,0.000000,434.245241
28,-0.661299,7.574274,0.737770,0.000000,0.000000,0.000000,440.592391
29,-0.667921,7.530887,0.737770,0.000000,0.000000,0.000000,447.626804
30,-0.674476,7.413040,0.737770,0.000000,0.000000,0.000000,427.852230
31,-0.680964,7.314245,0.737770,0.000000,0.000000,0.000000,436.642252
32,-0.687384,7.313607,0.737770,0.000000,0.000000,0.000000,446.890762
33,-0.693734,7.193425,0.737770,0.000000,0.000000,0.000000,421.979961
34,-0.700019,7.129167,0.737770,0.000000,0.000000,0.000000,436.530785
35,-0.706239,7.035709,0.737770,0.000000,0.000000,0.000000,461.490983
36,-0.712397,6.938309,0.737770,0.000000,0.000000,0.000000,421.571621
37,-0.718491,6.889435,0.737770,0.000000,0.000000,0.000000,433.949631
38,-0.724524,6.811561,0.737770,0.000000,0.000000,0.000000,443.086520
39,-0.730493,6.770097,0.737770,0.000000,0.000000,0.000000,429.338227
40,-0.736397,6.674885,0.737770,0.000000,0.000000,0.000000,423.137452
41,-0.742240,6.626786,0.737770,0.000000,0.000000,0.000000,415.281843
42,-0.748024,6.561409,0.737770,0.000000,0.000000,0.000000,411.181091
43,-0.753749,6.470157,0.737770,0.000000,0.000000,0.000000,410.772312
44,-0.759415,6.438804,0.737770,0.000000,0.000000,0.000000,411.424295
45,-0.765024,6.327472,0.737770,0.000000,0.000000,0.000000,410.996235
46,-0.770575,6.278763,0.737770,0.000000,0.000000,0.000000,411.964887
47,-0.776064,6.220088,0.737770,0.000000,0.000000,0.000000,411.994154
48,-0.781497,6.161307,0.737770,0.000000,0.000000,0.000000,413.196000
49,-0.786874,6.080185,0.737770,0.000000,0.000000,0.000000,411.294741
50,-0.792196,6.055846,0.737770,0.000000,0.000000,0.000000,411.767781
51,-0.797465,5.995162,0.737770,0.000000,0.000000,0.000000,411.430739
52,-0.802680,5.902743,0.737770,0.000000,0.000000,0.000000,412.236324
53,-0.807841,5.863001,0.737770,0.000000,0.000000,0.000000,411.129480
54,-0.812946,5.792881,0.737770,0.000000,0.000000,0.000000,411.761845
55,-0.817997,5.718722,0.737770,0.000000,0.000000,0.000000,411.202236
56,-0.822996,5.659776,0.737770,0.000000,0.000000,0.000000,411.439938
57,-0.827944,5.607570,0.737770,0.000000,0.000000,0.000000,411.188234
58,-0.832842,5.547199,0.737770,0.000000,0.000000,0.000000,409.940667
59,-0.837690,5.496964,0.737770,0.000000,0.000000,0.000000,409.308679
60,-0.842489,5.451624,0.737770,0.000000,0.000000,0.000000,412.746133
61,-0.847238,5.381028,0.737770,0.000000,0.000000,0.000000,411.413757
62,-0.851934,5.349585,0.737770,0.000000,0.000000,0.000000,411.145938
63,-0.856581,5.278737,0.737770,0.000000,0.000000,0.000000,411.348640
64,-0.861181,5.228569,0.737770,0.000000,0.000000,0.000000,411.293265
65,-0.865734,5.187798,0.737770,0.000000,0.000000,0.000000,411.393412
66,-0.870241,5.124119,0.737770,0.000000,0.000000,0.000000,411.406038
67,-0.874702,5.069779,0.737770,0.000000,0.000000,0.000000,411.872987
68,-0.879117,5.020718,0.737770,0.000000,0.000000,0.000000,410.993643
69,-0.883487,4.969283,0.737770,0.000000,0.000000,0.000000,409.755734
70,-0.887808,4.960266,0.737770,0.000000,0.000000,0.000000,411.293034
71,-0.892083,4.886140,0.737770,0.000000,0.000000,0.000000,410.716381
72,-0.896316,4.838692,0.737770,0.000000,0.000000,0.000000,411.300230
73,-0.900505,4.790184,0.737770,0.000000,0.000000,0.000000,412.096129
74,-0.904652,4.761273,0.737770,0.000000,0.000000,0.000000,410.448534
75,-0.908756,4.712801,0.737770,0.000000,0.000000,0.000000,412.510499
76,-0.912818,4.643453,0.737770,0.000000,0.000000,0.000000,411.035497
77,-0.916839,4.641715,0.737770,0.000000,0.000000,0.000000,410.919356
78,-0.920816,4.589419,0.737770,0.000000,0.000000,0.000000,411.114818
79,-0.924750,4.543417,0.737770,0.000000,0.000000,0.000000,413.665933
80,-0.928643,4.499758,0.737770,0.000000,0.000000,0.000000,408.922223
81,-0.932497,4.479551,0.737770,0.000000,0.000000,0.000000,411.328522
82,-0.936312,4.433584,0.737770,0.000000,0.000000,0.000000,411.628128
83,-0.940088,4.394123,0.737770,0.000000,0.000000,0.000000,410.156227
84,-0.943825,4.370410,0.737770,0.000000,0.000000,0.000000,411.931352
85,-0.947525,4.340333,0.737770,0.000000,0.000000,0.000000,410.907946
86,-0.951186,4.316976,0.737770,0.000000,0.000000,0.000000,411.629489
87,-0.954806,4.258762,0.737770,0.000000,0.000000,0.000000,410.955051
88,-0.958387,4.260033,0.737770,0.000000,0.000000,0.000000,412.055336
89,-0.961933,4.212405,0.737770,0.000000,0.000000,0.000000,410.982606
90,-0.965441,4.187247,0.737770,0.000000,0.000000,0.000000,411.598274
91,-0.968915,4.160530,0.737770,0.000000,0.000000,0.000000,410.747605
92,-0.972353,4.130769,0.737770,0.000000,0.000000,0.000000,410.902596
93,-0.975756,4.092925,0.737770,0.000000,0.000000,0.000000,411.103450
94,-0.979124,4.073774,0.737770,0.000000,0.000000,0.000000,411.541978
95,-0.982458,4.044672,0.737770,0.000000,0.000000,0.000000,411.177669
96,-0.985754,4.032922,0.737770,0.000000,0.000000,0.000000,411.378729
97,-0.989015,4.030440,0.737770,0.000000,0.000000,0.000000,411.217298
98,-0.992243,3.991068,0.737770,0.000000,0.000000,0.000000,411.458715
99,-0.995438,3.979526,0.737770,0.000000,0.000000,0.000000,410.561260
100,-0.998601,3.947953,0.737770,0.000000,0.000000,0.000000,411.247414
101,-1.001731,3.944918,0.737770,0.000000,0.000000,0.000000,410.830780
102,-1.004829,3.934338,0.737770,0.000000,0.000000,0.000000,412.289745
103,-1.007896,3.909045,0.737770,0.000000,0.000000,0.000000,410.869570
104,-1.010931,3.882369,0.737770,0.000000,0.000000,0.000000,411.991300
105,-1.013935,3.873250,0.737770,0.000000,0.000000,0.000000,409.437776
106,-1.016904,3.863024,0.737770,0.000000,0.000000,0.000000,408.958880
107,-1.019843,3.849146,0.737770,0.000000,0.000000,0.000000,411.253401
108,-1.022752,3.832107,0.737770,0.000000,0.000000,0.000000,411.109512
109,-1.025631,3.823479,0.737770,0.000000,0.000000,0.000000,411.399410
110,-1.028480,3.802558,0.737770,0.000000,0.000000,0.000000,412.634222
111,-1.031301,3.792504,0.737770,0.000000,0.000000,0.000000,412.345725
112,-1.034093,3.780031,0.737770,0.000000,0.000000,0.000000,412.052057
