1,0.967366,1.241983,0.790102,0.540942,0.596348,0.596348,605.324488
2,0.958640,1.228970,0.791809,0.531146,0.575237,0.575237,590.953254
3,0.948152,1.186514,0.787827,0.640905,0.640629,0.640629,609.470620
4,0.937081,1.126516,0.806598,0.635315,0.654762,0.654762,637.231135
5,0.927411,1.174736,0.791240,0.648573,0.685521,0.685521,644.695040
6,0.927141,1.177445,0.796928,0.584113,0.627509,0.627509,631.777634
7,0.916172,1.161941,0.792947,0.664055,0.694165,0.694165,631.317088
1,0.892102,1.182596,0.800341,0.645899,0.677697,0.677697,658.631660
2,0.891047,1.302711,0.777588,0.558362,0.611798,0.611798,651.289700
3,0.878531,1.221926,0.765074,0.575683,0.643667,0.643667,686.130481
4,0.876337,1.233682,0.760523,0.602035,0.614411,0.614411,708.013777
5,0.864474,1.139747,0.795222,0.668981,0.684767,0.684767,705.432533
6,0.862575,1.137156,0.803185,0.635886,0.678270,0.678270,700.039927
7,0.856304,1.137072,0.786121,0.667605,0.694201,0.694201,702.865379
8,0.869524,1.153365,0.799204,0.604632,0.625325,0.625325,696.536172
9,0.860105,1.333987,0.678043,0.596881,0.595991,0.595991,714.578366
10,0.858037,1.310636,0.675199,0.636969,0.623811,0.623811,706.021225
11,0.847776,1.176315,0.793515,0.598509,0.647691,0.647691,665.940492
12,0.833585,1.181421,0.796359,0.589164,0.634300,0.634300,654.227692
13,0.831712,1.107504,0.801479,0.656129,0.702664,0.702664,653.900204
14,0.829402,1.122215,0.802617,0.603074,0.651063,0.651063,665.277143
15,0.826958,1.120395,0.788965,0.670872,0.695268,0.695268,672.551224
16,0.820980,1.108462,0.784414,0.635159,0.676769,0.676769,669.165794
17,0.813653,1.154751,0.777019,0.627082,0.654875,0.654875,669.952888
18,0.811892,1.091146,0.793515,0.677967,0.698659,0.698659,676.347927
19,0.803448,1.146015,0.793515,0.616122,0.636785,0.636785,693.735644
20,0.793570,1.221799,0.791809,0.610955,0.647273,0.647273,662.206418
21,0.797495,1.174412,0.755973,0.684643,0.689614,0.689614,651.459465
22,0.784702,1.107432,0.790671,0.635315,0.667117,0.667117,657.299075
23,0.788121,1.124206,0.782708,0.675582,0.675678,0.675678,654.061044
24,0.775864,1.085142,0.799204,0.698728,0.708228,0.708228,651.882288
25,0.769938,1.067032,0.801479,0.679970,0.694966,0.694966,649.230785
26,0.767233,1.128407,0.782139,0.612994,0.661220,0.661220,645.819615
27,0.763148,1.059125,0.803185,0.693929,0.710561,0.710561,649.217468
28,0.758781,1.000317,0.806030,0.684917,0.723063,0.723063,650.572605
29,0.752519,1.102357,0.803185,0.641391,0.651579,0.651579,653.236764
30,0.747355,1.088150,0.791240,0.690798,0.706724,0.706724,655.830276
31,0.744517,1.008842,0.798066,0.694413,0.707516,0.707516,655.506480
32,0.741433,1.075279,0.799204,0.714038,0.726783,0.726783,651.499032
33,0.733303,1.134825,0.754835,0.685853,0.683828,0.683828,647.384034
34,0.729217,1.208695,0.726394,0.629454,0.619600,0.619600,650.277406
35,0.722861,1.069699,0.799204,0.671746,0.681744,0.681744,650.202561
36,0.721778,0.998189,0.798066,0.673650,0.702250,0.702250,612.312344
37,0.720072,0.982324,0.804323,0.689876,0.722465,0.722465,619.006420
38,0.710114,0.996567,0.799204,0.693237,0.732081,0.732081,610.245110
39,0.708460,1.019279,0.792947,0.655767,0.694322,0.694322,620.705535
40,0.704324,0.991071,0.803754,0.686571,0.708643,0.708643,616.164897
41,0.701788,1.068117,0.793515,0.622907,0.670798,0.670798,622.417095
42,0.698958,0.966619,0.811149,0.689096,0.709366,0.709366,612.354724
43,0.696101,0.991100,0.810580,0.666277,0.696822,0.696822,618.159145
44,0.690283,1.086023,0.790671,0.582413,0.630065,0.630065,631.237885
45,0.686097,0.966284,0.808305,0.667759,0.708987,0.708987,623.689573
46,0.687048,1.005720,0.790671,0.618016,0.664858,0.664858,619.591500
47,0.681839,1.104054,0.748009,0.649229,0.647705,0.647705,622.257838
48,0.674265,0.990312,0.795791,0.676805,0.703257,0.703257,627.796860
49,0.674105,1.082257,0.771900,0.672812,0.682561,0.682561,623.959252
50,0.668435,0.928598,0.807167,0.702138,0.734062,0.734062,621.501071
51,0.670010,0.963245,0.793515,0.683169,0.715665,0.715665,620.647299
52,0.661650,0.923282,0.817975,0.661696,0.700418,0.700418,621.130690
53,0.657252,0.929203,0.804892,0.704599,0.698944,0.698944,618.813336
54,0.653609,1.089977,0.792378,0.602789,0.634990,0.634990,617.647379
55,0.650089,0.986032,0.791809,0.696120,0.698022,0.698022,624.567798
56,0.649024,0.931520,0.803754,0.673879,0.714102,0.714102,629.484899
57,0.650003,0.952541,0.806598,0.671264,0.697105,0.697105,628.934276
58,0.640754,0.971631,0.792947,0.665457,0.686380,0.686380,643.774462
59,0.634994,0.938632,0.806030,0.687406,0.722127,0.722127,624.516002
60,0.632259,0.920754,0.811149,0.707388,0.725076,0.725076,613.722056
61,0.629280,1.001100,0.802617,0.613261,0.637258,0.637258,626.593930
62,0.626013,0.979758,0.807167,0.661955,0.685656,0.685656,631.038697
63,0.628672,0.943427,0.794653,0.703383,0.733460,0.733460,618.643265
64,0.623017,0.914677,0.813993,0.691044,0.729619,0.729619,632.845532
65,0.625390,1.066845,0.743458,0.625543,0.641377,0.641377,617.674502
66,0.618659,0.911600,0.808305,0.689848,0.712863,0.712863,620.408385
67,0.613324,0.960791,0.795222,0.677450,0.708243,0.708243,634.861482
68,0.611556,0.935911,0.806030,0.658558,0.711931,0.711931,621.753934
69,0.612299,1.120049,0.735495,0.600143,0.603422,0.603422,621.603564
70,0.613865,0.920755,0.810011,0.691422,0.707369,0.707369,622.241060
71,0.603081,0.860152,0.816837,0.687329,0.717280,0.717280,624.023280
72,0.599310,0.987274,0.769056,0.690029,0.689177,0.689177,636.777523
73,0.594938,0.899961,0.812287,0.695386,0.728386,0.728386,624.317385
74,0.596194,0.913028,0.803185,0.718976,0.724721,0.724721,620.102574
75,0.589323,0.919040,0.794653,0.692333,0.725287,0.725287,628.728814
76,0.588287,0.907373,0.802617,0.711420,0.720534,0.720534,612.923089
77,0.592328,0.895487,0.813993,0.710847,0.729284,0.729284,600.525981
78,0.584120,0.890270,0.812287,0.677071,0.706641,0.706641,604.826033
79,0.576723,0.898066,0.810580,0.698491,0.720210,0.720210,601.637588
80,0.574796,0.828471,0.824801,0.688675,0.722042,0.722042,599.642819
81,0.575147,0.879805,0.807167,0.682170,0.727922,0.727922,595.598393
82,0.574560,0.864014,0.817406,0.698024,0.729445,0.729445,589.906604
83,0.567394,0.876922,0.811718,0.690548,0.736622,0.736622,596.177384
84,0.562823,0.909951,0.799204,0.697428,0.686599,0.686599,602.406746
85,0.562911,0.983750,0.797497,0.609044,0.645984,0.645984,604.321854
86,0.565539,0.855031,0.815131,0.695738,0.731830,0.731830,587.333339
87,0.558103,0.855073,0.808874,0.662900,0.719988,0.719988,580.963962
88,0.555612,0.874040,0.814562,0.695513,0.715745,0.715745,583.126354
89,0.549102,0.843936,0.810580,0.685137,0.723986,0.723986,582.531076
90,0.550357,0.851093,0.808305,0.706837,0.741874,0.741874,582.290471
91,0.550853,0.850750,0.815131,0.726091,0.738941,0.738941,584.545952
92,0.540862,0.834280,0.814562,0.695740,0.731867,0.731867,583.993392
93,0.537333,0.851472,0.804323,0.691877,0.726103,0.726103,588.168813
94,0.542699,0.882653,0.807736,0.706717,0.736026,0.736026,601.158328
95,0.541466,0.825726,0.816837,0.713054,0.750800,0.750800,594.635209
96,0.538276,0.845267,0.816268,0.700350,0.715713,0.715713,609.178424
97,0.538688,0.866180,0.804892,0.654536,0.703229,0.703229,628.072348
98,0.539980,0.834251,0.805461,0.689456,0.730682,0.730682,638.519628
99,0.531472,0.889726,0.807167,0.670590,0.693119,0.693119,658.049109
100,0.528349,0.864521,0.811718,0.688288,0.720983,0.720983,687.650129
101,0.529529,0.842491,0.811149,0.708661,0.723012,0.723012,632.873072
102,0.525513,0.824893,0.812856,0.681396,0.719126,0.719126,634.696663
103,0.522985,0.836365,0.819113,0.683398,0.712845,0.712845,643.147245
104,0.520654,0.805901,0.829920,0.702906,0.733931,0.733931,642.052835
105,0.522198,0.810362,0.816837,0.699645,0.728324,0.728324,637.907199
106,0.513517,0.826649,0.816268,0.689198,0.712135,0.712135,638.102266
107,0.511340,0.830471,0.810580,0.698004,0.742710,0.742710,633.749390
108,0.517147,0.813709,0.808874,0.698793,0.732432,0.732432,639.320081
109,0.510530,0.795331,0.811718,0.713735,0.748693,0.748693,633.457876
110,0.506997,0.817885,0.809443,0.648419,0.684052,0.684052,631.876176
111,0.506414,0.854749,0.809443,0.665319,0.710258,0.710258,625.693797
112,0.504689,0.803399,0.812856,0.720019,0.743772,0.743772,628.798797
113,0.504834,0.813347,0.819113,0.704137,0.745075,0.745075,627.336742
114,0.499753,0.845968,0.801479,0.666016,0.712107,0.712107,628.272636
115,0.497504,0.807662,0.818544,0.683673,0.711449,0.711449,638.859445
116,0.495593,0.832652,0.808874,0.659723,0.698256,0.698256,624.824261
117,0.492893,0.830189,0.805461,0.685775,0.709184,0.709184,631.537035
118,0.490762,0.858140,0.787258,0.701539,0.721686,0.721686,632.337716
119,0.495700,0.825012,0.797497,0.693730,0.706923,0.706923,630.591140
120,0.490766,0.867470,0.794653,0.670052,0.695405,0.695405,591.593506
121,0.492203,0.827853,0.811149,0.654895,0.674456,0.674456,606.354864
122,0.489052,0.773815,0.808305,0.691744,0.727691,0.727691,589.066010
123,0.485003,0.990650,0.745165,0.601790,0.594471,0.594471,582.949218
124,0.484625,0.810395,0.810011,0.706729,0.721307,0.721307,594.139641
125,0.478778,0.798160,0.813424,0.711829,0.735138,0.735138,594.567871
126,0.482669,0.804300,0.813993,0.693798,0.725813,0.725813,586.008315
127,0.473700,0.779273,0.804323,0.688981,0.729142,0.729142,585.730128
128,0.471450,0.812911,0.803754,0.686289,0.713468,0.713468,603.363831
129,0.478866,0.782098,0.817406,0.693200,0.729110,0.729110,585.217350
130,0.470413,0.797003,0.811149,0.713718,0.733005,0.733005,589.767919
131,0.470492,0.851305,0.781001,0.660464,0.686974,0.686974,590.718794
132,0.469091,0.772599,0.819113,0.729517,0.754461,0.754461,596.656344
133,0.473604,0.776851,0.815700,0.679294,0.727815,0.727815,602.765451
134,0.468011,0.787714,0.813424,0.694306,0.742758,0.742758,591.353354
135,0.460040,0.776271,0.816268,0.705528,0.738863,0.738863,595.257236
136,0.463554,0.786068,0.820819,0.732698,0.751055,0.751055,599.160354
137,0.458530,0.779124,0.820250,0.699917,0.740994,0.740994,595.929976
138,0.457948,0.788448,0.812287,0.671749,0.714554,0.714554,592.722046
139,0.459496,0.779548,0.812287,0.701760,0.732551,0.732551,595.328832
140,0.456973,0.822172,0.811149,0.698206,0.712528,0.712528,591.135390
141,0.453385,0.832542,0.808874,0.677921,0.708700,0.708700,601.130135
142,0.454865,0.791734,0.809443,0.718572,0.745153,0.745153,594.379127
143,0.455239,0.768635,0.817975,0.676379,0.716166,0.716166,597.890477
144,0.449207,0.788036,0.821388,0.699524,0.732878,0.732878,594.889754
145,0.448576,0.755261,0.824801,0.699155,0.722550,0.722550,605.254617
146,0.442484,0.800869,0.813993,0.679445,0.730390,0.730390,590.807012
147,0.444742,0.801341,0.812856,0.686669,0.719302,0.719302,591.290779
148,0.446284,0.740368,0.813424,0.714075,0.755429,0.755429,598.914767
149,0.436304,0.799941,0.810011,0.686784,0.730137,0.730137,592.680840
150,0.440517,0.848402,0.771900,0.665759,0.684325,0.684325,598.857357
151,0.438108,0.771174,0.812287,0.693261,0.721267,0.721267,589.650924
152,0.438910,0.768429,0.816837,0.716192,0.733693,0.733693,593.828341
153,0.441296,0.740944,0.821388,0.695683,0.732531,0.732531,596.973646
154,0.432636,0.745724,0.808874,0.697501,0.718522,0.718522,591.405173
155,0.435954,0.755511,0.823663,0.718936,0.754213,0.754213,594.763607
156,0.429481,0.797549,0.813424,0.693789,0.720028,0.720028,591.250984
157,0.425656,0.751472,0.815131,0.687719,0.713892,0.713892,594.403233
158,0.430985,0.778087,0.803185,0.668882,0.705040,0.705040,585.139176
159,0.435623,0.771398,0.804323,0.685568,0.724614,0.724614,592.518109
160,0.429228,0.778801,0.804323,0.691610,0.736902,0.736902,595.478607
161,0.424442,0.747763,0.804892,0.702227,0.742264,0.742264,593.797575
162,0.422372,0.737724,0.822526,0.698072,0.719749,0.719749,595.763005
163,0.423223,0.758800,0.814562,0.720332,0.730974,0.730974,605.626897
164,0.421187,0.797362,0.813993,0.651241,0.695716,0.695716,593.937198
165,0.423541,0.772558,0.814562,0.675329,0.703256,0.703256,593.155974
166,0.423498,0.738748,0.812287,0.700016,0.735689,0.735689,596.573343
167,0.420456,0.761822,0.810011,0.699583,0.729005,0.729005,600.057248
168,0.419190,0.747331,0.818544,0.715223,0.746719,0.746719,587.758212
169,0.413330,0.781581,0.813993,0.683412,0.715389,0.715389,584.205759
170,0.412925,0.751407,0.815131,0.710987,0.733424,0.733424,585.529426
171,0.407460,0.779311,0.812287,0.666075,0.698411,0.698411,585.575554
172,0.417398,0.797214,0.803185,0.649297,0.691522,0.691522,578.061290
173,0.407266,0.753705,0.814562,0.686251,0.718906,0.718906,583.573364
174,0.405815,0.786778,0.819681,0.705533,0.725420,0.725420,598.374039
175,0.409507,0.745844,0.820819,0.714062,0.735999,0.735999,615.314325
176,0.407266,0.743536,0.816268,0.691313,0.721942,0.721942,603.724654
177,0.408739,0.766615,0.802048,0.690845,0.706586,0.706586,607.191613
178,0.405345,0.788371,0.800341,0.715856,0.743813,0.743813,607.817344
179,0.404756,0.761545,0.815131,0.653326,0.700236,0.700236,609.633766
180,0.403307,0.752825,0.800341,0.687561,0.697750,0.697750,603.850132
181,0.394055,0.777562,0.812287,0.699229,0.725643,0.725643,602.186559
182,0.401299,0.763990,0.824801,0.729967,0.735296,0.735296,603.912069
183,0.398195,0.758291,0.815131,0.709559,0.734344,0.734344,607.143948
184,0.402674,0.736659,0.824232,0.705477,0.733685,0.733685,603.270032
185,0.397618,0.729282,0.817406,0.715445,0.737130,0.737130,599.155624
186,0.390585,0.806288,0.796359,0.680483,0.689066,0.689066,607.515043
187,0.396498,0.746444,0.813424,0.665667,0.706648,0.706648,593.569065
188,0.390286,0.801701,0.813424,0.630207,0.669356,0.669356,589.897789
189,0.389734,0.753968,0.812287,0.672225,0.707007,0.707007,595.470208
190,0.393879,0.737447,0.820250,0.674870,0.716458,0.716458,591.811672
191,0.394115,0.750714,0.815700,0.669182,0.707410,0.707410,597.310624
192,0.394330,0.742478,0.813424,0.714082,0.735729,0.735729,590.799449
193,0.391699,0.736219,0.812856,0.704975,0.723781,0.723781,589.737040
194,0.383305,0.766262,0.794653,0.661329,0.704768,0.704768,593.362246
195,0.384770,0.766595,0.816837,0.680948,0.706066,0.706066,595.184307
196,0.391733,0.737335,0.813424,0.707697,0.739165,0.739165,590.660380
197,0.381155,0.790016,0.817406,0.660826,0.703086,0.703086,594.335870
198,0.382282,0.777647,0.799204,0.649960,0.697154,0.697154,586.157303
199,0.383167,0.774166,0.795222,0.686946,0.703398,0.703398,614.360583
200,0.380912,0.770580,0.806030,0.683302,0.723645,0.723645,625.054655
201,0.383868,0.746032,0.800910,0.673492,0.715406,0.715406,596.427811
202,0.377939,0.781074,0.815700,0.657626,0.682148,0.682148,609.967127
203,0.374106,0.744989,0.810011,0.689157,0.733148,0.733148,594.887180
204,0.376033,0.776463,0.811718,0.725298,0.746804,0.746804,601.914938
205,0.380176,0.754532,0.812856,0.683491,0.718641,0.718641,591.851848
206,0.369261,0.730713,0.811149,0.677263,0.726026,0.726026,593.276889
207,0.368499,0.745713,0.815700,0.673688,0.716619,0.716619,633.707059
208,0.371964,0.768767,0.800341,0.680109,0.711815,0.711815,603.954970
209,0.370847,0.785385,0.821388,0.689907,0.726919,0.726919,636.467324
210,0.365991,0.807566,0.811149,0.665821,0.717767,0.717767,627.964453
211,0.371091,0.765304,0.798066,0.696752,0.703820,0.703820,592.534602
212,0.364653,0.822952,0.773606,0.640905,0.667671,0.667671,614.173468
213,0.366703,0.764259,0.790102,0.662463,0.696670,0.696670,602.564882
214,0.368021,0.737036,0.812856,0.694663,0.712700,0.712700,595.543148
215,0.371593,0.798927,0.813424,0.675348,0.691159,0.691159,626.989733
216,0.366924,0.719820,0.805461,0.689649,0.731007,0.731007,612.077500
217,0.362828,0.758470,0.816837,0.716313,0.728468,0.728468,628.720019
218,0.361366,0.751625,0.816268,0.717281,0.742349,0.742349,617.793097
219,0.370267,0.803579,0.777019,0.638171,0.640455,0.640455,606.680114
220,0.362541,0.739568,0.811149,0.691865,0.724746,0.724746,616.945542
221,0.356754,0.775530,0.781001,0.655017,0.700314,0.700314,629.545063
222,0.364339,0.761633,0.807167,0.704256,0.725641,0.725641,626.392537
223,0.354968,0.735978,0.819113,0.714005,0.755123,0.755123,623.424448
224,0.357675,0.775594,0.801479,0.672299,0.686664,0.686664,633.780790
225,0.352053,0.730629,0.808305,0.688310,0.739177,0.739177,633.182192
226,0.357871,0.734178,0.811718,0.709514,0.726765,0.726765,636.673430
227,0.352371,0.756915,0.796928,0.664552,0.686851,0.686851,635.011115
228,0.357651,0.764853,0.815700,0.700349,0.725859,0.725859,608.189880
229,0.349759,0.732381,0.808305,0.676539,0.721566,0.721566,624.163376
230,0.351233,0.759423,0.811718,0.699984,0.722883,0.722883,602.333757
231,0.354549,0.748579,0.813993,0.681462,0.728412,0.728412,620.724309
232,0.353181,0.785201,0.784414,0.635079,0.667898,0.667898,621.179702
233,0.346111,0.750787,0.805461,0.693721,0.729487,0.729487,615.613518
234,0.343183,0.741170,0.810011,0.693546,0.726758,0.726758,634.870362
235,0.344798,0.728466,0.813424,0.711357,0.736271,0.736271,623.518148
236,0.352923,0.758707,0.810011,0.689220,0.722365,0.722365,599.951611
237,0.345338,0.757492,0.807736,0.681252,0.708024,0.708024,625.708969
238,0.346920,0.822929,0.806030,0.644216,0.663282,0.663282,611.517038
239,0.346528,0.806332,0.770762,0.652114,0.666117,0.666117,648.762285
240,0.342686,0.793795,0.782708,0.665269,0.698681,0.698681,643.944951
241,0.338765,0.779714,0.789534,0.676711,0.704527,0.704527,613.949111
242,0.339092,0.712278,0.809443,0.698041,0.717937,0.717937,615.831850
243,0.339776,0.851502,0.747440,0.624600,0.639724,0.639724,626.453608
244,0.339303,0.787440,0.811718,0.644163,0.680734,0.680734,630.939724
245,0.339925,0.778962,0.796359,0.689285,0.692964,0.692964,617.320947
246,0.341676,0.866554,0.742321,0.585500,0.600378,0.600378,607.580914
247,0.340336,0.750458,0.809443,0.709320,0.722580,0.722580,606.098135
248,0.335737,0.787194,0.792378,0.674272,0.677657,0.677657,616.454068
249,0.333534,0.786132,0.791809,0.685714,0.710242,0.710242,611.741203
250,0.339007,0.839005,0.779295,0.652193,0.660348,0.660348,605.725765
251,0.348786,0.727930,0.821388,0.717191,0.720784,0.720784,614.494616
252,0.339210,0.769357,0.801479,0.689437,0.732229,0.732229,603.467841
253,0.337659,0.750103,0.804892,0.681831,0.733340,0.733340,616.732127
254,0.331605,0.740084,0.806030,0.678589,0.723962,0.723962,610.357157
255,0.329860,0.762837,0.798635,0.659955,0.703876,0.703876,614.357328
256,0.338200,0.735646,0.811149,0.710248,0.729566,0.729566,593.066179
257,0.328922,0.766484,0.808874,0.679114,0.723043,0.723043,604.862819
258,0.329744,0.775479,0.794084,0.680093,0.714684,0.714684,612.756666
259,0.333388,0.761992,0.813424,0.682888,0.723439,0.723439,609.542968
260,0.327956,0.791197,0.806030,0.687296,0.712212,0.712212,604.813212
261,0.329769,0.766150,0.815700,0.674440,0.712635,0.712635,594.378225
262,0.324313,0.785770,0.796928,0.677256,0.705706,0.705706,616.305948
263,0.326232,0.751788,0.803754,0.706986,0.737575,0.737575,633.814592
264,0.320418,0.751282,0.808874,0.682515,0.707983,0.707983,611.006917
265,0.324684,0.767360,0.804323,0.703095,0.731793,0.731793,605.192713
266,0.329342,0.772400,0.814562,0.657972,0.702630,0.702630,609.109998
267,0.318994,0.767191,0.803754,0.685790,0.724301,0.724301,603.892332
268,0.318677,0.773130,0.811149,0.714838,0.727574,0.727574,622.933445
269,0.320760,0.751941,0.806030,0.674014,0.699670,0.699670,625.626801
270,0.318003,0.773399,0.812287,0.672721,0.715265,0.715265,599.084242
271,0.320529,0.759733,0.812856,0.679696,0.705631,0.705631,597.958818
272,0.317299,0.795250,0.812856,0.660712,0.688063,0.688063,583.828553
273,0.310387,0.767187,0.808305,0.691181,0.709899,0.709899,588.645085
274,0.314627,0.785732,0.807736,0.687389,0.715459,0.715459,587.629324
275,0.320500,0.814513,0.794084,0.687450,0.705628,0.705628,589.233806
276,0.320464,0.750996,0.819113,0.724088,0.732698,0.732698,590.196028
277,0.313363,0.779475,0.803185,0.633363,0.687301,0.687301,588.899998
278,0.313572,0.806792,0.813993,0.703342,0.727017,0.727017,590.240671
279,0.309813,0.766240,0.796359,0.665261,0.705009,0.705009,620.160412
280,0.316598,0.771522,0.807167,0.695958,0.728286,0.728286,591.533902
281,0.313374,0.789770,0.800341,0.682521,0.726927,0.726927,584.831442
282,0.314385,0.771716,0.803185,0.685872,0.702507,0.702507,586.351229
283,0.314548,0.783225,0.798635,0.677963,0.701438,0.701438,586.042344
284,0.311349,0.799346,0.806030,0.682699,0.707979,0.707979,601.928230
285,0.312846,0.772663,0.803754,0.691807,0.724867,0.724867,585.399153
286,0.317785,0.762804,0.814562,0.689599,0.725285,0.725285,588.212264
287,0.306755,0.791555,0.809443,0.674682,0.712100,0.712100,587.910902
288,0.310248,0.767182,0.813993,0.705210,0.716752,0.716752,602.846187
289,0.308149,0.778837,0.799204,0.698660,0.732848,0.732848,598.505158
290,0.315023,0.774245,0.800910,0.692080,0.708751,0.708751,586.668525
291,0.303822,0.822054,0.809443,0.643869,0.660595,0.660595,590.138653
292,0.307336,0.792413,0.813424,0.693975,0.726066,0.726066,599.816493
293,0.314652,0.752276,0.807736,0.688258,0.712276,0.712276,583.073735
294,0.302743,0.777023,0.817975,0.700317,0.720599,0.720599,587.604059
295,0.307488,0.803416,0.801479,0.667903,0.690259,0.690259,585.352307
296,0.303245,0.779952,0.794084,0.679512,0.712524,0.712524,589.174934
297,0.306331,0.778713,0.802617,0.701026,0.711253,0.711253,588.160667
298,0.304634,0.763538,0.798066,0.664684,0.703021,0.703021,589.534761
299,0.311466,0.787609,0.803754,0.649077,0.692845,0.692845,612.974742
300,0.294871,0.794520,0.796359,0.694500,0.726934,0.726934,599.188974
301,0.312906,0.800776,0.810580,0.684922,0.700944,0.700944,616.703473
302,0.312626,0.828726,0.795791,0.677123,0.716102,0.716102,613.366854
303,0.303518,0.787445,0.795222,0.661570,0.707841,0.707841,611.744251
304,0.294426,0.793672,0.800910,0.687995,0.709403,0.709403,605.211142
305,0.296470,0.833667,0.807167,0.648894,0.689028,0.689028,634.527658
306,0.297016,0.785870,0.804892,0.698029,0.733708,0.733708,634.353764
307,0.296341,0.777549,0.817406,0.695371,0.724227,0.724227,607.215302
308,0.298606,0.843437,0.781001,0.657675,0.695877,0.695877,610.005752
309,0.298051,0.822520,0.805461,0.682897,0.706143,0.706143,605.153329
310,0.296104,0.822511,0.796928,0.671233,0.691229,0.691229,611.401196
311,0.298431,0.805853,0.802617,0.685725,0.717912,0.717912,611.451998
312,0.297475,0.818721,0.801479,0.680483,0.703594,0.703594,636.975312
313,0.295283,0.815337,0.803754,0.679131,0.718596,0.718596,607.446213
314,0.290694,0.794574,0.806598,0.694645,0.728988,0.728988,623.669609
315,0.292318,0.771579,0.807167,0.731610,0.738289,0.738289,594.830828
316,0.291622,0.816900,0.813993,0.698817,0.719946,0.719946,632.513324
317,0.297711,0.799412,0.815700,0.671814,0.701914,0.701914,615.970182
318,0.299320,0.839358,0.777588,0.634282,0.676806,0.676806,606.374776
319,0.297929,0.822699,0.803754,0.663595,0.690129,0.690129,622.456106
320,0.292809,0.800520,0.802617,0.676718,0.719135,0.719135,618.590499
321,0.286799,0.822369,0.801479,0.701914,0.741472,0.741472,650.298163
322,0.290580,0.819421,0.804892,0.668116,0.720244,0.720244,651.585894
323,0.292163,0.869014,0.767349,0.635945,0.667277,0.667277,654.852060
324,0.284107,0.792397,0.800910,0.681465,0.717892,0.717892,637.030472
325,0.285294,0.786755,0.806598,0.690649,0.723275,0.723275,664.976796
326,0.286267,0.788160,0.810011,0.701411,0.714681,0.714681,629.856144
327,0.284900,0.794109,0.806030,0.679899,0.702988,0.702988,650.763247
328,0.284157,0.807364,0.792947,0.687861,0.714675,0.714675,658.870150
329,0.283591,0.815130,0.807167,0.694941,0.732530,0.732530,683.685373
330,0.290529,0.787182,0.803754,0.681297,0.729089,0.729089,679.570104
331,0.287335,0.823509,0.789534,0.662085,0.698832,0.698832,686.087227
332,0.278951,0.800822,0.805461,0.695135,0.738329,0.738329,689.134946
333,0.289305,0.834234,0.765643,0.644536,0.676471,0.676471,685.517632
334,0.294144,0.832225,0.786689,0.662190,0.682601,0.682601,681.514588
335,0.286375,0.833328,0.794653,0.663044,0.693072,0.693072,700.911688
336,0.275302,0.827316,0.816837,0.699860,0.720711,0.720711,697.327263
337,0.286693,0.790290,0.808305,0.690488,0.722490,0.722490,696.727323
338,0.279701,0.823055,0.804323,0.683657,0.688250,0.688250,700.527227
339,0.281549,0.811369,0.788396,0.662593,0.689485,0.689485,694.910064
340,0.278238,0.816848,0.792947,0.708663,0.726225,0.726225,694.824906
341,0.293341,0.831991,0.803185,0.637158,0.686606,0.686606,687.442436
342,0.288389,0.906700,0.799772,0.582201,0.599975,0.599975,695.798559
343,0.285521,0.854611,0.758248,0.620964,0.662643,0.662643,697.733815
344,0.280210,0.851035,0.784414,0.644121,0.682887,0.682887,699.955726
345,0.277168,0.821620,0.798635,0.672867,0.700165,0.700165,707.386804
346,0.290682,0.823120,0.800341,0.654303,0.690194,0.690194,688.871700
347,0.276019,0.841613,0.792947,0.664351,0.692607,0.692607,698.704808
348,0.278797,0.814981,0.796928,0.679988,0.714207,0.714207,696.662863
349,0.277202,0.806855,0.798066,0.674078,0.706774,0.706774,692.603138
350,0.270325,0.803786,0.811149,0.704254,0.713973,0.713973,670.553164
351,0.271261,0.817944,0.796359,0.667714,0.696703,0.696703,681.823102
352,0.268576,0.866262,0.767918,0.641086,0.673685,0.673685,674.122215
353,0.268585,0.810555,0.819681,0.688401,0.712756,0.712756,685.582026
354,0.275679,0.814338,0.789534,0.674771,0.713400,0.713400,662.709610
355,0.270987,0.827231,0.811718,0.703810,0.729341,0.729341,682.888044
356,0.277427,0.837722,0.808305,0.685862,0.711453,0.711453,678.800287
357,0.265393,0.843383,0.792378,0.659737,0.705606,0.705606,686.729095
358,0.278673,0.898585,0.762799,0.630825,0.650793,0.650793,677.247042
359,0.273455,0.831099,0.795791,0.679091,0.714094,0.714094,637.845850
360,0.274139,0.838580,0.809443,0.656285,0.681218,0.681218,621.267059
361,0.269793,0.854367,0.810580,0.669034,0.712548,0.712548,645.310500
362,0.275936,0.802890,0.795791,0.671214,0.690281,0.690281,691.638027
363,0.271936,0.823957,0.799772,0.690040,0.707270,0.707270,682.529201
364,0.274506,0.873367,0.812287,0.676000,0.707107,0.707107,688.009156
365,0.266653,0.797895,0.792378,0.665987,0.715265,0.715265,685.343898
366,0.270021,0.829553,0.809443,0.674682,0.713239,0.713239,646.060888
367,0.267379,0.827440,0.804323,0.684987,0.713154,0.713154,646.474633
368,0.273644,0.812485,0.796928,0.670256,0.717195,0.717195,645.934639
369,0.264209,0.805880,0.812287,0.682994,0.706653,0.706653,644.073917
370,0.267859,0.811854,0.798635,0.674943,0.696971,0.696971,661.012355
371,0.268635,0.851120,0.802617,0.669875,0.704804,0.704804,673.966160
372,0.266047,0.833735,0.810580,0.668913,0.689547,0.689547,684.846734
373,0.267926,0.834388,0.812856,0.698803,0.720357,0.720357,683.533048
374,0.271296,0.905886,0.771900,0.642171,0.664675,0.664675,686.999202
375,0.267322,0.816159,0.797497,0.659570,0.694721,0.694721,683.286069
376,0.272638,0.854673,0.794653,0.648859,0.684510,0.684510,662.138715
377,0.263666,0.818785,0.807167,0.683974,0.712939,0.712939,659.596809
378,0.263162,0.861934,0.779295,0.646714,0.681439,0.681439,673.379121
379,0.268992,0.873429,0.746303,0.620183,0.654129,0.654129,687.324825
380,0.260013,0.849599,0.806598,0.685632,0.714635,0.714635,704.145576
381,0.266998,0.857105,0.788965,0.670217,0.682526,0.682526,682.723138
382,0.259958,0.846595,0.802048,0.667810,0.688719,0.688719,666.665758
383,0.270923,0.823961,0.797497,0.675030,0.701213,0.701213,693.262012
384,0.273645,0.884182,0.787827,0.665691,0.706764,0.706764,689.047442
385,0.261879,0.887427,0.794084,0.620174,0.664328,0.664328,683.256880
386,0.278502,0.869991,0.792378,0.685551,0.711213,0.711213,702.092184
387,0.263514,0.850673,0.811149,0.678887,0.718945,0.718945,675.376496
388,0.260250,0.854273,0.804323,0.678896,0.705345,0.705345,689.312528
389,0.255050,0.891590,0.804892,0.653297,0.693136,0.693136,694.594145
390,0.262395,0.816710,0.800910,0.680395,0.713197,0.713197,695.737022
391,0.262391,0.815370,0.791240,0.683209,0.729297,0.729297,701.179375
392,0.261819,0.865960,0.806030,0.679098,0.705280,0.705280,701.501235
393,0.254573,0.824702,0.795791,0.687700,0.704203,0.704203,691.348308
394,0.252346,0.863645,0.803754,0.662387,0.693665,0.693665,698.929161
395,0.255799,0.829696,0.803754,0.671208,0.706498,0.706498,648.553856
396,0.257722,0.835751,0.802048,0.646609,0.693913,0.693913,649.876933
397,0.269515,0.893755,0.790671,0.667477,0.684899,0.684899,644.324380
398,0.254590,0.886579,0.777588,0.633232,0.676762,0.676762,643.740974
399,0.255184,0.839869,0.812287,0.711707,0.726942,0.726942,644.799545
400,0.253066,0.889379,0.793515,0.648880,0.669287,0.669287,648.760742
401,0.255733,0.848436,0.791809,0.656498,0.695121,0.695121,651.147508
402,0.259698,0.837943,0.801479,0.678884,0.714458,0.714458,652.744924
403,0.249070,0.870324,0.799772,0.660271,0.676000,0.676000,645.711518
404,0.247297,0.868419,0.807167,0.654043,0.687623,0.687623,642.001621
405,0.252180,0.961759,0.791240,0.631622,0.667002,0.667002,646.092752
406,0.245702,0.857498,0.785552,0.640561,0.691757,0.691757,636.473144
407,0.248576,0.954738,0.791809,0.646658,0.671083,0.671083,639.589351
408,0.261784,0.888877,0.798635,0.644232,0.671838,0.671838,644.899567
409,0.264083,0.861107,0.793515,0.650935,0.675918,0.675918,644.634811
410,0.253434,0.873874,0.804323,0.658555,0.680216,0.680216,673.524382
411,0.261652,0.877192,0.790671,0.664335,0.695900,0.695900,659.911793
412,0.249013,0.866898,0.795222,0.655623,0.688662,0.688662,674.378807
413,0.244529,0.888190,0.800341,0.670937,0.701689,0.701689,685.639142
414,0.256894,0.822717,0.809443,0.661971,0.691354,0.691354,678.718924
415,0.245307,0.887246,0.798635,0.644363,0.676116,0.676116,659.944808
416,0.243005,0.862732,0.787827,0.666482,0.698474,0.698474,682.871385
417,0.252605,0.841304,0.810580,0.696772,0.729094,0.729094,654.821092
418,0.246223,0.878224,0.798066,0.675439,0.709285,0.709285,682.415115
419,0.245040,0.857382,0.797497,0.672347,0.693004,0.693004,681.673925
420,0.245591,0.855131,0.804323,0.691752,0.706597,0.706597,646.446977
421,0.243508,0.864733,0.773038,0.663652,0.698790,0.698790,625.727101
422,0.234721,0.874644,0.803754,0.671732,0.714185,0.714185,685.451399
423,0.247363,0.867744,0.766780,0.618967,0.673895,0.673895,691.172851
424,0.258155,0.886887,0.798066,0.667219,0.688111,0.688111,679.040466
425,0.243501,0.866572,0.791240,0.665722,0.697182,0.697182,691.041208
426,0.236212,0.863697,0.791240,0.633853,0.682041,0.682041,684.243418
427,0.245496,0.864829,0.795791,0.651429,0.687690,0.687690,635.666972
428,0.240236,0.861354,0.815131,0.684534,0.702038,0.702038,682.718638
429,0.252769,0.892958,0.797497,0.661026,0.694959,0.694959,664.052888
430,0.255345,0.848253,0.794084,0.668051,0.711703,0.711703,660.391113
431,0.235094,0.904594,0.788965,0.652153,0.678959,0.678959,682.128892
432,0.242141,0.869421,0.792947,0.652549,0.689792,0.689792,667.847421
433,0.236733,0.842074,0.787827,0.683907,0.721998,0.721998,645.209064
434,0.234166,0.877256,0.793515,0.677842,0.701711,0.701711,610.025585
435,0.247237,0.886437,0.796928,0.647084,0.679304,0.679304,607.519235
436,0.249320,0.861071,0.785552,0.647751,0.668737,0.668737,613.862715
437,0.243851,0.847490,0.803185,0.681261,0.726456,0.726456,606.224191
438,0.241798,0.887493,0.808874,0.662265,0.700490,0.700490,614.930081
439,0.238830,0.908364,0.800910,0.633393,0.664982,0.664982,605.490073
440,0.234374,0.939040,0.778726,0.633093,0.681756,0.681756,615.211572
441,0.234375,0.850601,0.788965,0.661820,0.690685,0.690685,610.133976
442,0.238506,0.869354,0.791240,0.644107,0.677571,0.677571,610.586023
443,0.233595,0.976057,0.802617,0.639599,0.663242,0.663242,617.032484
444,0.240283,0.888665,0.809443,0.678364,0.689746,0.689746,616.887741
445,0.244336,0.903939,0.792947,0.656983,0.679663,0.679663,610.391627
446,0.245431,0.892966,0.775882,0.646205,0.678016,0.678016,607.360790
447,0.238668,0.860600,0.806598,0.674803,0.699785,0.699785,607.849432
448,0.238738,0.876943,0.786121,0.666558,0.689865,0.689865,619.520440
449,0.243027,0.883081,0.793515,0.639838,0.670948,0.670948,610.123913
450,0.237280,0.922225,0.794084,0.661110,0.681131,0.681131,610.677056
451,0.230667,0.914704,0.784983,0.650624,0.713049,0.713049,617.846614
452,0.227373,0.883818,0.796359,0.667720,0.696390,0.696390,602.031123
453,0.238048,0.883371,0.786689,0.645061,0.686239,0.686239,614.073686
454,0.230560,0.926601,0.754835,0.610147,0.641364,0.641364,607.385655
455,0.234253,0.926665,0.806030,0.640387,0.674016,0.674016,616.071065
456,0.230380,0.907726,0.790102,0.640328,0.682018,0.682018,613.235543
457,0.248021,0.928041,0.791240,0.643410,0.676896,0.676896,608.704020
458,0.260613,0.877890,0.787258,0.654346,0.688623,0.688623,611.380744
459,0.248058,0.868107,0.803185,0.677704,0.712140,0.712140,600.483989
460,0.234162,0.887684,0.804323,0.673164,0.722603,0.722603,609.734781
461,0.234717,1.007634,0.746871,0.621988,0.638243,0.638243,608.006519
462,0.229137,0.914035,0.788965,0.683910,0.703175,0.703175,609.240086
463,0.243614,0.934057,0.752560,0.634609,0.656497,0.656497,603.759579
464,0.243820,0.914342,0.797497,0.686348,0.707674,0.707674,614.689376
465,0.237684,0.867770,0.789534,0.651607,0.693242,0.693242,616.737532
466,0.222078,0.897613,0.803185,0.669250,0.702251,0.702251,605.076881
467,0.234845,0.886249,0.795791,0.647399,0.688671,0.688671,611.224855
468,0.229680,0.869877,0.800341,0.681226,0.717542,0.717542,611.247938
469,0.238846,0.885441,0.801479,0.690586,0.712643,0.712643,614.340576
470,0.225253,0.887892,0.803185,0.687557,0.713117,0.713117,609.164822
471,0.221370,0.897669,0.793515,0.668501,0.696454,0.696454,614.236373
472,0.229442,0.868488,0.792947,0.655293,0.688084,0.688084,608.419375
473,0.225655,0.906540,0.768487,0.631834,0.677295,0.677295,613.330019
474,0.233265,0.919980,0.767918,0.635736,0.662573,0.662573,608.525519
475,0.235447,0.862461,0.794084,0.660170,0.695400,0.695400,608.549359
476,0.221659,0.882567,0.790671,0.660457,0.676794,0.676794,610.877790
477,0.223375,0.910872,0.795791,0.657576,0.691235,0.691235,613.333255
478,0.226601,0.891826,0.809443,0.692483,0.718188,0.718188,612.180810
479,0.240675,0.877214,0.775882,0.632998,0.678332,0.678332,612.469177
480,0.224308,0.941831,0.799204,0.625864,0.679158,0.679158,615.339296
481,0.238823,0.890292,0.796928,0.701513,0.718441,0.718441,616.383935
482,0.228329,0.943167,0.791809,0.655413,0.682094,0.682094,613.403288
483,0.226699,0.876092,0.804892,0.665464,0.696047,0.696047,609.947559
484,0.231401,0.897079,0.797497,0.662267,0.685798,0.685798,613.536430
485,0.233662,0.904507,0.799204,0.660639,0.675579,0.675579,607.757594
486,0.230213,0.868476,0.785552,0.676048,0.703577,0.703577,602.225451
487,0.227788,0.909701,0.803185,0.664144,0.698533,0.698533,590.782487
488,0.237370,0.912385,0.799772,0.687142,0.700887,0.700887,589.393249
489,0.234425,0.901505,0.810011,0.672809,0.698834,0.698834,595.065955
490,0.227065,0.897490,0.792947,0.629525,0.660775,0.660775,630.533914
491,0.223884,0.974607,0.803185,0.660059,0.679553,0.679553,612.326338
492,0.233630,0.947329,0.797497,0.615403,0.647568,0.647568,591.047375
493,0.228311,0.879564,0.800910,0.674433,0.710519,0.710519,587.393044
494,0.225529,0.905199,0.785552,0.656049,0.682702,0.682702,616.751818
495,0.222232,1.009673,0.783276,0.598513,0.617874,0.617874,638.886937
496,0.244959,0.946632,0.757679,0.616465,0.645376,0.645376,589.678381
497,0.244762,0.920782,0.804323,0.652574,0.673500,0.673500,645.886731
498,0.227840,0.857255,0.791809,0.669666,0.704640,0.704640,598.842186
499,0.221700,0.932096,0.787827,0.666614,0.691427,0.691427,593.044879
500,0.220446,0.930668,0.787827,0.653768,0.679842,0.679842,624.908886
501,0.223453,0.913380,0.795222,0.653124,0.680891,0.680891,592.576043
502,0.222680,0.926874,0.806598,0.683123,0.712031,0.712031,590.718163
503,0.219824,0.931475,0.767918,0.639890,0.669817,0.669817,630.485577
504,0.209756,0.945668,0.789534,0.659303,0.682760,0.682760,591.878050
505,0.209371,0.927201,0.800910,0.676669,0.700512,0.700512,619.514648
506,0.212452,0.892786,0.783276,0.657867,0.697822,0.697822,592.405732
507,0.215527,0.950088,0.792947,0.665587,0.692746,0.692746,589.686105
508,0.216649,0.896837,0.781001,0.648671,0.685915,0.685915,591.302019
509,0.227407,0.950092,0.788396,0.640883,0.667592,0.667592,585.955944
510,0.227853,0.941008,0.749716,0.621162,0.644122,0.644122,587.817099
511,0.229399,0.853761,0.784983,0.640935,0.679756,0.679756,586.103907
512,0.231503,0.910854,0.789534,0.656266,0.685914,0.685914,628.142177
513,0.221370,0.907542,0.792947,0.621754,0.667622,0.667622,604.887586
514,0.213674,0.860501,0.790102,0.678760,0.690386,0.690386,594.638909
515,0.218655,0.869637,0.787827,0.643365,0.665420,0.665420,585.052950
516,0.217547,0.887163,0.791240,0.649212,0.684690,0.684690,594.538859
517,0.221062,0.920241,0.798066,0.666405,0.694373,0.694373,603.694318
518,0.217898,0.907913,0.783276,0.655620,0.685345,0.685345,620.276630
519,0.220210,0.889065,0.800341,0.670377,0.709205,0.709205,585.162673
520,0.213064,0.963719,0.778726,0.623771,0.669183,0.669183,583.389842
521,0.226316,0.948587,0.784983,0.651730,0.670074,0.670074,579.230756
522,0.225753,0.897107,0.795791,0.676649,0.701395,0.701395,612.565122
523,0.219876,0.894244,0.782708,0.675697,0.699390,0.699390,584.120650
524,0.222355,0.974251,0.808874,0.663722,0.698116,0.698116,581.597052
525,0.228914,0.899708,0.784983,0.657868,0.698286,0.698286,589.054874
526,0.207161,0.922969,0.769056,0.665956,0.688419,0.688419,587.317518
527,0.209452,0.963421,0.779295,0.613167,0.647496,0.647496,582.075050
528,0.219871,0.914667,0.782708,0.635101,0.680232,0.680232,584.348885
529,0.219049,0.942623,0.788396,0.664791,0.683733,0.683733,585.472182
530,0.216468,0.975133,0.754266,0.600040,0.645707,0.645707,586.693383
531,0.212099,0.925617,0.801479,0.669800,0.693015,0.693015,591.906357
532,0.209466,0.947853,0.798066,0.674548,0.689155,0.689155,584.320046
533,0.210345,0.942712,0.778157,0.666359,0.689534,0.689534,590.091157
534,0.227603,0.928449,0.774744,0.646958,0.670134,0.670134,587.700955
535,0.213481,0.908951,0.794084,0.667050,0.689259,0.689259,585.507865
536,0.213524,0.968869,0.787827,0.636490,0.676213,0.676213,630.603086
537,0.211314,0.913359,0.790671,0.657076,0.683414,0.683414,600.557716
538,0.214534,0.914155,0.790102,0.657955,0.682314,0.682314,588.029299
539,0.212648,0.918868,0.766212,0.644868,0.668389,0.668389,596.974366
540,0.236085,0.958334,0.781570,0.624308,0.657581,0.657581,588.084323
541,0.224314,0.920593,0.778157,0.627095,0.674067,0.674067,587.749918
542,0.221796,0.898812,0.795222,0.652995,0.688488,0.688488,589.516593
543,0.212114,0.916405,0.780432,0.653575,0.685299,0.685299,585.629020
544,0.221131,1.018287,0.761661,0.630816,0.664350,0.664350,581.856928
545,0.228718,0.904117,0.797497,0.668070,0.713121,0.713121,583.747082
546,0.225390,0.900185,0.790671,0.646054,0.687587,0.687587,585.454766
547,0.216630,0.894036,0.797497,0.654954,0.686116,0.686116,586.694714
548,0.209801,0.923360,0.794084,0.627344,0.661625,0.661625,583.956438
549,0.218927,0.907904,0.800341,0.649092,0.678775,0.678775,593.696725
550,0.205780,0.959194,0.764505,0.624169,0.666541,0.666541,585.341314
551,0.198965,0.931470,0.784983,0.651523,0.675633,0.675633,581.142162
552,0.202283,0.962934,0.784414,0.662341,0.685072,0.685072,587.316743
553,0.204584,0.971100,0.770193,0.639937,0.667747,0.667747,588.251901
554,0.209337,0.926676,0.764505,0.603012,0.633370,0.633370,584.550782
555,0.223352,0.967676,0.809443,0.658611,0.693003,0.693003,584.379737
556,0.223491,0.918295,0.798635,0.665149,0.685886,0.685886,585.251419
557,0.212374,0.951908,0.786121,0.638137,0.681032,0.681032,618.178581
558,0.218155,0.963712,0.788965,0.641803,0.680042,0.680042,589.448285
559,0.229571,0.887106,0.787827,0.645562,0.678415,0.678415,582.183435
560,0.224893,1.021583,0.770762,0.626798,0.635596,0.635596,585.468438
561,0.223116,0.955263,0.787827,0.640111,0.673817,0.673817,596.062981
562,0.207860,0.901875,0.798066,0.664475,0.698551,0.698551,604.370662
563,0.204216,0.906123,0.794653,0.649273,0.679926,0.679926,584.513092
564,0.222807,0.916749,0.796359,0.662825,0.683185,0.683185,589.369324
565,0.219493,0.907016,0.776451,0.628554,0.667155,0.667155,604.780752
566,0.207237,0.907748,0.785552,0.659496,0.679829,0.679829,595.500708
567,0.203943,0.935106,0.799772,0.647045,0.680208,0.680208,596.862230
568,0.195825,0.915200,0.794653,0.673377,0.710101,0.710101,584.349179
569,0.201196,0.944101,0.784983,0.650908,0.676604,0.676604,600.867596
570,0.205920,0.941169,0.781001,0.646215,0.673038,0.673038,611.693842
571,0.200818,0.934787,0.777588,0.638612,0.661777,0.661777,584.153708
572,0.201053,0.939986,0.795791,0.662701,0.689470,0.689470,589.849039
573,0.197691,0.923551,0.794084,0.672953,0.697679,0.697679,577.885190
574,0.212587,0.937916,0.803754,0.655830,0.671199,0.671199,587.118213
575,0.208710,0.929692,0.790102,0.653979,0.673978,0.673978,585.345280
576,0.209965,0.925977,0.781001,0.661390,0.692950,0.692950,599.381609
577,0.214720,0.944178,0.737201,0.593318,0.620790,0.620790,619.621494
578,0.210932,0.925832,0.800910,0.677934,0.704013,0.704013,579.831021
579,0.208675,0.968198,0.792378,0.689797,0.724091,0.724091,584.070137
580,0.224569,0.889905,0.787258,0.670409,0.688776,0.688776,620.806660
581,0.216826,0.876882,0.792378,0.652826,0.682914,0.682914,582.980705
582,0.203493,0.933313,0.784414,0.657508,0.679497,0.679497,583.331349
583,0.200382,0.914511,0.786689,0.642100,0.690599,0.690599,582.306712
584,0.217566,0.920608,0.782708,0.634466,0.660069,0.660069,583.220212
585,0.208703,0.899551,0.792947,0.659779,0.673617,0.673617,581.041834
586,0.221878,0.927991,0.779295,0.653031,0.675415,0.675415,591.223706
587,0.234905,0.934128,0.779863,0.622629,0.648770,0.648770,583.436100
588,0.225443,1.006996,0.774175,0.618696,0.645689,0.645689,591.324637
589,0.215630,0.932500,0.771331,0.624411,0.651668,0.651668,623.062702
590,0.222607,1.021614,0.796359,0.616850,0.647298,0.647298,584.282672
591,0.205584,0.914532,0.790671,0.667465,0.698017,0.698017,582.814796
592,0.202240,0.936341,0.796359,0.669167,0.695535,0.695535,591.232069
593,0.202226,1.053713,0.804323,0.640835,0.676455,0.676455,596.684708
594,0.199946,0.987517,0.791809,0.612475,0.654196,0.654196,593.034477
595,0.206691,0.963104,0.756542,0.623310,0.639880,0.639880,588.734034
596,0.226369,0.973572,0.802617,0.680789,0.698857,0.698857,589.742325
597,0.213161,0.963982,0.787258,0.646154,0.667308,0.667308,594.691496
598,0.210487,0.972040,0.788396,0.625533,0.671426,0.671426,590.538959
599,0.196110,0.943344,0.807167,0.673762,0.696715,0.696715,604.731647
600,0.211002,0.991323,0.794653,0.649627,0.681810,0.681810,584.412205
601,0.201809,0.944977,0.774744,0.637011,0.670132,0.670132,585.814305
602,0.210132,0.938462,0.800910,0.659780,0.676530,0.676530,592.727491
603,0.205480,0.944218,0.786689,0.632386,0.676347,0.676347,585.220619
604,0.197704,0.900163,0.790671,0.657155,0.696777,0.696777,586.638707
605,0.196075,0.936735,0.795222,0.675328,0.690344,0.690344,585.927151
606,0.213076,0.916317,0.802048,0.673023,0.675317,0.675317,582.492624
607,0.214393,0.949490,0.794653,0.666093,0.677828,0.677828,588.580479
608,0.217119,0.945479,0.781001,0.608392,0.681250,0.681250,594.073460
609,0.215799,0.920756,0.783276,0.650802,0.674863,0.674863,610.188117
610,0.204491,0.953486,0.790102,0.654326,0.671271,0.671271,609.846050
611,0.210898,0.954779,0.802617,0.676183,0.699584,0.699584,587.389569
612,0.203229,0.917325,0.805461,0.684112,0.705440,0.705440,587.198300
613,0.203920,0.949308,0.805461,0.665716,0.681873,0.681873,613.206954
614,0.200555,0.934019,0.785552,0.645619,0.685082,0.685082,584.019367
615,0.202549,1.006886,0.790102,0.662520,0.670414,0.670414,584.799111
616,0.205572,0.912474,0.786689,0.651143,0.685085,0.685085,615.246370
617,0.201751,0.968855,0.791240,0.660496,0.687194,0.687194,604.271695
618,0.204396,0.972728,0.791809,0.658699,0.689093,0.689093,586.363054
619,0.212563,0.940189,0.807736,0.682637,0.695911,0.695911,583.408945
620,0.202281,0.939841,0.787258,0.667062,0.693873,0.693873,584.652377
621,0.202450,1.037756,0.788965,0.620779,0.660095,0.660095,584.601016
622,0.212186,1.010013,0.773606,0.611414,0.645405,0.645405,585.316135
623,0.221981,0.947066,0.805461,0.683519,0.704868,0.704868,583.815753
624,0.210802,0.949497,0.790671,0.671510,0.704054,0.704054,591.711861
625,0.218083,0.961996,0.769625,0.635868,0.660132,0.660132,588.431592
626,0.231270,0.963366,0.758248,0.565557,0.608397,0.608397,588.153222
627,0.259924,0.915941,0.800341,0.669773,0.692156,0.692156,589.746788
628,0.218952,0.968377,0.787258,0.662790,0.696867,0.696867,616.453377
629,0.216964,0.971465,0.787258,0.638873,0.684414,0.684414,586.132790
630,0.203204,0.921282,0.788965,0.652483,0.673588,0.673588,588.573034
631,0.203294,0.945981,0.794084,0.671183,0.687692,0.687692,607.232242
632,0.198795,0.975411,0.775313,0.633008,0.662774,0.662774,594.568344
633,0.215159,1.003621,0.799204,0.671956,0.683356,0.683356,638.880235
634,0.201289,0.911545,0.787258,0.668800,0.702005,0.702005,584.263108
635,0.196498,0.948380,0.797497,0.680543,0.694492,0.694492,626.220920
636,0.232759,0.955854,0.796928,0.690450,0.705356,0.705356,591.092016
637,0.205868,0.982628,0.784983,0.660399,0.689069,0.689069,591.778650
638,0.203153,0.907780,0.791240,0.684307,0.700841,0.700841,583.832180
639,0.195334,0.980355,0.773038,0.630406,0.655621,0.655621,589.124726
640,0.190635,0.971162,0.790671,0.661916,0.692495,0.692495,592.438199
641,0.193529,0.986529,0.787258,0.670863,0.692457,0.692457,592.957875
642,0.192273,1.014203,0.792947,0.628263,0.659539,0.659539,591.763893
643,0.192214,0.953106,0.789534,0.661348,0.682483,0.682483,598.275006
644,0.195099,1.043441,0.792378,0.650035,0.664505,0.664505,584.927623
645,0.201690,1.188253,0.700796,0.530744,0.570932,0.570932,586.136837
646,0.254202,0.957033,0.777588,0.636626,0.664516,0.664516,588.487622
647,0.211724,0.949765,0.795222,0.664536,0.689461,0.689461,590.368593
648,0.207508,0.953659,0.781570,0.657308,0.695730,0.695730,587.313366
649,0.200609,0.954517,0.779295,0.654054,0.683701,0.683701,616.054039
650,0.189358,1.058824,0.793515,0.649516,0.678178,0.678178,614.630959
651,0.189960,0.953863,0.787827,0.668707,0.702574,0.702574,590.124626
652,0.186958,1.021645,0.783845,0.666985,0.679207,0.679207,591.250295
653,0.190765,0.979186,0.785552,0.630746,0.658209,0.658209,588.883069
654,0.190226,0.986049,0.788396,0.647559,0.671149,0.671149,588.623953
655,0.195628,1.017793,0.765074,0.600144,0.638416,0.638416,588.644602
656,0.219684,1.078701,0.794653,0.644572,0.668129,0.668129,591.494494
657,0.215908,1.040541,0.796928,0.643739,0.669783,0.669783,589.376916
658,0.198840,0.951293,0.785552,0.644905,0.653214,0.653214,583.952882
659,0.192574,0.953850,0.795222,0.693974,0.711917,0.711917,641.697892
660,0.196255,0.978176,0.795222,0.685899,0.702363,0.702363,642.821843
661,0.190357,0.989111,0.783276,0.655173,0.671663,0.671663,586.218304
662,0.195955,0.962140,0.792378,0.667391,0.694682,0.694682,592.089917
663,0.205330,0.997595,0.779863,0.635413,0.677922,0.677922,608.865223
664,0.234962,0.937600,0.791809,0.669303,0.694506,0.694506,588.067190
665,0.212923,0.998726,0.796928,0.648829,0.672754,0.672754,589.122448
666,0.205900,1.021920,0.749147,0.628247,0.655682,0.655682,612.613762
667,0.206097,1.011214,0.804323,0.658300,0.678980,0.678980,594.422112
668,0.217107,0.936534,0.761661,0.630400,0.658181,0.658181,585.208313
669,0.203385,0.972358,0.791809,0.659333,0.683350,0.683350,582.620178
670,0.208411,0.962778,0.771900,0.626833,0.665268,0.665268,587.175449
671,0.213636,1.006784,0.743458,0.626992,0.679708,0.679708,592.059544
672,0.209041,0.924287,0.785552,0.632455,0.657471,0.657471,589.123305
673,0.208589,0.958587,0.783276,0.644760,0.679271,0.679271,607.957839
674,0.202554,0.960198,0.796359,0.674070,0.690562,0.690562,594.053609
675,0.203597,0.943390,0.777588,0.653172,0.679382,0.679382,586.582684
676,0.205767,1.071675,0.746303,0.590188,0.619544,0.619544,582.457753
677,0.253086,0.956691,0.801479,0.642212,0.659725,0.659725,586.836724
678,0.233761,0.962026,0.758817,0.650868,0.688681,0.688681,630.062067
679,0.206068,1.006105,0.796928,0.649841,0.663541,0.663541,590.905278
680,0.203526,1.003818,0.786689,0.649670,0.675273,0.675273,590.657182
681,0.198386,0.968587,0.790671,0.654954,0.671288,0.671288,600.430566
682,0.198898,0.975035,0.763367,0.631361,0.671500,0.671500,591.520842
683,0.198871,1.023222,0.771331,0.632119,0.655815,0.655815,595.380751
684,0.190127,0.998466,0.803754,0.668854,0.682366,0.682366,587.004005
685,0.199973,1.030183,0.767918,0.650472,0.680035,0.680035,591.183192
686,0.198190,1.000636,0.761661,0.605416,0.626253,0.626253,594.083500
687,0.226317,1.036861,0.783276,0.643416,0.665930,0.665930,587.617130
688,0.212644,1.127136,0.791240,0.646253,0.665589,0.665589,585.366529
689,0.202919,0.925151,0.793515,0.671460,0.691634,0.691634,590.292612
690,0.220089,1.101947,0.790102,0.632661,0.646064,0.646064,584.911634
691,0.222922,0.929940,0.784414,0.649170,0.685711,0.685711,591.649845
692,0.205203,1.004850,0.789534,0.626988,0.661043,0.661043,588.199858
693,0.219199,0.913218,0.784983,0.667775,0.693893,0.693893,591.028490
694,0.215249,1.141460,0.779295,0.622904,0.649950,0.649950,581.379643
695,0.216162,1.040851,0.798635,0.658002,0.675112,0.675112,588.795029
696,0.214206,0.997826,0.786689,0.642453,0.686744,0.686744,585.004438
