epoch,train_loss,avg_valid_loss,valid_accuracy,valid_kappa,valid_kappa_exp,valid_kappa_mc,time
1,2.815396,1.640249,0.732651,0.279815,0.277043,0.318293,557.524844
2,2.436854,1.997931,0.737770,0.009577,0.038051,0.048877,542.528981
3,2.338083,1.621239,0.734357,0.375518,0.425458,0.436170,541.457141
4,2.274644,1.641484,0.747440,0.221570,0.290678,0.317412,545.476146
5,2.210589,1.596313,0.751991,0.458046,0.453104,0.471863,543.486042
6,2.162430,1.510588,0.763367,0.464710,0.496756,0.508799,542.171996
7,2.101114,1.532465,0.763367,0.393332,0.434252,0.460349,542.827372
8,2.066461,1.454599,0.767349,0.508807,0.580448,0.578038,543.230432
9,2.019214,1.583973,0.736064,0.538320,0.516392,0.488174,540.474328
10,1.986027,1.541783,0.748009,0.566002,0.531655,0.525827,542.181986
11,1.957621,1.673232,0.754835,0.297411,0.333696,0.335172,540.804362
12,1.917354,1.681070,0.755973,0.266570,0.337561,0.344893,544.421798
13,1.903504,1.469522,0.760523,0.597306,0.620807,0.606114,545.095007
14,1.883263,1.532703,0.764505,0.327816,0.402436,0.407007,541.359860
15,1.875282,1.361992,0.790671,0.583025,0.623186,0.623577,540.554123
16,1.852266,1.369127,0.787258,0.530015,0.571893,0.585171,544.286246
17,1.836546,1.444635,0.771900,0.429171,0.465118,0.475650,541.325847
18,1.820831,1.420459,0.767918,0.630415,0.633723,0.615216,544.209475
19,1.808518,1.328483,0.790102,0.601434,0.672008,0.671372,545.096251
20,1.793058,1.393226,0.783845,0.533693,0.581807,0.584613,543.315312
21,1.786703,1.335171,0.784414,0.539450,0.592862,0.595492,545.843388
22,1.769060,1.310591,0.795791,0.578039,0.634596,0.636388,542.305105
23,1.760608,1.319395,0.792947,0.598497,0.651997,0.657351,543.559998
24,1.747099,1.292628,0.799772,0.615632,0.661365,0.666204,543.327349
25,1.731218,1.271180,0.808305,0.678303,0.686510,0.683293,546.588243
26,1.724793,1.292261,0.797497,0.602003,0.652439,0.652214,544.436667
27,1.713348,1.277368,0.798066,0.629403,0.661472,0.669639,544.565032
28,1.698128,1.251693,0.803185,0.623675,0.674302,0.680878,548.171527
29,1.689057,1.259195,0.799772,0.618850,0.668896,0.670197,549.062466
30,1.670990,1.244371,0.799772,0.639168,0.674693,0.674178,546.230020
1,1.662032,1.306269,0.798066,0.529748,0.591556,0.595489,546.085498
2,1.658922,1.218648,0.792947,0.633798,0.673767,0.671013,542.738208
3,1.644434,1.269303,0.775313,0.608198,0.657837,0.654816,542.184115
4,1.639522,1.256029,0.784983,0.625292,0.661223,0.650433,544.491462
5,1.626119,1.194851,0.806030,0.669766,0.719552,0.712714,544.348641
6,1.622825,1.349306,0.785552,0.505629,0.546631,0.549455,543.461659
7,1.607236,1.283724,0.772469,0.614712,0.610027,0.603080,540.889334
8,1.601247,1.249766,0.796928,0.570422,0.615991,0.610714,543.496206
9,1.590468,1.292826,0.738908,0.586406,0.604618,0.603529,542.332535
10,1.588423,1.252131,0.770193,0.600834,0.643662,0.638372,543.821356
11,1.576994,1.193778,0.791240,0.633206,0.688699,0.687560,540.058387
12,1.550131,1.178504,0.803754,0.599768,0.657643,0.664100,543.074985
13,1.554906,1.175216,0.802048,0.672149,0.707168,0.707197,542.860491
14,1.547693,1.237963,0.794653,0.483222,0.536899,0.541166,541.922932
15,1.535894,1.165890,0.798635,0.629125,0.673494,0.678970,543.471993
16,1.528069,1.154791,0.808305,0.655679,0.670027,0.665314,541.503879
17,1.520559,1.157891,0.806030,0.629955,0.673277,0.673757,542.977808
18,1.516390,1.140198,0.794653,0.656266,0.702452,0.697300,540.717355
19,1.511769,1.145322,0.804892,0.627751,0.661007,0.660903,541.429979
20,1.501954,1.221668,0.790102,0.538327,0.599439,0.600196,542.640408
21,1.499879,1.126434,0.801479,0.646120,0.704123,0.698501,545.971635
22,1.484104,1.121918,0.802048,0.625748,0.665747,0.669883,542.832823
23,1.485082,1.142336,0.796359,0.646618,0.666175,0.659727,547.427420
24,1.473241,1.141326,0.800341,0.661272,0.692161,0.684399,542.964321
25,1.463757,1.092942,0.811149,0.701722,0.718590,0.716466,542.037557
26,1.457883,1.071170,0.820250,0.680060,0.730542,0.728241,546.022180
27,1.455114,1.125231,0.800341,0.617832,0.678355,0.680717,544.080475
28,1.441869,1.076753,0.814562,0.661353,0.697724,0.701859,544.410091
29,1.438132,1.069688,0.813993,0.655566,0.689140,0.689054,544.775198
30,1.425410,1.093473,0.806598,0.674741,0.701395,0.699764,544.908560
31,1.430859,1.074661,0.808305,0.663918,0.704672,0.702237,542.133922
32,1.431635,1.066425,0.808305,0.668049,0.706309,0.706594,543.649136
33,1.415253,1.057066,0.816268,0.682039,0.716030,0.712403,543.468106
34,1.418450,1.068047,0.809443,0.673497,0.694954,0.686760,544.063964
35,1.405891,1.057132,0.812856,0.636564,0.669727,0.667388,542.214978
36,1.393837,1.030760,0.813424,0.666310,0.711711,0.712515,544.316765
37,1.395134,1.047946,0.815131,0.673293,0.711319,0.715445,544.045485
38,1.383858,1.037667,0.812856,0.650905,0.697425,0.696105,540.748311
39,1.377197,1.063190,0.800341,0.687226,0.718058,0.709189,543.495327
40,1.370184,1.031419,0.811149,0.671155,0.696957,0.697138,545.268460
41,1.367332,0.996677,0.813424,0.694419,0.710417,0.711747,546.121414
42,1.363937,1.012875,0.813993,0.651989,0.713841,0.711245,544.320293
43,1.352140,1.045586,0.807167,0.599547,0.655390,0.659304,541.873000
44,1.350600,1.028990,0.812856,0.652553,0.682534,0.685077,541.729352
45,1.347633,1.017505,0.817975,0.665623,0.697598,0.697210,542.733491
46,1.341288,0.985047,0.807167,0.657169,0.717748,0.716465,542.149080
47,1.336944,0.971957,0.814562,0.693968,0.723433,0.724790,542.069291
48,1.335920,1.000319,0.810580,0.669534,0.713466,0.716949,540.061863
49,1.326430,0.995128,0.812856,0.667517,0.707666,0.711913,541.686254
50,1.320492,1.008104,0.805461,0.701775,0.707454,0.700987,542.996028
51,1.310983,0.970468,0.816268,0.685071,0.717075,0.717052,542.385024
52,1.309250,0.977209,0.810580,0.645537,0.686082,0.684306,542.960967
53,1.305830,0.993210,0.802617,0.678273,0.696624,0.696106,544.790672
54,1.290017,1.003548,0.809443,0.653497,0.679102,0.680109,541.557340
55,1.292320,0.977886,0.811718,0.674256,0.698474,0.698710,541.966938
56,1.294138,1.000100,0.802617,0.620297,0.677141,0.677598,542.808778
57,1.287237,0.961428,0.825370,0.713540,0.718170,0.716894,541.030745
58,1.278798,1.014464,0.787258,0.638420,0.668091,0.665057,540.482210
59,1.267031,0.974586,0.810011,0.686160,0.720792,0.719736,541.645710
60,1.257561,0.965830,0.814562,0.710093,0.726785,0.716277,540.729364
61,1.262892,0.960352,0.811718,0.651415,0.705346,0.705253,542.544636
62,1.257028,0.938766,0.813993,0.667659,0.701684,0.701966,543.753206
63,1.257605,0.921916,0.826507,0.725296,0.734526,0.731541,541.823492
64,1.245349,0.958509,0.819113,0.668776,0.702714,0.702123,540.006357
65,1.244777,0.963870,0.807736,0.677774,0.698153,0.696856,541.177745
66,1.238688,0.913561,0.821388,0.701678,0.727667,0.725454,541.156252
67,1.235590,0.937459,0.808305,0.663065,0.705493,0.708375,541.183352
68,1.224586,0.950195,0.812856,0.686399,0.727049,0.728320,547.687897
69,1.232476,0.972814,0.813993,0.637807,0.681082,0.682708,544.039135
70,1.226364,0.947986,0.816837,0.677996,0.710188,0.710038,541.586111
71,1.211156,0.923153,0.814562,0.651237,0.691718,0.693080,540.314858
72,1.209491,0.961477,0.814562,0.699797,0.718059,0.719668,538.901815
73,1.211771,0.916680,0.819113,0.686680,0.700105,0.699368,539.817076
74,1.213730,0.975736,0.783845,0.673922,0.675246,0.673918,544.120363
75,1.194695,0.901759,0.820250,0.694465,0.726804,0.726855,540.587593
76,1.190070,0.977303,0.789534,0.671244,0.672016,0.671956,542.744714
77,1.195055,0.895009,0.827645,0.695324,0.710123,0.709345,546.321192
78,1.190192,0.976686,0.805461,0.601294,0.632445,0.634555,541.367924
79,1.179457,0.886556,0.829920,0.711787,0.720979,0.720560,542.849848
80,1.179423,0.870192,0.824232,0.694473,0.728436,0.727384,542.829123
81,1.182135,0.930101,0.804323,0.674796,0.701961,0.698512,540.567941
82,1.171625,0.952803,0.798635,0.684462,0.678646,0.673190,541.531701
83,1.165819,0.875909,0.820819,0.692531,0.716913,0.716547,543.240876
84,1.161165,0.942727,0.797497,0.663916,0.673694,0.671554,540.064230
85,1.153668,0.895723,0.819113,0.665968,0.691038,0.696110,540.523962
86,1.160846,0.966683,0.795222,0.694152,0.681265,0.678576,541.137753
87,1.149773,0.995816,0.761092,0.638423,0.653076,0.649480,541.150281
88,1.154581,0.891175,0.812287,0.645404,0.689131,0.688929,542.156919
89,1.141760,0.936614,0.815700,0.614426,0.655185,0.655306,542.300684
90,1.140361,0.878198,0.814562,0.692199,0.729038,0.729297,547.110014
91,1.144328,0.875391,0.817406,0.697345,0.706743,0.705344,542.591588
92,1.124439,0.871109,0.819113,0.700754,0.732011,0.730796,542.849522
93,1.127623,0.858553,0.820250,0.704411,0.733177,0.735901,543.691219
94,1.123141,0.881612,0.820250,0.685215,0.716343,0.716831,542.834071
95,1.125603,0.869099,0.817406,0.670420,0.711631,0.711559,542.482974
96,1.126421,0.875311,0.810580,0.669622,0.709744,0.708234,543.027649
97,1.113760,0.854826,0.819681,0.647846,0.695819,0.696494,544.677572
98,1.110654,0.853882,0.816268,0.691468,0.725810,0.722674,544.087899
99,1.105380,0.870496,0.822526,0.690641,0.706725,0.706687,542.587860
100,1.100891,0.850333,0.813993,0.692322,0.724803,0.725320,544.624613
101,1.109053,0.868915,0.817406,0.709839,0.725398,0.723003,542.126436
102,1.098996,0.876629,0.823094,0.680478,0.718181,0.715688,543.728343
103,1.099278,0.847088,0.819681,0.659206,0.681252,0.684398,544.877192
104,1.093397,0.906706,0.794653,0.670488,0.686458,0.684235,543.429861
105,1.083049,0.838494,0.821388,0.695867,0.716478,0.716538,543.020913
106,1.080742,0.850973,0.823094,0.700397,0.723382,0.723296,542.889329
107,1.078621,0.840177,0.815700,0.701476,0.723832,0.723354,541.622671
108,1.078195,0.839117,0.813993,0.697510,0.729456,0.733707,539.811743
109,1.074007,0.835243,0.820819,0.667521,0.711248,0.707575,541.394750
110,1.068924,0.855744,0.821957,0.667940,0.709103,0.710958,539.307140
111,1.080397,0.839550,0.820819,0.678712,0.707714,0.707700,544.186916
112,1.055049,0.811200,0.821957,0.714683,0.750585,0.752804,542.285808
113,1.063313,0.842215,0.824232,0.689697,0.730594,0.731263,544.477233
114,1.062531,0.824087,0.827645,0.708651,0.725553,0.726530,541.323122
115,1.061374,0.824117,0.816837,0.681845,0.722279,0.725360,540.925531
116,1.054148,0.869851,0.816268,0.659043,0.675120,0.680152,542.711310
117,1.047331,0.843171,0.815131,0.697363,0.706544,0.705157,542.564615
118,1.039730,0.818576,0.820250,0.683690,0.730349,0.731105,543.720520
119,1.048700,0.829087,0.821957,0.691350,0.715276,0.717280,544.076363
120,1.033649,0.818659,0.812856,0.665075,0.717280,0.716127,541.313720
121,1.031174,0.850636,0.814562,0.684445,0.713540,0.714151,539.618794
122,1.041258,0.867137,0.795791,0.669225,0.681268,0.681553,540.614396
123,1.031963,0.853925,0.811149,0.687234,0.698515,0.696090,543.876504
124,1.027738,0.832977,0.818544,0.695408,0.708705,0.709221,548.292019
125,1.031069,0.919558,0.789534,0.660735,0.680399,0.683826,548.900621
126,1.019168,0.819751,0.827076,0.707869,0.724290,0.722847,542.588088
127,1.015923,0.841881,0.807167,0.687133,0.706198,0.705428,541.604062
128,1.014068,0.819037,0.815131,0.674599,0.714316,0.716509,540.594610
129,1.018157,0.800971,0.821957,0.718209,0.714693,0.716441,543.131480
130,1.003838,0.833861,0.813993,0.660588,0.698122,0.700469,541.923014
131,1.005736,0.830962,0.815700,0.706586,0.737513,0.738869,542.872450
132,1.003907,0.801508,0.821388,0.708960,0.734313,0.735587,542.118899
133,1.011098,0.813416,0.815131,0.692243,0.731194,0.731800,543.816700
134,1.003163,0.822525,0.820819,0.697947,0.730124,0.730058,541.930571
135,0.988112,0.825711,0.817406,0.665558,0.716256,0.714592,543.561078
136,0.995719,0.813299,0.832765,0.728869,0.729451,0.729781,542.511956
137,0.995083,0.825728,0.818544,0.704361,0.724120,0.722140,542.613171
138,0.985022,0.823409,0.816268,0.693986,0.730285,0.730119,543.184501
139,0.985883,0.836943,0.813424,0.717533,0.740313,0.739820,542.449101
140,0.984720,0.837162,0.808305,0.654597,0.693906,0.692890,548.604862
141,0.980491,0.832411,0.821388,0.671568,0.699170,0.699511,549.127365
142,0.976812,0.832752,0.807736,0.700521,0.721828,0.721153,542.078785
143,0.977765,0.792221,0.823094,0.708692,0.725577,0.725233,542.595693
144,0.973682,0.872741,0.807736,0.673571,0.703381,0.701663,548.778305
145,0.970949,0.841126,0.788396,0.695097,0.705238,0.705245,541.359046
146,0.964017,0.831266,0.828783,0.712980,0.739523,0.741630,540.332075
147,0.960170,0.812014,0.821388,0.684599,0.705868,0.705534,541.831797
148,0.958643,0.794142,0.817406,0.690267,0.730349,0.731352,540.877868
149,0.944851,0.818853,0.824232,0.678181,0.691964,0.692311,542.192959
150,0.959978,0.927812,0.763367,0.628710,0.648724,0.651479,541.687522
151,0.951317,0.807422,0.827645,0.715622,0.730556,0.729210,543.606128
152,0.951465,0.841445,0.807736,0.693133,0.705576,0.709118,540.275028
153,0.954629,0.834004,0.823663,0.680837,0.714110,0.713533,541.202620
154,0.935634,0.814982,0.818544,0.710382,0.715924,0.713709,542.891067
155,0.934201,0.840168,0.793515,0.704635,0.712714,0.711573,543.442247
156,0.936441,0.823733,0.823094,0.714034,0.713252,0.711896,542.706083
157,0.938732,0.820844,0.804323,0.702702,0.728192,0.729774,543.344595
158,0.935578,0.857991,0.799772,0.707254,0.706871,0.706299,541.284970
159,0.945674,0.866280,0.816268,0.652931,0.680117,0.677508,541.372647
160,0.934825,0.887812,0.778726,0.652048,0.669762,0.671646,542.008249
161,0.923265,0.849884,0.821388,0.697697,0.723028,0.722253,541.408511
162,0.922511,0.823715,0.820250,0.644722,0.661521,0.664092,542.673523
163,0.928518,0.836808,0.804892,0.665908,0.692071,0.693805,542.130193
164,0.917420,0.846441,0.815700,0.676377,0.701421,0.702249,539.794074
165,0.911092,0.842845,0.801479,0.668514,0.707501,0.704825,541.432563
166,0.918525,0.811544,0.815700,0.704885,0.729410,0.727609,541.271108
167,0.905128,0.854080,0.817975,0.681710,0.715586,0.714216,541.426997
168,0.902004,0.816332,0.821957,0.705471,0.730719,0.730341,542.449194
169,0.899622,0.821523,0.815131,0.700570,0.721250,0.722918,547.971924
170,0.900669,0.818164,0.808874,0.702870,0.729724,0.729795,541.147149
171,0.839046,0.801917,0.818544,0.708756,0.734080,0.735165,542.121580
172,0.788726,0.821092,0.825370,0.716124,0.735649,0.735938,541.462628
173,0.766845,0.808937,0.820250,0.718194,0.733118,0.732791,541.759025
174,0.755445,0.798555,0.817975,0.707409,0.730931,0.729385,542.139854
175,0.753413,0.820534,0.823663,0.728689,0.753352,0.749500,543.190953
176,0.749810,0.848441,0.818544,0.730978,0.750657,0.750336,541.892303
177,0.743396,0.824150,0.812287,0.720619,0.743771,0.745063,541.771358
178,0.733345,0.842387,0.825370,0.740341,0.754857,0.754217,540.662104
179,0.732717,0.846519,0.821957,0.726490,0.747184,0.746871,542.464970
180,0.726868,0.845463,0.816837,0.701227,0.717904,0.719025,542.395725
181,0.720670,0.859483,0.817406,0.702756,0.726614,0.726730,540.274386
182,0.722824,0.835942,0.815700,0.712031,0.736489,0.735832,541.776920
183,0.715968,0.866659,0.823094,0.729423,0.743633,0.742117,540.301680
184,0.713336,0.864369,0.830489,0.742253,0.759078,0.759454,539.877382
185,0.708759,0.865680,0.821388,0.733347,0.729010,0.730569,543.475717
186,0.705870,0.871996,0.822526,0.735014,0.745030,0.744697,543.847163
187,0.704014,0.897022,0.810580,0.692374,0.723819,0.721195,544.061077
188,0.703462,0.890394,0.807736,0.711084,0.721892,0.722265,540.946993
189,0.694301,0.902805,0.806030,0.698932,0.714049,0.716906,542.543084
190,0.696463,0.872461,0.812287,0.690429,0.725289,0.724121,541.999880
191,0.688917,0.869704,0.816268,0.717849,0.740952,0.740131,547.314331
192,0.688570,0.872989,0.819681,0.712980,0.741775,0.739220,548.221441
193,0.686360,0.882081,0.811718,0.714069,0.734207,0.732024,544.639445
194,0.678002,0.888315,0.812856,0.712751,0.732664,0.732284,544.588215
195,0.671965,0.870901,0.794653,0.683032,0.707190,0.705209,544.052781
196,0.681560,0.912623,0.812287,0.704518,0.723520,0.724760,544.001235
197,0.675114,0.914100,0.817975,0.717878,0.726088,0.724894,542.031582
198,0.665189,0.895795,0.806030,0.703857,0.726673,0.725915,543.485784
199,0.668463,0.904306,0.805461,0.690897,0.714726,0.714054,543.057270
200,0.668864,0.913536,0.816268,0.718519,0.738465,0.736009,546.254270
201,0.661912,0.908903,0.814562,0.704840,0.728965,0.727255,540.513499
202,0.667213,0.913365,0.814562,0.699213,0.722401,0.720981,543.541561
203,0.655332,0.946014,0.806598,0.698165,0.723580,0.721400,545.467852
204,0.659192,0.924912,0.813424,0.704709,0.729025,0.726867,542.532370
205,0.644791,0.912734,0.809443,0.699991,0.722470,0.723145,542.198460
206,0.650894,0.951520,0.813424,0.696784,0.710101,0.706908,545.003459
207,0.643765,0.899263,0.812287,0.695804,0.725499,0.725499,546.581059
208,0.647322,0.931768,0.817975,0.700689,0.710854,0.709622,546.696454
209,0.641636,0.918555,0.808305,0.708282,0.726708,0.727369,542.708403
210,0.634201,0.951814,0.803754,0.705424,0.724463,0.728587,546.291532
211,0.639780,0.954221,0.803754,0.703280,0.733319,0.734089,543.073124
212,0.630221,0.933386,0.815131,0.713612,0.734064,0.730926,544.998148
213,0.631973,0.945171,0.800341,0.693094,0.713654,0.713752,544.616050
214,0.631493,0.940584,0.804892,0.706981,0.730351,0.729847,543.208667
215,0.633271,0.928054,0.808874,0.702503,0.714282,0.713712,541.892991
216,0.619359,0.963066,0.802048,0.693158,0.714204,0.716257,544.148398
217,0.617904,0.954729,0.800341,0.692356,0.713209,0.712519,542.836563
218,0.615508,0.979294,0.817406,0.715159,0.737120,0.734845,542.774213
219,0.613193,1.003024,0.804892,0.698222,0.718365,0.717721,545.335262
220,0.610949,0.977169,0.804892,0.685168,0.703757,0.704515,544.467730
