epoch,train_loss,avg_valid_loss,valid_accuracy,valid_kappa,valid_kappa_exp,time
1,inf,3.709627,0.734357,-0.008501,0.110904,576.709191
2,3.672043,3.662952,0.734926,0.082751,0.186020,572.071994
3,3.581958,3.733973,0.717861,0.374181,0.293010,571.740024
4,3.502328,3.469299,0.746303,0.235063,0.362632,572.623563
5,3.437990,3.426196,0.752560,0.258218,0.433235,572.319118
6,3.381692,3.349254,0.750853,0.387542,0.461968,573.632614
7,3.335266,3.347048,0.757679,0.312340,0.438416,572.899195
8,3.287530,3.263326,0.767349,0.459318,0.524381,572.059237
9,3.253500,3.231126,0.765074,0.432862,0.532199,572.949406
10,3.211397,4.212272,0.509670,0.333215,0.309120,573.722381
11,3.176616,3.145049,0.782139,0.516465,0.586923,573.014907
12,3.144912,3.134735,0.775313,0.448270,0.543837,571.904884
13,3.118108,3.068469,0.779295,0.560792,0.623460,573.221483
14,3.083830,3.100487,0.775313,0.491900,0.556126,573.242540
15,3.059419,3.159012,0.766212,0.509880,0.570021,572.634008
16,3.027957,3.024271,0.792947,0.597522,0.592046,571.898115
17,3.001927,3.005956,0.786121,0.569799,0.623980,572.322991
18,2.966773,3.055979,0.773038,0.395307,0.499222,572.983233
19,2.941244,2.942729,0.799772,0.642415,0.647875,572.639193
20,2.904031,3.086757,0.758817,0.603515,0.630005,573.794879
21,2.883314,2.885075,0.788396,0.551609,0.647054,572.426056
22,2.849717,2.868027,0.799772,0.617792,0.676304,573.325590
23,2.831772,2.808064,0.795791,0.618641,0.680815,572.871225
24,2.798978,2.811037,0.807167,0.647215,0.676626,573.851189
25,2.777048,2.881425,0.786689,0.661858,0.647050,572.020495
26,2.750740,3.160290,0.774744,0.493745,0.537513,572.570423
27,2.733641,3.090842,0.744596,0.588495,0.587402,573.092457
28,2.706267,2.709904,0.810580,0.651065,0.660933,573.253041
29,2.686310,2.729790,0.815700,0.702509,0.722482,571.760855
30,2.658729,2.638227,0.821388,0.713608,0.734350,572.748427
31,2.647768,2.693596,0.807167,0.606464,0.656501,572.250759
32,2.622235,2.640195,0.813424,0.660808,0.693267,571.143802
33,2.606218,2.919581,0.772469,0.478390,0.553307,572.397620
34,2.587912,2.629034,0.805461,0.581790,0.644279,573.461299
35,2.564539,2.611229,0.821388,0.721607,0.710492,572.990586
36,2.549360,2.560712,0.817975,0.681105,0.712478,574.176012
37,2.526392,2.589676,0.808305,0.700656,0.720900,574.154163
38,2.511089,2.557072,0.824801,0.713888,0.738247,571.850378
39,2.492613,2.493125,0.818544,0.701147,0.731343,574.160818
40,2.481156,2.473124,0.811149,0.693235,0.737840,837.132643
41,2.463498,2.488597,0.816268,0.667770,0.713819,571.044104
42,2.443221,2.497648,0.810011,0.606670,0.666622,574.399817
43,2.425288,2.473475,0.819681,0.686345,0.723645,573.178158
44,2.414398,2.433025,0.812287,0.646430,0.713604,574.757491
45,2.384899,2.416817,0.825370,0.676100,0.679497,572.585406
46,2.380406,2.413110,0.823094,0.703802,0.719570,573.990099
47,2.361251,2.366877,0.820819,0.674501,0.733581,574.745332
48,2.341209,2.363960,0.817406,0.699882,0.723053,575.458542
49,2.326627,2.372313,0.817406,0.687445,0.712929,574.454637
50,2.316119,2.341623,0.817406,0.715267,0.730611,574.443555
51,2.296098,2.286718,0.829352,0.727299,0.750178,575.019270
52,2.288562,2.316379,0.823663,0.709437,0.734450,573.778791
53,2.263545,2.283093,0.816268,0.680795,0.740903,574.920991
54,2.250749,2.403713,0.804892,0.588573,0.663255,574.946948
55,2.240088,2.305283,0.826507,0.697661,0.712168,574.987719
56,2.223826,2.348400,0.810011,0.699793,0.718624,574.286836
57,2.214002,2.216793,0.823094,0.712616,0.771004,574.345117
58,2.192866,2.377811,0.808305,0.583766,0.639105,575.233898
59,2.179535,2.333316,0.807167,0.619894,0.686473,574.694823
60,2.160900,2.219180,0.827076,0.703340,0.750522,574.658077
61,2.151261,2.227915,0.816837,0.674452,0.725974,574.707701
62,2.143736,2.168232,0.826507,0.721545,0.746044,574.977661
63,2.125983,2.166061,0.821957,0.705811,0.734149,574.825075
64,2.117955,2.176123,0.822526,0.693842,0.736155,574.247326
65,2.103810,2.132153,0.823094,0.715504,0.752058,575.042115
66,2.088371,2.154456,0.821957,0.718058,0.745999,575.442060
67,2.075870,2.115058,0.829920,0.737323,0.755301,574.045587
68,2.067835,2.176390,0.821388,0.699563,0.728550,575.601986
69,2.052299,2.179945,0.805461,0.641724,0.715642,573.834007
70,2.044033,2.123110,0.827076,0.739838,0.742286,574.242125
71,2.027306,2.105207,0.819113,0.704351,0.737947,574.318278
72,2.022342,2.100152,0.822526,0.687158,0.710426,574.042366
73,2.002214,2.101862,0.828783,0.733145,0.728547,574.883084
74,1.999601,2.206525,0.807736,0.568217,0.645689,573.887621
75,1.982944,2.193680,0.811718,0.631128,0.671612,573.782341
76,1.967270,2.037985,0.830489,0.742228,0.762162,574.695730
77,1.959470,2.075497,0.825370,0.721014,0.741191,575.688242
78,1.947757,2.020042,0.825370,0.703189,0.753488,573.996770
79,1.937806,2.119583,0.819113,0.668419,0.709269,574.581976
80,1.922923,2.013613,0.823094,0.739972,0.762575,575.069897
81,1.905331,1.998160,0.819681,0.736373,0.753104,575.344370
82,1.902419,2.029202,0.812856,0.640731,0.720787,574.191936
83,1.893284,1.980744,0.827076,0.720863,0.751966,574.347053
84,1.879663,1.982618,0.832196,0.750621,0.773328,574.458057
85,1.873590,1.968859,0.827076,0.701853,0.751277,574.546678
86,1.860983,1.924448,0.831627,0.742346,0.764037,574.434712
87,1.856229,2.014956,0.803185,0.669502,0.725233,574.030938
88,1.837452,1.916547,0.826507,0.742827,0.767632,573.648799
89,1.831862,1.969526,0.828214,0.699557,0.732656,576.574619
90,1.810464,1.953056,0.831058,0.714041,0.717887,571.614256
91,1.813153,1.928990,0.827076,0.716659,0.742026,573.778851
92,1.799154,1.962562,0.819681,0.727347,0.749520,574.423325
93,1.788797,1.915619,0.834471,0.692202,0.726345,573.774065
94,1.779675,1.933596,0.816268,0.721688,0.747219,573.749690
95,1.775558,1.982685,0.812856,0.710031,0.731813,574.203073
96,1.761232,1.887059,0.828783,0.749828,0.769440,573.978263
97,1.755170,1.883765,0.839022,0.739522,0.748696,573.930589
98,1.743063,1.845099,0.831627,0.705984,0.736381,574.739230
99,1.730136,1.834299,0.835609,0.720529,0.741156,573.743689
100,1.720817,1.889768,0.826507,0.682868,0.721616,575.189293
101,1.717329,1.865411,0.823094,0.706735,0.743618,574.879974
102,1.705148,1.880052,0.825939,0.724147,0.738904,574.955294
103,1.696242,1.808070,0.836746,0.743554,0.758012,575.009294
104,1.684864,1.816490,0.831627,0.743511,0.761519,789.743621
105,1.682020,1.862627,0.821388,0.695019,0.739075,573.905257
106,1.673971,1.815199,0.836177,0.726445,0.755660,574.698584
107,1.664721,1.861072,0.824232,0.714242,0.731887,573.355658
108,1.652777,1.777024,0.833333,0.727628,0.761539,576.448864
109,1.647327,1.787181,0.836746,0.731265,0.758177,574.132834
110,1.644353,1.912437,0.835040,0.714945,0.740133,575.497837
111,1.629500,1.834962,0.828214,0.742468,0.759535,575.241343
112,1.612498,1.877847,0.806598,0.713525,0.746622,574.086897
113,1.615469,1.770754,0.833333,0.722007,0.757211,575.060250
114,1.602167,1.770430,0.836746,0.763400,0.760922,574.304805
115,1.600106,1.842045,0.823094,0.624943,0.676201,574.289026
116,1.595358,1.744792,0.832196,0.733115,0.751674,574.830050
117,1.585245,1.717285,0.832196,0.731386,0.763987,574.295418
118,1.574844,1.745770,0.840728,0.715793,0.759669,574.253722
119,1.556848,1.759462,0.832765,0.757843,0.771133,573.479978
120,1.562906,1.725866,0.844141,0.733544,0.729326,575.142313
121,1.548981,1.724370,0.834471,0.742514,0.764285,573.624871
122,1.540161,1.747790,0.835609,0.702452,0.729970,574.546004
123,1.539297,1.698148,0.841866,0.753922,0.778615,574.373578
124,1.531440,1.689752,0.833333,0.733290,0.771914,573.825315
125,1.521989,1.690140,0.833902,0.749950,0.762976,573.865274
126,1.513355,1.694963,0.835040,0.753390,0.773732,574.634282
127,1.509536,1.750072,0.829920,0.752973,0.754890,574.085806
128,1.500773,1.710307,0.830489,0.721723,0.731540,574.914735
129,1.490169,1.735258,0.831627,0.733838,0.738926,574.198923
130,1.478817,1.746666,0.815131,0.718484,0.737905,573.598716
131,1.479236,1.667491,0.829920,0.722174,0.770710,575.397498
132,1.470237,1.707929,0.818544,0.724421,0.770035,574.811062
133,1.461092,1.753268,0.828214,0.679891,0.736353,575.447003
134,1.458278,1.708629,0.813424,0.733802,0.764676,574.625369
135,1.454046,1.724301,0.833902,0.702640,0.720859,574.832284
136,1.446830,1.694012,0.830489,0.714990,0.758120,574.297480
137,1.434256,1.666020,0.829920,0.735941,0.768024,574.621695
138,1.437947,1.640086,0.828783,0.705699,0.753780,576.794344
139,1.424331,1.834796,0.825939,0.676764,0.707366,574.210976
140,1.413627,1.660060,0.831627,0.752909,0.764834,573.961823
141,1.412617,1.684608,0.837315,0.736970,0.760726,573.996775
142,1.404255,1.696737,0.833333,0.720738,0.749923,574.038005
143,1.404243,1.647509,0.824801,0.672001,0.731616,575.164667
144,1.396637,1.650465,0.830489,0.699764,0.726724,574.382427
145,1.382601,1.761972,0.806030,0.715028,0.738776,572.381151
146,1.387277,1.639035,0.826507,0.704355,0.758992,573.453764
147,1.367868,1.623475,0.834471,0.735947,0.771005,573.510974
148,1.363942,1.611678,0.827076,0.742944,0.771924,572.382427
149,1.362680,1.678014,0.837315,0.768389,0.764897,573.141274
150,1.357471,1.654745,0.835040,0.719368,0.733591,573.760116
151,1.347446,1.637521,0.836746,0.714590,0.742108,572.394373
152,1.352237,1.691708,0.810580,0.719218,0.742444,572.619861
153,1.330643,1.636862,0.829920,0.717430,0.749552,573.767923
154,1.328933,1.686889,0.830489,0.752183,0.771505,572.552458
155,1.330538,1.655090,0.840728,0.724142,0.741202,572.966279
156,1.319123,1.616924,0.833902,0.746961,0.763464,822.236299
157,1.310821,1.664565,0.823663,0.710949,0.739516,572.486704
158,1.314802,2.134765,0.806030,0.541264,0.591298,572.864536
159,1.300644,1.656102,0.820250,0.736976,0.757910,572.838297
160,1.297876,1.648773,0.800341,0.734827,0.744935,572.280996
161,1.293891,1.649690,0.838453,0.727149,0.755883,571.874798
162,1.283467,1.686773,0.827645,0.747542,0.755934,573.154566
163,1.278581,1.591787,0.832196,0.739070,0.763174,573.909173
164,1.269712,1.592824,0.838453,0.753522,0.761166,574.829066
165,1.260143,1.733937,0.815131,0.653899,0.673151,573.226960
166,1.266019,1.608234,0.833902,0.737259,0.752035,574.003620
167,1.257870,1.680912,0.818544,0.716715,0.725290,573.830179
168,1.236133,1.661749,0.825370,0.701663,0.733209,574.706362
169,1.242372,1.649414,0.824801,0.734204,0.745625,575.568534
170,1.238030,1.650781,0.831627,0.753529,0.768147,573.345728
171,1.239342,1.568286,0.823663,0.730260,0.766021,574.998348
172,1.231343,1.582612,0.836177,0.744634,0.767411,574.021285
173,1.220578,1.658184,0.804323,0.737808,0.755149,573.597708
174,1.219869,1.695379,0.800341,0.733029,0.731134,573.725689
175,1.215466,1.695556,0.811718,0.715483,0.728282,573.139316
176,1.206897,1.726976,0.821388,0.709513,0.731444,572.763285
177,1.203794,1.646478,0.830489,0.705341,0.755508,572.757984
178,1.196436,1.664718,0.817406,0.741306,0.749772,572.639703
179,1.189674,1.714301,0.811718,0.702902,0.716435,573.037315
180,1.191996,1.613606,0.835609,0.751837,0.760228,573.390985
181,1.175356,1.651084,0.827076,0.753287,0.765587,573.112810
182,1.171219,1.604566,0.815131,0.736048,0.756655,572.781450
183,1.171349,1.647776,0.824232,0.709640,0.731675,572.941874
184,1.155823,1.636379,0.820819,0.719560,0.747949,572.456519
185,1.158119,1.754065,0.803754,0.695686,0.687075,572.567047
186,1.166283,1.549651,0.823094,0.745265,0.763179,573.847214
187,1.154946,1.699133,0.813424,0.719201,0.723104,572.724152
188,1.154056,1.623064,0.821957,0.697290,0.726532,572.195398
189,1.132587,1.728951,0.811149,0.722009,0.732818,573.050573
190,1.133603,1.608702,0.828214,0.732879,0.762019,574.100593
191,1.128064,1.707044,0.817975,0.706643,0.730566,572.950805
192,1.136532,1.629723,0.823663,0.744495,0.768219,572.918885
193,1.124387,1.731928,0.816268,0.705016,0.725260,573.812310
194,1.116061,1.637073,0.831058,0.761227,0.748564,572.676736
195,1.113479,1.569490,0.831627,0.744169,0.754091,573.041850
196,1.113447,1.619379,0.825370,0.736350,0.764922,574.029673
197,1.108944,1.626339,0.826507,0.732613,0.758932,573.300517
198,1.094877,1.590855,0.816837,0.711352,0.723843,573.012938
199,1.084748,1.643976,0.809443,0.707829,0.745213,573.638845
200,1.080623,1.671332,0.825939,0.727520,0.753856,574.178519
201,1.089322,1.678386,0.824801,0.708620,0.744368,572.808365
202,1.073469,1.643733,0.816837,0.716846,0.739294,572.878705
203,1.074438,1.591934,0.832765,0.757926,0.755249,572.920540
204,1.081286,1.764347,0.831627,0.691167,0.711857,573.205501
205,1.059612,1.640612,0.816837,0.738713,0.764211,573.041093
206,1.057086,1.672100,0.824801,0.740478,0.763521,573.020747
207,1.051182,1.780523,0.812856,0.673416,0.701545,572.846351
208,1.055601,1.721714,0.820819,0.692814,0.713570,573.217806
209,1.048921,1.630742,0.823094,0.706969,0.733523,573.359670
210,1.042769,1.688250,0.830489,0.739961,0.765784,572.160720
211,1.039600,1.851010,0.820250,0.686115,0.725974,573.053816
212,1.028945,1.878395,0.821388,0.678621,0.710674,573.086121
213,1.025730,1.641908,0.828214,0.716353,0.735794,573.369735
214,1.028380,1.598677,0.826507,0.741167,0.761352,572.496642
215,1.019524,1.701988,0.825370,0.698860,0.724171,571.714209
216,1.016536,1.573311,0.820250,0.734646,0.753495,572.921951
217,1.012743,1.737976,0.824232,0.730208,0.754316,572.574008
218,1.014137,1.663745,0.810580,0.719488,0.747894,573.236040
219,1.006848,1.696730,0.822526,0.754269,0.767660,572.968054
220,0.993809,1.699066,0.825370,0.727636,0.745480,572.371954
221,1.000959,1.604027,0.825939,0.736552,0.745601,571.484710
222,0.990923,1.663622,0.816268,0.705004,0.705809,570.964303
223,0.982151,1.820230,0.812856,0.714340,0.721861,573.596201
224,0.978526,1.661217,0.821957,0.725575,0.725770,572.648663
225,0.975095,1.770906,0.802617,0.728455,0.745105,572.162998
226,0.977149,1.700909,0.824801,0.764046,0.774581,572.399439
227,0.960683,1.702266,0.814562,0.710895,0.746412,573.222271
228,0.962154,1.777672,0.804892,0.752498,0.750150,573.509456
229,0.953938,1.804544,0.814562,0.682940,0.707959,571.546162
230,0.968550,1.761963,0.826507,0.668491,0.704713,573.303808
231,0.951020,1.787983,0.820250,0.744562,0.761415,572.640733
232,0.946916,1.704295,0.828214,0.737828,0.762391,572.830153
233,0.948224,1.856892,0.775313,0.699900,0.735658,572.386600
234,0.941814,1.715862,0.819681,0.713814,0.736863,572.480565
235,0.933614,1.792904,0.802617,0.734190,0.753855,572.369765
236,0.921073,1.722359,0.824801,0.729539,0.755687,572.931868
237,0.933040,1.702662,0.813993,0.702687,0.747568,572.361533
238,0.918838,1.694686,0.806030,0.734217,0.739339,573.093648
239,0.925768,1.723732,0.810011,0.728614,0.746951,572.374663
240,0.918128,1.860862,0.779295,0.696317,0.713699,571.910905
241,0.922477,1.668348,0.817406,0.713134,0.740042,572.861639
242,0.903342,1.774506,0.820250,0.732952,0.752815,573.011413
243,0.899602,1.806721,0.808305,0.673344,0.713076,572.359630
244,0.899942,1.793047,0.794653,0.714222,0.732538,571.776308
245,0.896752,1.744752,0.814562,0.733639,0.749826,787.714180
246,0.894576,1.672033,0.825939,0.738856,0.764802,572.231290
247,0.881237,1.813411,0.757110,0.665897,0.696956,572.480867
248,0.888328,1.848569,0.813424,0.675627,0.695949,572.425068
249,0.882468,1.744421,0.817406,0.746915,0.753757,571.550952
250,0.883228,1.758005,0.816268,0.678381,0.702821,571.903456
251,0.872939,1.837769,0.827645,0.740331,0.746263,572.730999
252,0.867817,1.808797,0.819681,0.751474,0.761306,572.208631
253,0.867757,1.773219,0.804323,0.700150,0.717706,572.504786
254,0.877998,1.771729,0.803754,0.694507,0.720024,573.159446
255,0.858884,1.920025,0.799204,0.740778,0.758130,573.122869
256,0.846792,1.859491,0.824801,0.696006,0.708823,571.969796
257,0.844884,1.786222,0.825939,0.717713,0.735877,572.319686
258,0.843892,1.889021,0.790671,0.669151,0.705076,571.834931
259,0.849513,1.977540,0.778157,0.701661,0.720123,572.628643
260,0.840693,2.012800,0.792378,0.657764,0.698296,573.393603
261,0.851815,1.944773,0.786121,0.697246,0.702149,572.509157
262,0.848845,1.847957,0.808305,0.707282,0.737531,571.876736
263,0.836644,1.928754,0.820250,0.689046,0.705315,572.318646
264,0.842306,1.767202,0.811718,0.678970,0.701574,572.918133
265,0.820217,2.053815,0.765643,0.661322,0.698984,572.114624
266,0.817386,1.655069,0.813993,0.700095,0.736319,572.428035
267,0.813542,1.786117,0.815131,0.742693,0.752634,572.639911
268,0.824743,1.835986,0.803754,0.670661,0.699175,572.326923
269,0.819865,1.823770,0.795791,0.730236,0.744968,572.950086
270,0.805413,1.941072,0.822526,0.717257,0.732886,573.487549
271,0.808457,1.862182,0.798635,0.707814,0.741547,572.408366
272,0.803119,2.036676,0.815700,0.663910,0.696999,573.016451
273,0.806808,1.786332,0.821388,0.710662,0.722152,572.576961
274,0.792307,1.851025,0.816268,0.712266,0.722545,571.734586
275,0.804880,1.960075,0.757110,0.662645,0.680955,573.253466
276,0.799256,1.935712,0.806030,0.701886,0.728889,573.235290
277,0.797780,1.913070,0.812287,0.730665,0.764147,572.074677
278,0.781803,1.770849,0.803185,0.756618,0.760932,573.170353
279,0.790023,1.992540,0.799772,0.692580,0.718518,572.495759
280,0.778160,1.966949,0.828214,0.720889,0.743458,572.106367
281,0.794104,1.870991,0.817406,0.724319,0.747207,572.751395
282,0.776430,1.897688,0.815700,0.701174,0.728014,573.109868
283,0.765402,1.818789,0.814562,0.747308,0.765234,572.492369
284,0.772819,1.915197,0.821957,0.729983,0.758373,574.491748
285,0.778811,1.840252,0.803185,0.705536,0.729182,573.870542
286,0.758773,1.919623,0.802617,0.680003,0.690970,571.953413
287,0.775321,1.936572,0.819113,0.705385,0.726193,572.139985
288,0.757201,1.896989,0.795791,0.685205,0.724002,572.619654
289,0.773788,1.808489,0.811718,0.725156,0.732656,572.535750
290,0.767794,1.956168,0.806598,0.722556,0.749413,573.082436
291,0.769689,1.893841,0.798066,0.701461,0.735349,573.913515
292,0.745350,2.059765,0.810580,0.660027,0.676560,574.020802
293,0.757528,1.933032,0.792378,0.708211,0.721647,572.963847
294,0.734804,1.985734,0.827645,0.737746,0.755982,573.301006
295,0.735356,2.084566,0.813993,0.713846,0.741065,573.063743
296,0.741565,1.864775,0.820250,0.765768,0.769228,574.579969
297,0.726626,1.942082,0.805461,0.720996,0.740188,574.706482
298,0.735684,1.929283,0.804323,0.715152,0.737141,574.642503
299,0.717715,1.872725,0.790102,0.713821,0.742232,573.615498
300,0.731573,2.061575,0.811149,0.708535,0.712819,574.397967
301,0.714553,1.986890,0.820250,0.724738,0.739612,574.870950
302,0.736868,1.872458,0.808305,0.723740,0.750556,792.369905
303,0.723782,1.934751,0.810580,0.732852,0.740419,575.353965
304,0.715729,2.026756,0.793515,0.712052,0.739661,576.217237
305,0.718012,2.213294,0.824801,0.705490,0.714903,574.802148
306,0.715897,1.911825,0.798066,0.722018,0.750512,574.929692
307,0.721345,1.988021,0.808305,0.730223,0.745429,574.957678
308,0.721900,1.902020,0.814562,0.718901,0.730148,574.026233
309,0.717032,1.908771,0.805461,0.707310,0.743375,574.060910
310,0.701549,1.953411,0.810580,0.718383,0.741338,573.282636
311,0.699896,1.908581,0.819681,0.742259,0.759646,573.770742
312,0.716556,1.996917,0.803185,0.716516,0.738256,573.878308
313,0.715050,1.967217,0.833333,0.754369,0.782977,574.481980
314,0.704339,1.887384,0.824232,0.737776,0.769093,573.826715
315,0.704760,1.959016,0.804892,0.711760,0.728110,575.299373
316,0.694174,2.104640,0.813424,0.706826,0.727609,574.466544
317,0.702108,1.918251,0.775313,0.690999,0.735183,574.258448
318,0.699782,1.904721,0.794653,0.725646,0.736098,572.765795
319,0.688908,1.933728,0.824232,0.731528,0.743252,574.231963
320,0.689551,1.875695,0.794084,0.702503,0.730071,572.900966
321,0.686364,1.922397,0.832765,0.746233,0.763610,574.046055
322,0.688271,1.818359,0.825370,0.721974,0.749713,573.476922
323,0.681899,2.078843,0.744596,0.672443,0.708501,571.925265
324,0.692988,1.923525,0.811718,0.734744,0.748716,575.947970
325,0.677767,1.961633,0.791240,0.699606,0.736902,573.939880
326,0.678873,2.055351,0.823663,0.727007,0.743458,573.854720
327,0.678818,1.894693,0.811718,0.739382,0.756197,574.210992
328,0.675904,1.921041,0.808874,0.741361,0.763355,574.168713
329,0.686762,1.990690,0.804892,0.739449,0.750006,573.912350
330,0.672708,2.044965,0.802048,0.704139,0.722859,574.605936
331,0.672368,2.003706,0.820819,0.725467,0.750297,573.717269
332,0.681704,1.962627,0.812856,0.753082,0.754793,575.254492
333,0.673136,2.036187,0.811149,0.676607,0.706123,574.574784
334,0.675720,1.881987,0.819681,0.717959,0.741383,573.637076
335,0.677620,1.910182,0.810580,0.725504,0.744633,574.268076
336,0.671240,1.893828,0.801479,0.729124,0.736754,574.158172
337,0.678474,1.892501,0.819113,0.756649,0.764968,574.874367
338,0.672301,1.920422,0.803185,0.716169,0.737669,573.977051
339,0.666642,2.066727,0.813993,0.741117,0.747636,573.899495
340,0.660272,1.986054,0.811718,0.726222,0.750098,573.775003
341,0.661308,2.083435,0.810011,0.720475,0.742880,575.247746
342,0.650796,2.158259,0.810011,0.695364,0.714923,573.961098
343,0.659931,2.109475,0.806030,0.681533,0.715839,574.364918
344,0.663756,1.954058,0.789534,0.730475,0.759005,573.718872
345,0.650369,1.887890,0.803754,0.733577,0.749360,573.943231
346,0.657806,1.935675,0.812287,0.718962,0.742801,574.323252
347,0.657795,2.075557,0.817406,0.756395,0.756507,573.924951
348,0.658014,2.052126,0.814562,0.738203,0.740255,573.248594
349,0.646157,2.189409,0.810011,0.715137,0.729528,574.397711
350,0.646853,2.049447,0.796928,0.720230,0.750066,573.495594
351,0.647221,2.008237,0.778726,0.671059,0.709423,573.379921
352,0.662788,2.016423,0.807736,0.709847,0.733474,574.301588
353,0.648147,1.953365,0.778157,0.720814,0.724020,573.858437
354,0.640331,2.018096,0.809443,0.728404,0.739626,575.126350
355,0.635623,2.042566,0.796359,0.720229,0.737536,574.380871
356,0.645260,1.982489,0.819681,0.730190,0.745270,574.473439
357,0.642900,2.099097,0.806598,0.720439,0.729385,573.782932
358,0.648093,2.051263,0.764505,0.657100,0.676118,573.598792
359,0.664731,1.893919,0.819681,0.728050,0.739000,575.577922
360,0.648221,1.958740,0.807167,0.720563,0.738693,573.757579
361,0.631784,2.040977,0.808874,0.725315,0.743544,573.764618
362,0.631447,2.141266,0.796359,0.690135,0.735007,573.746766
363,0.644289,2.046626,0.818544,0.726443,0.731167,573.796313
364,0.636455,1.936389,0.786121,0.697793,0.716935,573.680449
365,0.631676,2.074998,0.803754,0.711588,0.731763,574.115424
366,0.627886,2.075660,0.761092,0.649001,0.684067,574.025944
367,0.630666,2.051204,0.786121,0.706591,0.732848,573.592753
368,0.626620,2.017488,0.786121,0.729815,0.742434,573.703562
369,0.633400,2.157134,0.820819,0.717351,0.728097,572.847025
370,0.633129,2.289653,0.821388,0.716629,0.724426,574.539759
371,0.613082,2.133343,0.804892,0.718485,0.737428,573.260216
372,0.632239,2.193057,0.813424,0.708438,0.730683,573.467359
373,0.616899,2.283242,0.819681,0.685412,0.701808,574.212240
374,0.608948,2.086336,0.804892,0.702081,0.738396,574.261570
375,0.612331,1.959348,0.815131,0.734120,0.749746,573.767845
376,0.617111,1.941847,0.795791,0.727143,0.745899,574.386601
377,0.630437,2.083842,0.782139,0.682207,0.702274,574.206514
378,0.621308,2.085854,0.822526,0.700724,0.732660,570.933426
379,0.616991,2.191104,0.794653,0.686059,0.712112,573.763725
380,0.649234,2.043385,0.780432,0.703503,0.744606,573.381640
381,0.617355,2.182122,0.811718,0.725379,0.734684,573.669502
382,0.607886,2.065401,0.795222,0.679195,0.716221,573.424206
383,0.608816,2.084380,0.820819,0.733813,0.765441,574.157722
384,0.641102,2.179413,0.812287,0.697190,0.736898,573.180245
385,0.621341,2.093738,0.814562,0.744414,0.765238,574.050946
386,0.616713,2.048485,0.806598,0.727244,0.733673,573.638867
387,0.610697,2.043876,0.803754,0.733664,0.748434,573.918575
388,0.604272,1.996083,0.808874,0.740470,0.750220,574.105404
389,0.602449,2.121095,0.811718,0.673896,0.711666,573.484554
390,0.592142,2.175105,0.791809,0.714970,0.734844,573.324848
391,0.606193,2.110002,0.781001,0.692874,0.710522,573.702407
392,0.601426,2.269863,0.819681,0.760122,0.771831,573.003134
393,0.609833,1.979230,0.804323,0.737285,0.749868,573.475205
394,0.607014,1.980460,0.803754,0.704576,0.745201,574.535766
395,0.595326,2.130810,0.801479,0.714973,0.743729,573.851033
396,0.607027,2.139394,0.796928,0.702684,0.723554,574.248287
397,0.594666,2.112841,0.810011,0.723443,0.726382,573.511056
398,0.601427,2.255545,0.808305,0.699388,0.716577,574.054710
399,0.593969,1.894885,0.812856,0.757869,0.768324,574.328939
400,0.600078,2.084917,0.802617,0.699232,0.710513,573.087663
401,0.598505,2.228247,0.815700,0.712054,0.724840,573.706586
402,0.596358,2.143244,0.811718,0.727841,0.748939,573.940743
403,0.594772,1.980367,0.806598,0.701391,0.742739,574.004111
404,0.599855,2.144881,0.799204,0.682197,0.710643,573.205604
405,0.587652,2.081176,0.783276,0.720694,0.740514,575.342050
406,0.584171,2.168486,0.818544,0.733366,0.747398,572.898490
407,0.595767,2.291404,0.819681,0.733062,0.743751,573.529590
408,0.602984,2.205664,0.819681,0.749951,0.741559,575.289992
409,0.617746,2.086582,0.820250,0.719902,0.734132,576.175535
410,0.605693,2.129039,0.793515,0.696833,0.727244,573.573956
411,0.601796,2.162008,0.790102,0.710904,0.708952,575.383967
412,0.588159,2.020205,0.796928,0.700804,0.709659,573.942459
413,0.590429,2.104452,0.815700,0.707808,0.726921,573.035234
414,0.607122,2.208612,0.817975,0.713983,0.726323,573.574109
415,0.583950,1.978157,0.813993,0.721781,0.738089,573.938429
416,0.579701,2.120517,0.810011,0.730513,0.732613,573.156730
417,0.597383,2.171717,0.788396,0.697016,0.722728,572.972652
418,0.610150,2.111163,0.794084,0.658416,0.675961,572.776106
419,0.592003,2.037345,0.773038,0.682790,0.720591,573.162668
420,0.580923,2.037651,0.771331,0.682868,0.716820,573.338148
421,0.594885,2.048424,0.803754,0.706814,0.730199,572.520902
422,0.587154,2.224401,0.808874,0.729202,0.741851,573.208836
423,0.608395,2.009518,0.810580,0.721752,0.750361,573.186751
424,0.583394,2.105445,0.803185,0.700484,0.709270,573.103838
425,0.588550,2.059519,0.792947,0.707959,0.738749,573.602383
426,0.587400,2.027272,0.792947,0.721069,0.735079,573.335938
427,0.577461,1.980798,0.810580,0.722121,0.735629,573.818077
428,0.587829,2.094041,0.756542,0.688311,0.710943,573.648614
429,0.575614,2.120441,0.806030,0.683587,0.727174,574.296240
430,0.594905,2.162596,0.777588,0.700249,0.709785,573.421417
431,0.641264,2.166399,0.800341,0.657927,0.682635,572.748209
432,0.610319,2.140247,0.819113,0.717127,0.734661,573.402583
433,0.581327,2.071257,0.819113,0.718909,0.724362,573.688000
434,0.573984,2.061547,0.802048,0.726206,0.729773,573.313189
435,0.580142,2.104287,0.808874,0.682385,0.703383,574.496392
436,0.591599,2.160867,0.807167,0.733499,0.747707,573.075217
437,0.562267,2.402008,0.828783,0.716861,0.743658,573.959693
438,0.560562,2.087160,0.786121,0.681284,0.716387,573.491847
439,0.570648,2.205738,0.809443,0.699852,0.725198,573.560036
440,0.592459,2.287426,0.820250,0.696149,0.693855,572.959451
441,0.577938,2.038776,0.782708,0.685326,0.708297,572.823964
442,0.598545,2.005094,0.798635,0.712929,0.729697,573.517727
443,0.580887,2.095816,0.792378,0.686094,0.716243,573.034088
444,0.564818,2.112576,0.805461,0.687061,0.707769,574.662212
445,0.590456,2.256916,0.821957,0.736309,0.758606,572.858146
446,0.577885,2.164703,0.796928,0.716873,0.735764,573.151972
447,0.575126,2.237590,0.824232,0.710152,0.722586,572.911154
448,0.567545,2.199343,0.804892,0.714991,0.732792,573.719235
449,0.563037,2.059429,0.813993,0.732736,0.737308,573.510301
450,0.566356,2.043586,0.790671,0.716087,0.730861,573.491315
451,0.567494,2.071053,0.766780,0.657858,0.699016,572.453454
452,0.574847,2.167955,0.820250,0.723769,0.728348,573.264463
453,0.567147,2.136861,0.806030,0.703122,0.738591,572.164590
454,0.573836,2.094866,0.811149,0.730620,0.741212,573.895026
455,0.564102,2.213113,0.812856,0.724961,0.737453,572.972124
456,0.571745,2.173468,0.803185,0.726454,0.750746,573.512936
457,0.569270,2.311270,0.818544,0.715464,0.736442,573.331141
458,0.540342,2.078252,0.802048,0.691999,0.713350,573.389538
459,0.562949,2.189560,0.808874,0.701331,0.712892,573.616473
460,0.559388,2.298380,0.821388,0.715454,0.731209,573.752398
461,0.563239,1.983976,0.819113,0.727058,0.755478,572.904797
462,0.548902,2.206115,0.800910,0.677455,0.698692,573.059391
463,0.581983,2.227212,0.790671,0.665995,0.687770,573.595054
464,0.603863,2.211106,0.825939,0.731967,0.738503,571.928809
465,0.575731,2.210163,0.823663,0.723705,0.752375,572.863743
466,0.558242,2.011489,0.806030,0.720115,0.734757,572.981105
467,0.568644,2.181036,0.800341,0.697990,0.726059,573.040964
468,0.551272,2.178986,0.810580,0.699492,0.723650,572.836010
469,0.568559,2.112055,0.799204,0.677635,0.723214,573.276669
470,0.579247,2.110557,0.807167,0.703362,0.716402,572.925478
471,0.606083,2.124724,0.821388,0.718357,0.730529,573.285014
472,0.583927,1.932869,0.789534,0.717555,0.735846,573.587062
473,0.585099,2.082152,0.812856,0.699076,0.701925,573.356027
474,0.580016,2.087380,0.811149,0.703564,0.723169,572.731486
475,0.574935,2.465249,0.819113,0.708941,0.718815,573.724765
476,0.565361,2.267404,0.801479,0.707364,0.735945,572.392190
477,0.560794,2.414442,0.799772,0.643441,0.673091,573.515009
478,0.560430,2.219380,0.806030,0.729081,0.724046,574.435573
479,0.551347,2.199911,0.825370,0.729917,0.748636,787.113029
480,0.564464,2.049429,0.801479,0.715583,0.740557,573.150219
481,0.588314,2.084747,0.783276,0.697288,0.724026,573.425858
482,0.578806,1.964172,0.779863,0.685485,0.706843,573.996883
483,0.588397,2.146973,0.811149,0.696540,0.705927,574.050709
484,0.581785,2.063771,0.815700,0.721821,0.738045,572.846886
485,0.558608,2.062951,0.797497,0.697531,0.722421,573.909059
486,0.558170,2.234205,0.795791,0.645084,0.680366,573.154389
487,0.568517,2.164750,0.808305,0.699468,0.712106,572.697192
488,0.558584,2.444609,0.804892,0.676563,0.687769,572.974311
489,0.551087,2.265924,0.807736,0.662324,0.701512,572.830283
490,0.542034,2.089895,0.816837,0.707865,0.737064,573.359317
491,0.535636,2.203499,0.770193,0.677493,0.685639,573.272538
492,0.529655,2.304159,0.806598,0.708235,0.740509,573.769837
493,0.552490,2.241454,0.780432,0.707215,0.717512,573.260417
494,0.542965,2.194304,0.797497,0.689747,0.702899,572.594106
495,0.568854,2.218165,0.774744,0.685862,0.717480,573.362892
496,0.589321,2.084045,0.783276,0.668734,0.701718,573.694617
497,0.588787,2.111103,0.803185,0.707135,0.735530,572.629477
498,0.560331,2.076125,0.819681,0.753761,0.755123,573.656492
499,0.550314,2.244279,0.819113,0.690647,0.714730,572.762806
500,0.564408,2.186422,0.810580,0.711471,0.716135,573.292616
501,0.602435,2.271930,0.813424,0.693560,0.706303,573.125886
502,0.628167,2.072317,0.801479,0.720086,0.746198,573.101489
503,0.565530,2.046961,0.800910,0.719631,0.747017,573.363112
504,0.535810,2.172471,0.775313,0.698366,0.725630,573.784645
505,0.548482,2.108559,0.811149,0.707005,0.743164,572.562395
506,0.550602,2.208780,0.825370,0.752863,0.748983,573.034417
507,0.566021,2.156726,0.793515,0.686436,0.721275,572.765183
508,0.614270,2.197753,0.773038,0.615999,0.651277,574.180416
