1,0.504007,1.401816,0.757679,0.667813,0.670338,0.670338,561.089409
2,0.485171,1.401494,0.771900,0.679804,0.687611,0.687611,555.555731
3,0.474647,1.821373,0.708191,0.682413,0.686037,0.686037,555.697058
4,0.474738,1.723842,0.701365,0.717879,0.718796,0.718796,555.563102
5,0.462911,1.852295,0.759386,0.693800,0.694961,0.694961,556.468191
6,0.459466,1.973235,0.727531,0.678408,0.676984,0.676984,554.054203
7,0.459698,1.942644,0.720137,0.729587,0.735776,0.735776,556.362431
8,0.450080,2.035203,0.778157,0.701648,0.701516,0.701516,554.634392
9,0.449479,1.838127,0.723549,0.735463,0.735964,0.735964,555.291118
10,0.445226,2.668485,0.699659,0.667750,0.672050,0.672050,553.897630
11,0.445519,2.202874,0.731513,0.714713,0.718781,0.718781,557.688897
12,0.434687,1.967589,0.756542,0.740668,0.743582,0.743582,556.720102
13,0.435394,3.552451,0.586462,0.657113,0.658390,0.658390,554.220829
14,0.440243,2.523660,0.689989,0.680125,0.685118,0.685118,555.090201
15,0.448322,2.399365,0.715017,0.724418,0.725946,0.725946,558.752754
16,0.428485,2.102828,0.755404,0.715110,0.723431,0.723431,558.072217
17,0.437802,2.237969,0.754835,0.728356,0.728464,0.728464,557.456302
18,0.440756,2.806273,0.714448,0.702607,0.703297,0.703297,555.289726
19,0.430106,2.421916,0.752560,0.712298,0.711210,0.711210,556.877564
20,0.428483,3.101545,0.660410,0.649597,0.649738,0.649738,593.049958
21,0.438954,2.349696,0.751991,0.722252,0.728720,0.728720,556.803123
22,0.425064,2.405153,0.720137,0.718498,0.720514,0.720514,553.092571
23,0.427060,2.465962,0.769056,0.719871,0.731650,0.731650,557.238950
24,0.425333,2.717289,0.671786,0.738474,0.737371,0.737371,554.021788
25,0.417418,2.506876,0.721843,0.717345,0.717024,0.717024,557.037932
26,0.423551,2.331955,0.774175,0.722686,0.722721,0.722721,554.427479
27,0.421615,2.768126,0.758817,0.656581,0.657525,0.657525,557.407173
28,0.430928,2.499446,0.732651,0.731384,0.729962,0.729962,589.322678
29,0.415151,2.330287,0.744027,0.706240,0.710654,0.710654,592.201649
30,0.413267,2.757410,0.744027,0.710786,0.710969,0.710969,554.909183
31,0.421065,2.633108,0.758248,0.728981,0.730728,0.730728,556.540949
32,0.414458,2.504971,0.767349,0.724994,0.727298,0.727298,556.300690
33,0.402888,2.892507,0.699659,0.711921,0.715241,0.715241,555.542415
34,0.402857,2.434124,0.730944,0.751972,0.751681,0.751681,554.397625
35,0.409241,2.428292,0.742890,0.736744,0.741457,0.741457,554.924966
36,0.396925,2.328817,0.761661,0.696223,0.698362,0.698362,556.320557
37,0.404704,2.344955,0.776451,0.733878,0.737519,0.737519,558.385559
38,0.404285,2.393980,0.769056,0.732913,0.732998,0.732998,555.412555
39,0.393127,2.456671,0.759386,0.720357,0.719607,0.719607,555.905293
40,0.394628,2.407670,0.741183,0.742667,0.743102,0.743102,555.286185
41,0.390681,2.519870,0.720705,0.723353,0.722155,0.722155,562.033503
42,0.399353,2.369138,0.770762,0.713987,0.717769,0.717769,555.604492
43,0.397001,2.479352,0.778726,0.720774,0.722945,0.722945,556.520668
44,0.398886,2.437181,0.736633,0.721250,0.721380,0.721380,557.082166
45,0.396903,2.545404,0.779295,0.719149,0.717540,0.717540,556.754939
46,0.385746,2.633758,0.741752,0.716674,0.723521,0.723521,556.334911
47,0.397664,2.587173,0.733220,0.737699,0.739564,0.739564,557.197146
48,0.396050,2.644320,0.755404,0.755766,0.755483,0.755483,557.537617
49,0.387878,2.647696,0.715017,0.726930,0.728655,0.728655,591.568069
50,0.390336,2.967358,0.722981,0.717336,0.719482,0.719482,591.908738
51,0.381511,2.361954,0.761092,0.750627,0.749161,0.749161,555.891006
52,0.356809,2.262602,0.759386,0.757678,0.759265,0.759265,557.552670
53,0.350886,2.240981,0.768487,0.763120,0.765436,0.765436,555.949713
54,0.345799,2.210482,0.778726,0.760316,0.759040,0.759040,555.761628
55,0.343427,2.191332,0.774744,0.756422,0.756422,0.756422,557.211366
56,0.342238,2.172890,0.782139,0.765334,0.762854,0.762854,556.734075
57,0.338892,2.190693,0.775313,0.761582,0.759370,0.759370,556.899667
58,0.337661,2.048900,0.773038,0.749456,0.752768,0.752768,554.616010
59,0.332642,2.130329,0.781001,0.755337,0.757375,0.757375,556.883168
60,0.333667,2.098856,0.785552,0.763319,0.763038,0.763038,556.553272
61,0.332490,2.040956,0.781570,0.752898,0.753349,0.753349,555.264906
62,0.331011,2.061074,0.783276,0.749755,0.750935,0.750935,554.876614
63,0.330285,2.054993,0.783276,0.747404,0.747108,0.747108,557.772396
64,0.327630,2.097958,0.787827,0.775692,0.777144,0.777144,556.363813
65,0.330343,2.042864,0.782139,0.756377,0.757869,0.757869,557.182406
66,0.328794,2.093371,0.779863,0.765711,0.765841,0.765841,555.783198
67,0.329227,2.117518,0.787258,0.751683,0.751821,0.751821,554.649007
68,0.327636,2.086918,0.784983,0.769597,0.767373,0.767373,556.106689
69,0.324178,2.082427,0.786121,0.756624,0.756307,0.756307,556.358395
70,0.331305,2.041097,0.779863,0.751569,0.751127,0.751127,558.403336
71,0.324548,2.134440,0.774175,0.748984,0.748974,0.748974,557.064025
72,0.323978,2.145631,0.785552,0.764513,0.763786,0.763786,555.989843
73,0.322985,2.149973,0.770193,0.746229,0.746513,0.746513,594.947258
74,0.322290,2.014471,0.775313,0.749604,0.748428,0.748428,556.319234
75,0.320554,2.173792,0.785552,0.753437,0.755498,0.755498,555.013433
76,0.318523,2.050506,0.786121,0.762776,0.763577,0.763577,556.355823
77,0.319093,2.230056,0.776451,0.740443,0.742375,0.742375,555.229268
78,0.318780,2.103635,0.795222,0.774603,0.774830,0.774830,555.148237
79,0.315905,2.123939,0.777588,0.744675,0.744375,0.744375,556.154760
80,0.317369,2.087878,0.791240,0.750063,0.753375,0.753375,555.571494
81,0.316167,2.205436,0.777019,0.756655,0.756342,0.756342,555.188203
82,0.316455,2.124213,0.782708,0.744833,0.748575,0.748575,555.916368
83,0.316354,2.128484,0.784414,0.750161,0.750314,0.750314,555.872298
84,0.315456,2.098365,0.775882,0.743008,0.746037,0.746037,558.088242
85,0.313270,2.184577,0.764505,0.732411,0.732209,0.732209,555.748281
86,0.313620,2.056984,0.782139,0.750864,0.752245,0.752245,556.139286
87,0.311137,2.084335,0.783845,0.762722,0.762424,0.762424,556.685932
88,0.313682,2.177800,0.778726,0.750869,0.749806,0.749806,555.732341
89,0.312899,2.167834,0.778157,0.751619,0.752672,0.752672,556.016994
90,0.311010,2.176835,0.785552,0.751608,0.749776,0.749776,555.626371
91,0.308833,2.100119,0.782139,0.749212,0.752157,0.752157,556.834903
92,0.306121,2.050411,0.781001,0.747458,0.749488,0.749488,555.102244
93,0.307621,2.201182,0.772469,0.732149,0.736063,0.736063,556.234811
94,0.307295,2.192307,0.784983,0.737114,0.742084,0.742084,556.320773
95,0.307718,2.239290,0.786689,0.745705,0.745543,0.745543,556.346680
96,0.306135,2.137857,0.783845,0.753067,0.752756,0.752756,558.394735
97,0.306342,2.068202,0.780432,0.743786,0.747622,0.747622,554.356382
98,0.304781,2.113373,0.779295,0.751277,0.754297,0.754297,555.548700
99,0.305424,2.228690,0.788965,0.741591,0.744108,0.744108,555.821151
100,0.303191,2.230532,0.769625,0.731377,0.734379,0.734379,553.614875
