epoch,train_loss,avg_valid_loss,valid_accuracy,valid_kappa,valid_kappa_exp,time
1,3.368811,3.418833,0.745304,0.000000,0.023117,1245.558702
2,2.497230,3.193465,0.655948,0.319970,0.158410,538.325529
3,2.399614,2.666556,0.746727,0.036219,0.144228,546.249862
4,2.353038,2.827226,0.745020,0.077669,0.155594,535.500739
5,2.313792,2.412331,0.751850,0.178548,0.315852,541.563371
6,2.282811,2.427441,0.749289,0.217953,0.333247,541.695773
7,2.251263,2.431538,0.715424,0.455270,0.436485,542.205451
8,2.213799,2.707329,0.754980,0.162355,0.222294,540.185942
9,2.177295,2.180875,0.769493,0.396568,0.482710,545.146543
10,2.127940,2.181370,0.762664,0.495338,0.530331,540.951683
11,2.087306,2.080064,0.787991,0.529498,0.588067,537.118744
12,2.057734,2.061240,0.786283,0.565286,0.607357,549.270009
13,2.032344,2.475436,0.684974,0.502192,0.473766,536.318896
14,2.012212,2.056370,0.788845,0.542733,0.619237,545.191546
15,1.993603,2.231205,0.749573,0.531900,0.601708,540.681952
16,1.968702,1.961136,0.796244,0.589904,0.637132,540.850996
17,1.964180,2.186245,0.777746,0.400045,0.467371,545.711872
18,1.940911,2.285249,0.746443,0.559233,0.541284,548.923770
19,1.924617,2.119061,0.770632,0.606481,0.617998,544.923182
20,1.910938,1.955199,0.802789,0.562073,0.598562,554.380233
21,1.895353,2.018547,0.795105,0.539869,0.582351,543.786104
22,1.887214,2.334478,0.687536,0.466604,0.466991,547.239420
23,1.872748,1.949224,0.801651,0.655570,0.656601,548.434063
24,1.860379,2.030105,0.774900,0.613923,0.630544,549.242856
25,1.849955,1.941787,0.798805,0.665178,0.667739,541.609957
26,1.843486,1.848898,0.814456,0.650688,0.659452,555.649814
27,1.827059,1.961683,0.795674,0.615528,0.600621,546.035983
28,1.823527,1.813934,0.811326,0.664595,0.698231,548.570020
29,1.810135,1.814869,0.806773,0.610961,0.679619,548.298837
30,1.799610,1.855846,0.803073,0.565353,0.636016,546.379257
31,1.790622,1.836042,0.807911,0.628770,0.668716,551.946153
32,1.777507,1.828263,0.811895,0.626227,0.665194,550.634118
33,1.777720,1.787339,0.811611,0.602494,0.647136,545.699382
34,1.769412,1.742926,0.820433,0.666871,0.698823,548.161922
35,1.748749,1.906519,0.791406,0.539423,0.608005,561.053808
36,1.740111,1.845551,0.798236,0.594173,0.654926,554.487408
37,1.732351,1.749318,0.816164,0.676610,0.705277,564.072196
38,1.726359,1.745496,0.818156,0.669422,0.691356,546.844852
39,1.722599,1.751575,0.817018,0.680024,0.687847,553.021884
40,1.711205,1.788403,0.806204,0.565236,0.622189,551.526391
41,1.696836,1.767652,0.810757,0.608309,0.675138,546.176519
42,1.698539,1.812045,0.794536,0.650074,0.672236,552.256941
43,1.686335,1.763904,0.813603,0.607691,0.655473,558.984021
44,1.677150,1.674594,0.818725,0.672449,0.700924,540.630018
45,1.671606,1.810067,0.806204,0.579147,0.640929,552.794020
46,1.658614,1.774089,0.796813,0.676951,0.694675,549.077929
47,1.656827,1.736207,0.811326,0.629708,0.661499,550.101956
48,1.650365,1.720420,0.805635,0.651074,0.673828,544.510803
49,1.647985,1.712032,0.809334,0.692939,0.709828,558.561154
50,1.630529,1.757490,0.805065,0.588274,0.643231,537.892790
51,1.626231,1.768398,0.797097,0.680088,0.705296,549.372913
52,1.621696,1.779572,0.796813,0.674231,0.660668,545.402676
53,1.611923,1.645003,0.820717,0.696594,0.734918,539.020677
54,1.601266,1.716314,0.815310,0.650021,0.692977,548.752433
55,1.595852,1.642956,0.819010,0.697696,0.704968,545.549297
56,1.589234,1.621233,0.823847,0.679056,0.705489,546.913682
57,1.583029,1.718932,0.812749,0.648215,0.695581,551.880109
58,1.577220,1.586341,0.820148,0.689117,0.727637,553.585766
59,1.566687,1.604137,0.819294,0.654837,0.709024,542.476898
60,1.561561,1.619424,0.818156,0.645446,0.690734,552.605673
61,1.556577,1.599723,0.819579,0.676323,0.712721,541.449632
62,1.548716,1.594892,0.824132,0.694245,0.716122,550.579167
63,1.542897,1.750797,0.816733,0.636249,0.660668,542.809402
64,1.538222,1.583456,0.819579,0.683892,0.713234,545.517863
65,1.528392,1.680689,0.800797,0.658978,0.685018,547.310499
66,1.533266,1.583254,0.821571,0.657697,0.687826,541.784520
67,1.523783,1.828464,0.801935,0.557313,0.605341,542.817061
68,1.512876,1.710962,0.811042,0.633856,0.664868,553.279585
69,1.506691,1.665168,0.800228,0.656335,0.695917,544.448496
70,1.497386,1.653959,0.793967,0.656224,0.695787,542.815263
71,1.499859,1.607450,0.809619,0.704571,0.740211,549.564766
72,1.488993,1.537767,0.823563,0.690742,0.727761,542.101266
73,1.479118,1.676279,0.815879,0.632205,0.670292,540.876152
74,1.477766,1.603642,0.821286,0.624559,0.649008,547.792995
75,1.477013,1.526124,0.822425,0.682273,0.719911,538.791704
76,1.467145,1.558747,0.824132,0.670144,0.691448,553.186843
77,1.467892,1.781138,0.769209,0.643233,0.662157,547.025571
78,1.454722,1.546047,0.819010,0.694614,0.730966,552.459545
79,1.448701,1.546774,0.823847,0.727494,0.743232,556.180492
80,1.447232,1.739682,0.811042,0.630358,0.664567,550.340270
81,1.435626,1.529457,0.822425,0.670858,0.713010,548.940382
82,1.432302,1.531591,0.819294,0.665059,0.708161,548.409926
83,1.429777,1.483331,0.832100,0.730276,0.747305,586.929783
84,1.431548,1.490264,0.818156,0.681092,0.723696,569.221177
85,1.422081,1.511224,0.820433,0.675241,0.708791,586.570237
86,1.410136,1.544351,0.821286,0.656465,0.693030,567.563770
87,1.416376,1.524515,0.811895,0.623920,0.678715,594.832867
88,1.409257,1.537892,0.819863,0.684121,0.712696,580.439489
89,1.399081,1.478450,0.830108,0.726945,0.741440,567.490880
90,1.390575,1.507635,0.815026,0.678549,0.733302,563.816687
91,1.388487,1.637328,0.787422,0.660801,0.697141,570.587389
92,1.383883,1.474814,0.824701,0.704581,0.722564,567.025116
93,1.376383,1.927409,0.746443,0.605382,0.607846,570.529184
94,1.376908,1.503874,0.819294,0.669226,0.699872,559.261001
95,1.373820,1.481112,0.822709,0.682689,0.715087,557.346830
96,1.372955,1.461319,0.821286,0.719980,0.750309,707.938324
97,1.355882,1.481828,0.823847,0.685869,0.729092,557.108822
98,1.356733,1.513580,0.819579,0.680656,0.711741,573.022542
99,1.344332,1.453162,0.826124,0.697995,0.721484,566.870017
100,1.346908,1.478407,0.824986,0.694800,0.733642,603.165159
101,1.338975,1.488881,0.820717,0.665038,0.714265,698.707758
102,1.349484,1.521196,0.818441,0.691101,0.720915,589.101515
103,1.333890,1.474505,0.818441,0.686022,0.720120,610.621598
104,1.331770,1.468647,0.830393,0.710445,0.726064,652.514392
105,1.322887,1.506739,0.817302,0.687474,0.704752,563.192089
106,1.319017,1.438566,0.820433,0.684425,0.725046,550.373611
107,1.318023,1.464694,0.821571,0.690926,0.742146,679.564230
108,1.311474,1.421701,0.827832,0.700365,0.733613,575.909623
