epoch,train_loss,avg_valid_loss,valid_accuracy,valid_kappa,valid_kappa_exp,time
1,4.886016,3.406683,0.737770,0.000000,0.109869,670.812593
2,3.314723,3.931379,0.567691,0.281822,0.195483,699.804037
3,3.220227,3.250772,0.742321,0.340722,0.394250,861.564749
4,3.164602,3.158074,0.745165,0.379325,0.445748,826.217918
5,3.112292,3.105463,0.755973,0.425379,0.457396,791.266466
6,3.066851,3.254885,0.730944,0.247901,0.368641,785.755376
7,3.024428,3.126259,0.748009,0.178544,0.338314,663.683688
8,2.977645,3.063520,0.746303,0.509765,0.544928,664.507694
9,2.936102,2.970394,0.765074,0.542080,0.565365,767.211441
10,2.887747,2.919966,0.768487,0.606149,0.575952,794.468063
11,2.845795,3.001055,0.761661,0.291925,0.405539,813.044894
12,2.803916,3.283188,0.754835,0.234606,0.292977,810.756097
13,2.769615,2.728151,0.796928,0.576434,0.649953,723.597400
14,2.736848,2.661645,0.801479,0.641703,0.659527,663.068879
15,2.704290,2.676919,0.798635,0.627532,0.700777,666.911192
16,2.679667,2.983225,0.731513,0.580003,0.545719,665.255196
17,2.657024,2.636807,0.798066,0.570188,0.643269,666.954395
18,2.626957,2.766136,0.773606,0.563394,0.626331,665.823538
19,2.604711,2.712469,0.800341,0.663188,0.636859,664.552979
20,2.585819,2.623796,0.795222,0.663275,0.708121,663.573726
21,2.566178,2.544062,0.811718,0.650029,0.710615,664.988911
22,2.544738,2.621593,0.804892,0.657527,0.632665,663.506337
23,2.523882,2.540004,0.802617,0.595029,0.660712,663.400165
24,2.503527,2.548400,0.807167,0.690539,0.703276,664.996067
25,2.486155,2.475512,0.809443,0.674221,0.714918,663.690882
26,2.465972,2.771514,0.789534,0.506336,0.558857,668.269917
27,2.451593,2.644018,0.787827,0.671284,0.658817,673.164529
28,2.428725,2.456140,0.808305,0.644342,0.683070,675.374694
29,2.415437,2.492337,0.806598,0.679390,0.699704,669.289970
30,2.396280,2.388467,0.808874,0.645761,0.683228,662.277828
31,2.378787,2.494143,0.794653,0.514190,0.603355,665.852743
32,2.364117,2.334618,0.816837,0.689351,0.748239,663.748659
33,2.343298,2.401434,0.798635,0.634821,0.704636,663.517878
34,2.325956,2.312219,0.811149,0.642759,0.695324,663.562203
35,2.306576,2.386959,0.805461,0.698857,0.706403,670.323131
36,2.294372,2.295504,0.817406,0.684185,0.721392,667.730903
37,2.280754,2.345804,0.817975,0.698206,0.720127,665.558336
38,2.271058,2.246873,0.810580,0.643919,0.704305,665.428723
39,2.250200,2.377945,0.801479,0.670222,0.698776,668.736946
40,2.241576,2.196198,0.810580,0.692245,0.733928,665.876388
41,2.223897,2.271879,0.817975,0.685812,0.727727,668.928967
42,2.204745,2.291861,0.804892,0.575966,0.661906,671.335246
43,2.194833,2.189787,0.825939,0.716477,0.731037,677.268482
44,2.185039,2.182771,0.816268,0.698137,0.731331,667.372916
45,2.162000,2.170517,0.808305,0.630799,0.684556,664.442579
46,2.153167,2.189208,0.821388,0.686930,0.727813,666.876546
47,2.139008,2.107764,0.821957,0.694508,0.738203,673.503918
48,2.125018,2.126232,0.824801,0.709774,0.744510,665.328710
49,2.112248,2.226749,0.811149,0.593517,0.640735,665.408063
50,2.097910,2.178669,0.823663,0.637330,0.710189,670.797776
51,2.084644,2.106716,0.824232,0.720677,0.735395,675.900414
52,2.073401,2.094254,0.819113,0.703184,0.729456,664.386068
53,2.054256,2.164835,0.808305,0.672245,0.723708,661.062193
54,2.050770,2.069081,0.828783,0.681209,0.728525,666.457932
55,2.038265,2.088672,0.826507,0.722102,0.735953,668.986740
56,2.021206,2.098246,0.828214,0.717805,0.723442,671.793630
57,2.014755,2.076301,0.824232,0.639093,0.669467,671.280256
58,1.999347,2.265261,0.798066,0.578998,0.631626,663.978739
59,1.987127,2.014480,0.824232,0.707851,0.746993,664.669942
60,1.975264,2.070517,0.829920,0.688232,0.712017,670.514818
61,1.963681,2.010642,0.824232,0.688532,0.719520,678.599214
62,1.957866,1.986097,0.825370,0.731093,0.756902,669.351926
63,1.935038,1.989912,0.820250,0.690333,0.735795,670.349272
64,1.932580,1.946100,0.827076,0.732098,0.747348,686.852769
65,1.923126,1.939932,0.831627,0.746686,0.766034,680.651397
66,1.908604,1.940125,0.823094,0.701909,0.749415,672.686805
67,1.894801,1.966025,0.826507,0.738974,0.752203,665.400746
68,1.888803,1.985847,0.819681,0.645985,0.701081,675.782243
69,1.877057,1.930371,0.824801,0.725699,0.761730,675.685527
70,1.866843,1.936613,0.824801,0.695329,0.726293,666.436515
71,1.854327,1.899785,0.825939,0.727475,0.763412,665.295833
72,1.848255,1.908538,0.824232,0.699245,0.738819,667.453003
73,1.830053,1.934440,0.822526,0.715317,0.734955,666.158686
74,1.831988,1.979732,0.816268,0.642546,0.702299,666.345903
75,1.822934,1.865899,0.825370,0.700813,0.745850,671.683664
76,1.800221,1.892227,0.840159,0.745229,0.745673,673.795327
77,1.792860,1.924570,0.823663,0.712398,0.737696,681.859515
78,1.790443,1.861082,0.826507,0.706201,0.754534,666.417131
79,1.781470,1.910174,0.818544,0.687039,0.731207,686.255457
80,1.764741,1.977256,0.810580,0.711421,0.721405,676.926977
81,1.754867,1.855539,0.828214,0.708237,0.745402,677.342272
82,1.746701,1.934466,0.817975,0.636243,0.689881,666.499328
83,1.736658,1.983413,0.797497,0.681031,0.723997,662.058038
84,1.727727,1.818959,0.831627,0.729309,0.748790,667.590735
85,1.724255,1.805179,0.826507,0.709342,0.741011,664.539373
86,1.710663,1.810136,0.826507,0.738645,0.753766,662.941951
87,1.700959,1.862193,0.825370,0.734658,0.741224,667.004823
88,1.696089,1.877621,0.807167,0.678921,0.722568,666.719742
89,1.680063,1.779174,0.828783,0.720568,0.737608,676.165057
90,1.675359,1.896352,0.820250,0.661914,0.691811,666.226908
91,1.660606,1.850677,0.813993,0.727465,0.744610,680.691679
92,1.655328,1.922653,0.813993,0.648004,0.688445,669.995931
93,1.648101,1.793090,0.834471,0.746909,0.744724,664.984043
94,1.645222,1.800074,0.832196,0.746241,0.761871,665.600071
95,1.630873,1.755559,0.833333,0.738665,0.753705,663.468950
96,1.627302,1.724169,0.817975,0.710479,0.750404,666.391228
97,1.619579,1.703560,0.832196,0.742279,0.758367,664.811868
98,1.607856,1.751593,0.833902,0.726832,0.743794,667.248652
99,1.597604,1.702885,0.836746,0.736911,0.770970,665.721162
100,1.588122,1.765083,0.812856,0.637253,0.692842,665.208333
101,1.583784,1.705284,0.827645,0.720355,0.754262,668.445339
102,1.576373,1.782218,0.815131,0.711704,0.736482,668.420461
103,1.564812,1.733932,0.829352,0.739167,0.767354,737.758647
104,1.555049,1.695949,0.832196,0.730350,0.748277,665.041022
105,1.552157,1.720144,0.826507,0.749621,0.772080,662.341280
106,1.545225,1.626112,0.834471,0.755867,0.770284,665.129694
107,1.534218,1.716070,0.821957,0.727268,0.756128,663.726427
108,1.529781,1.908666,0.813993,0.607169,0.638369,666.058573
109,1.522336,1.693033,0.833902,0.729908,0.764610,664.684926
110,1.513393,1.756183,0.831627,0.734389,0.748378,665.768998
111,1.505339,1.731954,0.837884,0.734703,0.745198,663.863790
112,1.488936,1.835253,0.797497,0.699468,0.718526,662.884998
113,1.495966,1.669059,0.828214,0.733390,0.770375,666.953806
114,1.478410,1.722122,0.827645,0.699929,0.738719,664.377313
115,1.475190,1.666463,0.821388,0.694338,0.728280,663.970951
116,1.472767,1.673139,0.828214,0.735553,0.767156,663.191969
117,1.460403,1.651698,0.832765,0.740176,0.754621,665.154081
118,1.449435,1.703637,0.836177,0.752884,0.763489,663.126857
119,1.438331,1.749186,0.819681,0.708665,0.747219,663.465161
120,1.434103,1.705455,0.841297,0.747104,0.766623,662.894727
121,1.431539,1.722055,0.814562,0.728052,0.739275,662.713939
122,1.421242,1.649635,0.836177,0.709758,0.731617,665.022925
123,1.410710,1.719571,0.827645,0.729749,0.746242,664.950164
124,1.409483,1.674757,0.813993,0.739030,0.749297,662.436945
125,1.406485,1.674956,0.828214,0.674832,0.704526,664.241192
126,1.388987,1.721240,0.807736,0.722213,0.752682,662.093669
127,1.383245,1.745919,0.828783,0.712059,0.732897,664.840586
128,1.378975,1.768830,0.797497,0.677554,0.699580,664.301920
129,1.373306,1.683963,0.811718,0.734502,0.768744,663.472618
130,1.367681,1.653810,0.817975,0.735806,0.751051,662.119915
131,1.355178,1.659294,0.822526,0.698992,0.725872,663.318785
132,1.359487,1.700865,0.822526,0.735463,0.755313,662.530416
133,1.343636,1.657418,0.824801,0.715556,0.742855,663.688505
134,1.334103,1.684505,0.824232,0.740892,0.756244,663.194236
135,1.330657,1.653839,0.817975,0.748672,0.760521,663.898813
136,1.316761,1.658204,0.824801,0.740725,0.767656,661.945996
137,1.321211,1.564271,0.832196,0.711486,0.757408,665.178009
138,1.312329,1.669399,0.817406,0.677992,0.725533,665.286349
139,1.297123,1.694996,0.836177,0.734972,0.744895,663.849908
140,1.297370,1.632004,0.820250,0.739399,0.765941,663.179806
141,1.295750,1.677536,0.824232,0.715956,0.751953,662.618816
142,1.280275,1.695378,0.824232,0.728013,0.768564,662.526086
143,1.277471,1.705718,0.807736,0.701528,0.731897,662.494522
144,1.263820,1.681386,0.825939,0.702325,0.733029,664.610012
145,1.258403,1.835087,0.788965,0.705033,0.721030,662.992828
146,1.258204,1.756497,0.821957,0.699896,0.704780,665.212905
147,1.236942,1.688098,0.811149,0.710696,0.738692,664.687911
148,1.235593,1.606596,0.830489,0.745066,0.756961,662.898235
149,1.229114,1.694126,0.825939,0.732418,0.744787,664.820286
150,1.223510,1.663087,0.819681,0.693890,0.721038,662.755187
151,1.216828,1.767406,0.819113,0.662353,0.684071,670.232199
152,1.219508,1.682647,0.827645,0.718307,0.722681,662.900382
153,1.199989,1.727138,0.827645,0.728755,0.735900,663.584611
154,1.214123,1.662371,0.809443,0.717720,0.735756,664.597404
155,1.202065,1.715100,0.815700,0.724190,0.746593,665.591855
156,1.183732,1.682695,0.824232,0.738015,0.762965,664.552562
157,1.175428,1.696208,0.824232,0.708203,0.735994,668.438043
158,1.179551,1.880309,0.819681,0.661487,0.695325,667.845080
159,1.166465,1.678535,0.826507,0.740164,0.759107,663.752657
160,1.151660,1.625334,0.828783,0.730498,0.743491,663.347319
161,1.152870,2.003240,0.810580,0.687903,0.694120,662.878606
162,1.146047,1.763082,0.823094,0.715283,0.742587,663.609481
163,1.130389,1.742094,0.819113,0.762365,0.773856,662.276041
164,1.124284,1.670181,0.806030,0.684652,0.722557,661.966218
165,1.125066,1.685405,0.828214,0.735207,0.732150,664.023121
166,1.114280,1.765459,0.809443,0.692774,0.709307,663.919833
167,1.120080,1.717579,0.821388,0.688680,0.713465,663.937519
168,1.093554,1.745477,0.808874,0.728517,0.763801,666.628713
169,1.088037,1.712223,0.827076,0.738899,0.757680,669.355565
170,1.089343,1.723389,0.808874,0.705425,0.727248,667.371706
171,1.072834,1.783404,0.818544,0.729954,0.748175,662.738155
172,1.077494,1.697399,0.828214,0.751959,0.773220,669.109589
173,1.062952,1.764808,0.811718,0.725729,0.750543,663.265857
174,1.051269,1.929256,0.777588,0.684651,0.706473,664.276527
175,1.047541,1.850254,0.796928,0.704452,0.721878,663.732743
176,1.043813,1.793215,0.818544,0.702634,0.734861,667.453927
177,1.039542,1.796283,0.819681,0.733819,0.750802,662.725918
178,1.030254,1.868303,0.807167,0.713854,0.732986,661.346450
179,1.020115,1.859649,0.795222,0.693921,0.717802,663.101099
180,1.014017,1.933472,0.810011,0.665129,0.678767,661.194442
181,1.006261,1.841507,0.823094,0.744400,0.764004,663.595402
182,0.998118,1.838552,0.815131,0.723970,0.736225,664.153319
183,0.984575,1.906873,0.812856,0.694865,0.716268,664.670954
184,0.985105,1.907543,0.809443,0.701586,0.731217,664.793262
185,0.978194,1.815588,0.804323,0.700354,0.710645,666.256588
186,0.969688,1.808192,0.803185,0.709512,0.723004,663.661221
187,0.952561,1.978571,0.800341,0.645908,0.666237,665.382016
188,0.951715,1.934011,0.782708,0.712482,0.723665,666.372682
189,0.962275,1.909039,0.812856,0.710197,0.735423,672.972708
190,0.938352,1.917126,0.810011,0.670705,0.689906,665.692168
191,0.938093,1.868983,0.806030,0.731914,0.760168,664.474759
192,0.924473,1.955005,0.795222,0.705533,0.723063,669.213829
193,0.927143,1.850126,0.800910,0.704639,0.730176,670.379377
194,0.911703,1.931898,0.793515,0.697952,0.725958,663.947040
195,0.897400,1.929637,0.815700,0.735751,0.769592,669.220410
196,0.894907,1.987964,0.809443,0.704232,0.739237,663.103355
197,0.889962,2.024777,0.781001,0.675648,0.702648,665.813894
198,0.879905,2.006494,0.794653,0.699467,0.723041,664.966473
199,0.866507,2.005548,0.794653,0.706241,0.730353,669.494960
200,0.873566,1.962711,0.806598,0.705804,0.718310,666.214312
201,0.871131,2.209817,0.733788,0.640684,0.676707,666.180801
202,0.859046,2.037522,0.766212,0.664629,0.689690,665.696342
203,0.850094,2.124391,0.791809,0.693556,0.719894,672.323015
204,0.838833,2.034098,0.809443,0.669187,0.697225,665.791151
205,0.822338,2.174786,0.753697,0.651942,0.680766,669.756316
206,0.828360,2.267068,0.814562,0.690580,0.721375,673.102630
207,0.830579,2.245302,0.800910,0.665432,0.687785,666.900139
208,0.815541,2.187155,0.815131,0.702030,0.722273,666.396835
209,0.810635,2.194129,0.759954,0.648563,0.667161,668.683768
210,0.796427,2.238257,0.788965,0.682226,0.711277,664.647210
211,0.815360,2.074178,0.790102,0.693456,0.704470,665.336394
212,0.798482,2.249120,0.824232,0.700898,0.705474,667.084681
213,0.770565,2.221502,0.801479,0.684658,0.709568,664.273521
214,0.783084,2.272765,0.780432,0.698994,0.720839,669.862866
215,0.762000,2.225780,0.797497,0.709269,0.728544,670.020508
216,0.762459,2.128222,0.803754,0.700843,0.717594,675.568783
217,0.745628,2.211172,0.800910,0.712808,0.733287,667.144602
218,0.778885,2.143801,0.784414,0.696620,0.707383,665.613497
219,0.727044,2.319809,0.768487,0.687551,0.709904,668.877210
220,0.735819,2.380850,0.789534,0.698835,0.720872,669.339426
221,0.729706,2.297623,0.767349,0.665672,0.679123,665.609837
222,0.730682,2.255584,0.776451,0.685439,0.710386,665.860307
223,0.729227,2.280124,0.788965,0.671038,0.688860,665.289592
224,0.700913,2.509667,0.762799,0.666008,0.692685,665.405268
225,0.717377,2.265880,0.758817,0.693517,0.709623,666.525534
226,0.716058,2.325701,0.781001,0.696076,0.709816,663.677127
227,0.698033,2.315981,0.778157,0.671599,0.702319,666.294928
228,0.703227,2.584987,0.728669,0.642131,0.673353,664.252573
229,0.686717,2.332106,0.796928,0.688464,0.707130,663.468600
230,0.700903,2.652069,0.803754,0.678109,0.690834,669.001150
231,0.689155,2.651015,0.782139,0.629563,0.639073,662.843957
232,0.672360,2.471916,0.795791,0.689758,0.704706,666.496433
233,0.701178,2.554000,0.796359,0.702365,0.711030,664.436126
234,0.669986,2.692301,0.774175,0.642554,0.667516,665.210464
235,0.669562,2.369947,0.762230,0.636335,0.663099,667.810027
236,0.649920,2.557383,0.790671,0.684859,0.714226,667.313844
237,0.656756,2.468177,0.778157,0.627699,0.660998,662.540117
238,0.671515,2.383910,0.810011,0.715459,0.739222,663.131218
239,0.637399,2.594208,0.766212,0.674996,0.704644,664.628451
240,0.660520,2.597155,0.761092,0.662555,0.674688,662.800192
241,0.647499,2.733974,0.790102,0.692709,0.703664,664.608377
242,0.640390,2.580107,0.763936,0.677842,0.701468,665.117369
243,0.637659,2.606245,0.759954,0.641324,0.668903,669.039162
244,0.629227,2.629975,0.786121,0.679395,0.688635,666.530198
245,0.632257,2.629552,0.793515,0.651937,0.682671,664.531846
246,0.623196,2.802106,0.795791,0.675653,0.690093,664.783276
247,0.619661,2.693722,0.779295,0.685979,0.703733,663.399292
248,0.605182,2.547046,0.770193,0.664738,0.692212,664.869188
249,0.635255,2.998874,0.782139,0.593736,0.615464,664.653942
250,0.604912,2.600388,0.802048,0.699207,0.717085,662.746360
251,0.613680,2.906464,0.790671,0.653340,0.659066,662.854975
252,0.606233,2.653449,0.782708,0.684227,0.692082,666.952626
253,0.582216,2.684467,0.789534,0.672996,0.689666,663.351598
254,0.599057,2.743232,0.793515,0.673169,0.698587,666.368909
255,0.607696,2.741666,0.786689,0.689866,0.705999,663.559925
256,0.599782,2.489312,0.783845,0.671098,0.690309,666.256857
257,0.599827,2.738070,0.787827,0.679610,0.687280,665.824133
258,0.583521,2.773645,0.787258,0.698074,0.720445,666.073228
259,0.579449,2.739772,0.767349,0.649888,0.680029,663.258694
260,0.603030,2.656379,0.787258,0.671882,0.688248,665.406931
261,0.593199,2.691614,0.779295,0.687099,0.703977,665.665761
262,0.581623,2.645570,0.794084,0.684018,0.709174,663.167912
263,0.574272,2.872486,0.785552,0.681872,0.706912,664.574674
264,0.576523,2.760918,0.784414,0.647280,0.679484,665.910174
265,0.545615,2.962803,0.766212,0.653924,0.683297,663.307165
266,0.572522,2.638789,0.765074,0.682313,0.686412,664.383380
267,0.567922,2.869648,0.802048,0.668368,0.686647,665.961874
268,0.586753,2.628863,0.787258,0.684600,0.709072,662.026380
269,0.540695,2.650756,0.783845,0.699453,0.718095,662.887796
270,0.555528,2.768386,0.806030,0.691848,0.699123,663.672086
271,0.572834,3.028577,0.796359,0.681520,0.700905,662.606191
272,0.571545,2.848683,0.798635,0.648638,0.660764,664.831100
273,0.556174,2.978207,0.797497,0.692101,0.712636,665.311346
274,0.571473,2.820982,0.795791,0.705223,0.716754,664.153787
275,0.566909,2.895794,0.778157,0.677382,0.692531,663.273863
276,0.548445,2.937736,0.786121,0.637989,0.649449,662.439996
277,0.566847,2.986849,0.795222,0.655655,0.681431,664.802487
278,0.519113,3.073609,0.784983,0.687500,0.701391,662.228280
279,0.554916,2.903631,0.806598,0.688263,0.719472,663.462137
280,0.532167,3.180797,0.800910,0.674010,0.692483,663.190011
281,0.550043,2.909731,0.784414,0.655694,0.670970,664.386930
282,0.550213,2.788403,0.784983,0.693044,0.710050,663.598605
283,0.531932,3.005425,0.804323,0.691773,0.709636,663.331284
284,0.533899,3.053000,0.807167,0.699457,0.713263,663.059942
285,0.564786,3.083640,0.769056,0.661392,0.664689,668.037144
286,0.525191,2.930059,0.779295,0.681364,0.704924,663.747369
287,0.506010,2.914005,0.769056,0.702140,0.721663,665.554076
288,0.541894,3.195081,0.802617,0.689761,0.704216,665.286413
289,0.538463,3.006988,0.759386,0.652087,0.680030,662.211527
290,0.554092,3.233443,0.795791,0.665706,0.676494,666.887846
291,0.563570,2.852513,0.802048,0.711117,0.725558,666.679258
292,0.516453,2.874787,0.801479,0.691088,0.702139,664.115753
293,0.510093,2.929365,0.790102,0.654039,0.674042,664.731219
294,0.521148,3.205491,0.762230,0.656083,0.681896,666.476996
295,0.533449,2.855935,0.765074,0.667721,0.696641,668.669745
296,0.530143,2.883453,0.778157,0.676265,0.693717,669.048851
297,0.519486,2.720200,0.783845,0.702113,0.722299,670.910350
298,0.515986,2.976119,0.775882,0.693108,0.699098,667.670064
299,0.513730,3.040476,0.765074,0.654655,0.673150,670.243041
300,0.531257,2.984859,0.778726,0.656942,0.677984,663.203904
301,0.539381,3.150499,0.734357,0.628066,0.648807,666.780619
302,0.511200,2.814569,0.784414,0.694296,0.715285,668.948829
303,0.514995,2.802638,0.787827,0.675701,0.699408,676.124718
304,0.487859,2.847256,0.784414,0.680590,0.704186,664.987306
305,0.498929,3.052979,0.770193,0.668119,0.686386,662.998172
306,0.510203,3.336674,0.795222,0.641602,0.656907,663.664362
307,0.511109,3.123497,0.786121,0.647757,0.672513,665.577124
308,0.524004,2.876112,0.794653,0.701010,0.719220,665.458487
309,0.518650,2.875238,0.794653,0.673117,0.688672,667.354763
310,0.507723,3.037074,0.790102,0.678162,0.691861,665.709396
311,0.502840,2.880182,0.799772,0.710643,0.717274,666.244865
312,0.510753,2.983280,0.778726,0.705685,0.725774,666.889127
313,0.513721,2.939401,0.775882,0.647694,0.664386,667.710496
314,0.538162,3.211297,0.788965,0.671579,0.693312,666.699201
315,0.498628,3.005867,0.798066,0.684961,0.700398,664.733249
316,0.471389,2.877789,0.805461,0.695626,0.720111,665.205950
317,0.478050,3.067974,0.788965,0.697983,0.709764,663.217901
318,0.524976,3.159216,0.708760,0.622415,0.646343,664.670215
319,0.485461,2.954500,0.783276,0.676580,0.702415,667.906347
320,0.519231,2.925843,0.800341,0.706417,0.711769,665.972394
321,0.491092,3.028542,0.779863,0.705022,0.722141,665.553134
322,0.487165,2.993936,0.799204,0.690611,0.708373,663.140177
323,0.484623,3.086627,0.743458,0.659161,0.682286,666.133150
324,0.501639,2.925223,0.779863,0.628261,0.666328,663.369057
325,0.465226,3.279453,0.794084,0.666676,0.678394,662.287038
326,0.495445,3.255707,0.793515,0.665591,0.690902,662.593314
327,0.516294,2.846653,0.777019,0.676755,0.701019,662.330363
328,0.476493,3.075891,0.774175,0.673859,0.693870,664.093051
329,0.475703,3.034117,0.790102,0.717091,0.732922,662.093481
330,0.480267,2.999223,0.780432,0.666186,0.688333,664.288826
331,0.494177,3.042616,0.782139,0.667948,0.684766,662.374194
332,0.495797,3.308044,0.771331,0.634005,0.645086,663.027701
333,0.485621,3.012025,0.793515,0.682209,0.703687,665.200942
334,0.497393,2.750057,0.807167,0.719003,0.732731,665.537808
335,0.467854,3.203321,0.800910,0.670381,0.689923,665.085626
336,0.453105,2.977127,0.772469,0.679315,0.714723,664.715055
337,0.481362,3.042376,0.787827,0.669001,0.684091,663.185728
338,0.498924,2.994961,0.778726,0.654884,0.681235,663.436244
339,0.490558,2.877104,0.794084,0.689359,0.717384,663.901382
340,0.475181,2.927345,0.791809,0.670823,0.698572,663.539476
341,0.469696,2.863672,0.799204,0.691518,0.714765,661.484257
342,0.456545,3.519265,0.801479,0.664468,0.673237,663.727622
343,0.502963,3.061433,0.779295,0.658647,0.675240,663.339336
344,0.473263,2.869495,0.794653,0.702070,0.724337,664.642228
345,0.470774,3.023486,0.805461,0.704855,0.708816,663.647160
346,0.468180,2.908839,0.808874,0.713354,0.713818,663.500260
347,0.512049,3.275065,0.751991,0.652876,0.678183,664.814234
348,0.478319,3.067787,0.806030,0.684279,0.693630,664.717564
349,0.496279,3.038870,0.799204,0.683407,0.696851,665.487481
350,0.456616,3.021277,0.794653,0.685498,0.701613,668.569447
351,0.478226,2.831745,0.792947,0.681319,0.696857,666.139698
352,0.470984,2.935724,0.759954,0.653624,0.660384,665.463768
353,0.494533,3.043915,0.754266,0.660251,0.687302,667.892357
354,0.461247,3.002975,0.779863,0.626208,0.646450,665.507996
355,0.469078,3.131746,0.791809,0.683579,0.709125,662.484115
356,0.464002,3.037904,0.791240,0.656347,0.668915,662.553745
357,0.467429,3.625806,0.786689,0.650138,0.659504,663.715449
358,0.458904,3.120910,0.776451,0.642193,0.657290,664.433948
359,0.485982,3.230194,0.803185,0.691375,0.707224,663.884266
360,0.492313,2.903287,0.779295,0.649779,0.666641,663.526942
361,0.453379,3.130451,0.784414,0.645723,0.663589,663.860715
362,0.469580,3.123376,0.812287,0.703358,0.726110,665.415046
363,0.434826,3.000844,0.788965,0.671288,0.693950,663.918852
364,0.444057,3.286133,0.790671,0.641422,0.662811,663.051792
365,0.468644,3.341034,0.790102,0.657567,0.672315,663.044931
366,0.452947,2.998548,0.781570,0.703902,0.719175,662.172594
367,0.457173,2.910629,0.757679,0.643784,0.671806,663.931886
368,0.472752,3.230111,0.776451,0.674133,0.682898,663.591417
369,0.475548,2.975335,0.803185,0.678601,0.697012,666.675798
370,0.474896,2.962587,0.794653,0.697707,0.717389,668.524445
371,0.441023,3.041544,0.790102,0.672374,0.688600,664.507754
372,0.431220,3.487990,0.793515,0.679097,0.696789,666.230077
373,0.435894,3.127835,0.780432,0.644615,0.680808,664.565174
374,0.473886,3.102356,0.736633,0.625843,0.644960,665.659573
375,0.488879,3.046220,0.782139,0.666360,0.688831,663.623063
376,0.442682,2.927918,0.786689,0.682712,0.694844,664.819906
377,0.475652,3.112503,0.794653,0.645846,0.672655,664.542677
378,0.466162,2.989390,0.796359,0.688731,0.705887,668.465642
379,0.449229,2.888265,0.802617,0.715697,0.723418,664.537249
380,0.427964,3.143454,0.801479,0.662444,0.687062,665.253380
381,0.437300,3.205105,0.777019,0.668768,0.679291,662.202050
382,0.417437,3.341051,0.792378,0.673878,0.683899,665.482828
383,0.462387,3.380214,0.806598,0.665576,0.676775,663.371297
384,0.448055,3.102972,0.800910,0.657369,0.678588,664.674831
385,0.513896,3.051359,0.767918,0.699391,0.707619,664.254873
386,0.452213,3.026853,0.787258,0.686844,0.702979,664.616756
387,0.451964,3.275578,0.788965,0.682336,0.708114,665.316694
388,0.479372,3.110693,0.770193,0.648028,0.676359,664.886079
389,0.445459,2.777716,0.802617,0.699823,0.721762,665.295532
390,0.411274,3.144781,0.798066,0.675190,0.687163,663.742720
391,0.409998,2.912592,0.804892,0.730606,0.743430,667.067662
392,0.437088,3.088211,0.775882,0.645358,0.668787,663.733855
393,0.447941,3.010067,0.792947,0.679858,0.689067,664.181824
394,0.445849,2.990734,0.756542,0.660130,0.685284,664.691490
395,0.440444,3.055971,0.787258,0.704207,0.724327,665.193914
396,0.446922,2.932069,0.773606,0.693947,0.713372,664.864233
397,0.451063,2.931478,0.757110,0.685460,0.709453,663.937193
398,0.441368,3.049135,0.773038,0.675311,0.711303,663.868665
399,0.456562,2.987871,0.777019,0.713278,0.732951,664.175042
400,0.466435,2.955986,0.800341,0.720084,0.733482,664.255554
401,0.465351,3.044018,0.807736,0.710822,0.738871,664.102110
402,0.437084,2.979179,0.801479,0.678964,0.700758,664.352429
403,0.422682,3.253552,0.779295,0.679293,0.700251,665.548165
404,0.463785,2.945019,0.739477,0.643532,0.667202,663.883929
405,0.490222,3.111862,0.723549,0.646173,0.665223,661.991930
406,0.435848,3.152910,0.793515,0.644941,0.657639,661.351289
407,0.413956,3.325422,0.799772,0.653748,0.669597,662.662695
408,0.424383,3.116412,0.781001,0.699050,0.705690,662.021003
409,0.440007,3.199014,0.778157,0.654868,0.672582,663.620903
410,0.458570,3.117714,0.783845,0.671116,0.691963,663.150272
411,0.427558,3.147517,0.804892,0.668624,0.681313,662.476199
412,0.405142,3.209012,0.760523,0.653734,0.670332,663.113472
413,0.438780,3.170869,0.790102,0.638167,0.661207,661.388041
414,0.448387,3.146780,0.780432,0.677725,0.709312,664.321913
415,0.466851,3.077533,0.793515,0.695076,0.708372,661.916018
416,0.473051,3.046590,0.792378,0.682513,0.693709,663.966697
417,0.438828,2.882580,0.771900,0.675332,0.702532,663.491926
418,0.438664,3.062066,0.795222,0.672039,0.697271,664.050975
419,0.421469,3.003413,0.803185,0.717647,0.728907,663.645988
420,0.426598,2.871546,0.786689,0.696981,0.712015,663.150443
421,0.420089,2.879772,0.775882,0.705392,0.730782,662.914709
422,0.444800,3.068144,0.812856,0.687087,0.702907,662.716661
423,0.440497,3.004219,0.771331,0.634181,0.659440,661.946207
424,0.425203,3.159777,0.779863,0.668525,0.684718,663.370592
425,0.448213,3.096313,0.766780,0.662642,0.679500,662.211009
426,0.457972,2.927414,0.789534,0.684953,0.703897,662.712900
427,0.438096,2.980979,0.781001,0.660363,0.687024,661.097453
428,0.426983,3.286125,0.795222,0.688422,0.705554,662.415495
429,0.417604,3.023767,0.787258,0.703858,0.718478,664.035285
430,0.403432,3.145959,0.784983,0.670917,0.684717,662.843793
431,0.396298,3.529930,0.794653,0.645675,0.662299,665.280841
432,0.417279,3.268699,0.786689,0.662781,0.675614,663.097753
433,0.520933,2.902920,0.803754,0.684173,0.698886,659.790365
434,0.460999,2.889338,0.807736,0.718055,0.737589,662.702646
435,0.457452,3.125118,0.797497,0.675456,0.688371,664.758520
436,0.423470,3.047355,0.808305,0.696976,0.709473,665.927796
437,0.434681,2.906622,0.788965,0.694214,0.710318,667.693398
438,0.417092,2.831796,0.795222,0.687606,0.695790,665.603526
439,0.418593,3.101336,0.771900,0.673315,0.692775,663.619297
440,0.451205,3.037906,0.779863,0.679733,0.712392,664.153856
441,0.424220,2.986583,0.792947,0.667309,0.689717,667.402638
442,0.468008,3.338204,0.776451,0.650816,0.671815,665.603398
443,0.447691,2.901159,0.785552,0.697821,0.716150,666.283474
444,0.400055,3.323736,0.786689,0.642760,0.667435,663.936559
445,0.405681,3.133986,0.800910,0.694075,0.709759,662.513192
446,0.414740,3.239540,0.794084,0.661224,0.675267,663.286414
447,0.436104,3.050571,0.788965,0.685993,0.698561,663.020353
448,0.467980,3.210050,0.790671,0.661660,0.684424,666.322806
449,0.434502,2.918501,0.788965,0.674863,0.701284,663.811250
450,0.409018,2.848196,0.784983,0.705307,0.728680,662.552906
451,0.428797,2.940483,0.791809,0.673627,0.686113,661.709629
452,0.460963,3.063829,0.797497,0.674745,0.683071,663.066648
453,0.414962,3.145910,0.800910,0.697545,0.697639,664.674204
454,0.427667,3.179352,0.791240,0.664134,0.683025,663.469529
455,0.474658,3.116318,0.799772,0.674130,0.683562,663.306299
456,0.421708,3.031543,0.800910,0.716415,0.726551,663.263294
457,0.425422,3.233897,0.799204,0.676251,0.694816,662.096455
458,0.418149,2.914858,0.794653,0.670255,0.692680,664.393215
459,0.384337,3.174385,0.803754,0.671872,0.696957,663.524282
460,0.393912,3.100097,0.790671,0.695838,0.714020,662.993214
461,0.473304,2.835903,0.779295,0.644377,0.675034,662.521915
462,0.440127,3.040032,0.736633,0.640021,0.674346,663.963497
463,0.416806,3.040862,0.797497,0.677711,0.694198,663.067002
464,0.416375,2.880569,0.811718,0.700085,0.705344,662.549618
465,0.420850,3.216600,0.803185,0.655820,0.673655,662.904689
466,0.443025,2.983912,0.791240,0.704590,0.719772,662.572167
467,0.439892,3.109989,0.795222,0.650180,0.667567,662.650772
468,0.418523,2.820458,0.807167,0.697113,0.715503,663.749768
469,0.417907,3.165348,0.786689,0.687916,0.705154,664.502136
470,0.446643,3.101718,0.790671,0.645718,0.669777,663.502993
471,0.429347,2.841201,0.790102,0.693325,0.718683,665.851981
472,0.391390,3.098062,0.788396,0.687050,0.694700,663.723323
473,0.418468,3.006572,0.771900,0.629781,0.652418,663.521597
474,0.439447,2.923643,0.806030,0.687439,0.702249,663.734796
475,0.419007,3.114276,0.796359,0.679696,0.699504,664.152173
476,0.443441,2.728978,0.786121,0.687557,0.699270,665.775412
477,0.423084,2.809795,0.789534,0.664737,0.698570,662.752135
478,0.414483,3.057030,0.788965,0.681353,0.723270,663.403667
479,0.409280,3.159827,0.787827,0.686788,0.705514,662.389604
480,0.411033,3.180064,0.788965,0.689963,0.705761,662.875573
481,0.409899,3.016152,0.797497,0.670618,0.687124,664.031520
482,0.410750,3.332629,0.769056,0.655564,0.676044,664.128396
483,0.456572,2.890950,0.779295,0.677910,0.692633,663.974956
484,0.464122,2.941929,0.770193,0.654758,0.690345,663.322087
485,0.418894,2.964010,0.785552,0.681048,0.701958,664.707219
486,0.424080,2.882950,0.802617,0.667545,0.697865,663.725089
487,0.410290,2.987643,0.794084,0.681401,0.700467,663.661399
488,0.396625,2.977286,0.810580,0.727526,0.744543,662.352584
489,0.389350,3.100028,0.778157,0.671307,0.681801,663.786623
490,0.400100,3.015952,0.799772,0.694459,0.708920,663.061613
491,0.418440,3.283010,0.788965,0.682645,0.713368,663.569041
492,0.428185,3.272310,0.804892,0.657680,0.681980,662.362691
493,0.421642,2.886622,0.787827,0.704433,0.732115,663.795459
494,0.444894,3.252487,0.798635,0.640953,0.659276,664.900277
495,0.431345,2.681254,0.779863,0.679404,0.705270,662.496077
496,0.386624,3.100040,0.814562,0.674644,0.697961,664.425873
497,0.389359,2.919804,0.795791,0.676320,0.690025,667.991860
498,0.409044,2.972319,0.751991,0.644642,0.668081,661.347919
499,0.435528,3.057009,0.796359,0.687465,0.709054,663.201372
500,0.402640,2.944015,0.793515,0.682387,0.699212,661.403782
501,0.429284,3.071890,0.808874,0.683432,0.686840,661.913625
502,0.449615,2.828911,0.786689,0.712917,0.731537,663.376097
503,0.414930,2.860236,0.801479,0.676123,0.698497,666.091412
504,0.407731,2.795249,0.769056,0.659183,0.685416,663.634264
505,0.420281,2.892904,0.774744,0.678833,0.696566,664.358863
506,0.425832,3.026495,0.812287,0.687805,0.697644,662.925782
507,0.429308,3.252845,0.793515,0.665440,0.688687,671.785311
508,0.395934,3.044039,0.788965,0.674712,0.679183,661.592469
509,0.383732,2.993791,0.777588,0.670881,0.696959,663.569964
510,0.432169,3.133099,0.769056,0.648239,0.667951,663.473949
511,0.411278,2.891938,0.776451,0.661640,0.679375,663.823352
512,0.393323,3.222591,0.800910,0.639231,0.657042,664.014229
513,0.440249,2.976279,0.750853,0.659382,0.680430,661.376910
514,0.424194,2.840574,0.800341,0.705670,0.728584,664.828435
515,0.407374,3.090067,0.789534,0.632034,0.661538,663.029682
516,0.420013,3.143337,0.796359,0.674748,0.688799,661.604833
517,0.412397,3.020882,0.791240,0.670400,0.687679,663.846368
518,0.377511,3.190405,0.796359,0.666291,0.672969,663.290421
519,0.408951,3.482498,0.794084,0.657215,0.668216,661.869221
520,0.419824,2.977981,0.783276,0.672936,0.699341,662.583209
521,0.440737,2.981053,0.793515,0.639289,0.666037,665.688471
522,0.435144,3.397325,0.800910,0.669562,0.687901,668.668951
523,0.424243,2.945179,0.780432,0.676537,0.685028,665.237097
524,0.434925,2.997801,0.790102,0.671150,0.693917,670.035552
525,0.433301,3.147313,0.799204,0.680781,0.708948,664.559927
526,0.402301,3.086751,0.774175,0.620999,0.652413,675.587647
527,0.406502,2.927818,0.807736,0.670945,0.695386,665.671589
528,0.400667,3.103070,0.792378,0.612771,0.642757,662.522819
529,0.386623,3.156733,0.782139,0.643814,0.657860,663.297031
530,0.420108,3.053268,0.809443,0.672866,0.693141,664.275381
531,0.446020,2.820262,0.766212,0.663918,0.686191,662.838791
532,0.428040,2.857170,0.788965,0.674342,0.696631,662.833637
533,0.406177,3.042835,0.802048,0.670807,0.695817,663.716854
534,0.424979,2.816116,0.779295,0.681113,0.696864,662.557013
