epoch,train_loss,avg_valid_loss,valid_accuracy,valid_kappa,valid_kappa_exp,valid_kappa_mc,time
1,1.760367,3.110408,0.265643,-0.130209,0.194492,-0.150663,520.477500
2,1.653561,8.770327,0.062002,-0.080672,0.273913,-0.077437,446.685356
3,1.584810,5.973035,0.160978,-0.221845,0.272381,-0.218114,446.977657
4,1.540437,8.003636,0.097270,-0.145884,0.395467,-0.161084,445.068952
5,1.505271,5.081285,0.341866,-0.251150,0.158027,-0.260411,471.935709
6,1.477677,23.025427,0.035836,0.009201,0.121505,0.032347,462.279110
7,1.450780,14.929065,0.059158,-0.109061,0.473275,-0.095533,462.701599
8,1.414015,10.694758,0.056314,-0.102222,0.527472,-0.126088,468.770356
9,1.386307,10.259623,0.118885,-0.166075,0.496043,-0.197814,463.203593
10,1.359504,13.223283,0.069966,-0.034997,0.541853,-0.079379,463.004317
11,1.335699,16.646753,0.067122,-0.042441,0.559502,-0.054220,461.112529
12,1.308098,24.974823,0.085324,0.119094,0.389551,0.162696,453.795864
13,1.292775,14.842290,0.106940,0.015507,0.613071,0.009474,463.021561
14,1.276679,19.749975,0.079067,0.189611,0.450611,0.172510,466.851410
15,1.268006,8.661079,0.098407,-0.157726,0.478400,-0.199837,467.578694
16,1.250950,14.727233,0.101820,0.121680,0.581477,0.083268,466.769086
17,1.236205,23.722296,0.088737,0.183195,0.396600,0.218603,468.916940
18,1.218812,14.308255,0.110353,0.050385,0.631825,0.032966,468.952597
19,1.210407,17.482616,0.099545,0.133570,0.565432,0.126467,461.685386
20,1.197647,12.347113,0.104664,-0.071550,0.555393,-0.097282,472.317807
21,1.188552,9.249448,0.085324,-0.130336,0.496405,-0.163167,468.585338
22,1.179296,20.109745,0.086462,0.215348,0.554533,0.215239,471.517242
23,1.167571,12.477698,0.110922,-0.055439,0.606894,-0.083668,469.004486
24,1.154704,17.048237,0.079067,0.180155,0.633911,0.126496,475.172352
25,1.140852,13.115394,0.096132,0.040974,0.645669,0.013344,470.426290
26,1.140003,16.920134,0.088168,0.152999,0.660115,0.117760,461.150929
27,1.126562,23.216413,0.092150,0.250290,0.544673,0.264592,471.679823
28,1.112706,19.214020,0.098976,0.212844,0.540315,0.238087,464.645682
29,1.106397,22.909784,0.092150,0.268480,0.483813,0.280486,460.440948
30,1.099611,12.212243,0.098976,0.015931,0.634340,0.004600,474.470543
31,1.091821,20.409739,0.093288,0.250421,0.492187,0.269862,471.891932
32,1.080964,12.532353,0.097838,-0.014900,0.629121,-0.038041,474.993083
33,1.074970,14.739885,0.083618,0.183006,0.660472,0.142306,470.637114
34,1.067057,13.156951,0.084755,0.058177,0.658777,0.039782,478.084943
35,1.063478,16.252369,0.089875,0.310243,0.565989,0.272833,469.752096
36,1.048014,12.010241,0.081911,0.075594,0.676777,0.034808,479.041530
37,1.042239,11.835167,0.085324,-0.055038,0.648189,-0.052906,468.968164
38,1.032591,9.990561,0.104664,-0.002756,0.631194,-0.013874,465.421993
39,1.023770,14.435105,0.092150,0.121152,0.639897,0.150539,466.885167
40,1.016971,14.363914,0.104096,0.139487,0.662725,0.130729,471.816708
41,1.014232,16.905560,0.085893,0.257232,0.606140,0.251234,463.353579
42,1.003592,12.335294,0.118316,0.131652,0.688766,0.123376,465.416345
43,0.996674,17.744616,0.096701,0.256564,0.580395,0.308040,459.249489
44,0.988218,13.490181,0.092719,0.267529,0.640236,0.243653,461.025386
45,0.986456,14.526498,0.108077,0.228257,0.628517,0.234049,467.515438
46,0.975033,11.611998,0.081911,0.170911,0.671951,0.156664,469.984283
47,0.970329,12.586059,0.118885,0.123032,0.664346,0.126509,473.037397
48,0.965308,13.446777,0.095563,0.255771,0.649626,0.224351,468.879725
49,0.954260,13.192110,0.111490,0.189864,0.667333,0.182098,470.427436
50,0.950700,12.181499,0.101251,0.192718,0.695852,0.172106,473.001557
51,0.941922,14.247331,0.099545,0.166508,0.690487,0.143715,469.347362
52,0.938845,13.295703,0.095563,0.278278,0.678780,0.243754,461.164909
53,0.936231,6.513133,0.128555,-0.089824,0.519627,-0.108241,468.281003
54,0.918053,14.415591,0.092719,0.185921,0.672624,0.207312,469.022315
55,0.912311,10.840453,0.098407,0.157296,0.705237,0.114357,467.866602
56,0.911612,16.220266,0.087031,0.225685,0.644467,0.242998,475.315941
57,0.906481,18.103067,0.092719,0.278629,0.643116,0.279250,467.278157
58,0.897174,13.930449,0.095563,0.202299,0.698224,0.165384,464.611114
59,0.894093,13.132016,0.101251,0.217109,0.700873,0.201884,460.799117
60,0.887864,11.054259,0.097838,0.175773,0.701929,0.141123,463.447422
61,0.884047,14.995483,0.084755,0.326715,0.583667,0.302434,466.332758
62,0.876276,10.235114,0.095563,0.139478,0.627030,0.108296,468.428405
63,0.872931,12.838226,0.080205,0.236710,0.704662,0.188226,471.586392
64,0.864626,15.466769,0.098976,0.312925,0.645157,0.314174,464.082398
65,0.859392,13.141912,0.088737,0.260742,0.679380,0.253955,467.029605
66,0.854727,9.084631,0.094994,0.017411,0.635915,0.013918,464.717680
67,0.851134,12.466622,0.095563,0.123643,0.645997,0.123996,474.571183
68,0.844701,17.718359,0.080205,0.278751,0.602213,0.291241,478.173176
69,0.841580,9.234988,0.089306,0.114174,0.685066,0.072314,466.786282
70,0.834949,13.431834,0.072810,0.314487,0.658173,0.287892,472.592190
71,0.826925,12.703635,0.092150,0.306422,0.657561,0.305717,474.355092
72,0.823663,12.602539,0.108077,0.167595,0.703700,0.145537,468.806534
73,0.817918,10.084161,0.078498,0.113347,0.669784,0.085049,470.737366
74,0.814646,10.099016,0.077361,0.163712,0.694661,0.136919,460.502484
75,0.807707,11.713508,0.077929,0.234341,0.693295,0.165707,455.960813
76,0.799162,9.317618,0.089306,0.146666,0.710107,0.119713,467.024329
77,0.801042,9.818708,0.080774,0.232485,0.711070,0.198545,474.165475
78,0.793224,14.047530,0.076223,0.337262,0.544797,0.316389,465.919865
79,0.786254,8.331017,0.087600,0.088735,0.677915,0.074053,470.615576
80,0.780587,11.994074,0.087031,0.266863,0.718588,0.254461,465.941462
81,0.781519,10.689620,0.077361,0.263735,0.708386,0.214866,467.986744
82,0.773066,10.461776,0.094994,0.254346,0.701045,0.207375,471.362834
83,0.771379,12.300653,0.085893,0.259981,0.685446,0.255177,470.976118
84,0.762362,10.423018,0.089875,0.177255,0.690655,0.152134,468.534254
85,0.760449,13.948027,0.080774,0.256283,0.666454,0.279892,470.611287
86,0.758044,9.386724,0.101820,0.066050,0.667407,0.049031,466.954136
87,0.747248,13.614921,0.077361,0.296491,0.682615,0.285970,463.808907
88,0.756027,8.990129,0.079067,0.163107,0.718427,0.120197,467.456462
89,0.739263,11.895233,0.088168,0.273621,0.682555,0.279649,462.073460
90,0.738509,9.347852,0.112628,0.132373,0.717788,0.123611,455.862542
91,0.737516,8.567401,0.107509,0.179281,0.707914,0.121131,467.871747
92,0.728016,11.489797,0.088737,0.298195,0.684347,0.278697,457.096114
93,0.730325,12.399978,0.086462,0.286152,0.704452,0.272191,480.314145
94,0.720532,9.577863,0.092150,0.161607,0.702837,0.142111,468.913393
95,0.726913,12.088813,0.084755,0.288535,0.687227,0.279976,483.891505
96,0.717834,9.373073,0.081911,0.186522,0.726268,0.124450,476.091083
97,0.713582,12.465658,0.073948,0.311932,0.667006,0.315668,466.704554
98,0.713472,10.783075,0.085324,0.253813,0.722796,0.244499,466.528297
99,0.698783,13.308830,0.076223,0.254329,0.673539,0.262986,477.937777
100,0.702586,10.478323,0.081911,0.285230,0.725536,0.216705,484.400894
101,0.695814,11.910659,0.085324,0.272658,0.696671,0.282179,474.935769
102,0.694756,9.409676,0.077929,0.224236,0.690952,0.168894,480.039368
103,0.690881,10.202848,0.066553,0.278457,0.699221,0.226042,482.648290
104,0.682520,12.429296,0.081911,0.231498,0.681716,0.218339,465.393126
105,0.679830,12.122103,0.081911,0.297763,0.678824,0.269064,487.704118
106,0.680978,7.383597,0.081342,0.135491,0.632867,0.086283,494.216187
107,0.676417,9.718703,0.094425,0.227543,0.722001,0.205216,481.130720
108,0.673050,12.397977,0.075654,0.308685,0.690587,0.326328,475.802215
109,0.665494,9.067219,0.082480,0.262482,0.715107,0.242549,466.660919
110,0.663665,11.009348,0.073379,0.271406,0.663585,0.242685,476.721169
111,0.668986,11.615107,0.081911,0.301471,0.703862,0.281630,494.968205
112,0.651240,6.992249,0.090444,0.110788,0.612315,0.056247,526.758732
113,0.652763,10.803515,0.075654,0.282191,0.723616,0.236392,489.035345
114,0.650022,9.603636,0.073948,0.235439,0.716406,0.169768,469.889506
115,0.650921,10.620194,0.063140,0.270113,0.731818,0.230315,475.551375
116,0.648599,9.230399,0.071104,0.225642,0.716891,0.159118,477.591954
117,0.639868,10.927882,0.077929,0.306548,0.712005,0.264329,467.781872
118,0.635688,11.442416,0.095563,0.229517,0.727231,0.214126,468.418036
119,0.635446,9.471762,0.069397,0.216979,0.714780,0.171933,471.656332
120,0.625310,8.954988,0.073379,0.149981,0.691284,0.108538,472.714200
121,0.630738,11.625951,0.079636,0.328474,0.661738,0.322861,470.098541
122,0.622364,11.397744,0.071672,0.313371,0.713420,0.272223,468.741263
123,0.622395,9.962034,0.072241,0.272075,0.720884,0.198951,467.502310
124,0.624383,8.885427,0.076792,0.270658,0.694518,0.200264,462.801219
125,0.617831,9.558406,0.102958,0.196446,0.732426,0.182848,470.018127
126,0.609818,11.273734,0.070535,0.329555,0.733259,0.273212,463.400622
127,0.614215,9.500720,0.069966,0.263091,0.734248,0.194866,509.580593
128,0.606480,9.963751,0.085893,0.258883,0.705092,0.210273,464.952240
129,0.608342,8.713783,0.094994,0.265120,0.712073,0.207214,503.349035
130,0.603358,11.820510,0.076792,0.322300,0.699390,0.340098,482.902328
131,0.601149,7.983134,0.089306,0.244712,0.723451,0.152353,486.227468
132,0.602430,10.792725,0.078498,0.274364,0.737013,0.250366,497.978538
133,0.596489,10.796965,0.071672,0.309714,0.729508,0.286751,494.775186
134,0.592545,11.742651,0.074516,0.306954,0.694375,0.292203,508.840624
135,0.581153,10.980083,0.079067,0.349158,0.685420,0.316959,493.289876
136,0.585674,8.492944,0.077361,0.253567,0.707270,0.153387,495.684990
137,0.587153,9.288236,0.093288,0.219061,0.735305,0.170818,511.054875
138,0.579517,12.325898,0.068259,0.305510,0.719296,0.283041,520.239990
139,0.580619,8.907486,0.069397,0.243275,0.724649,0.167874,504.895335
140,0.577783,12.889199,0.069397,0.341159,0.653966,0.355585,492.103198
141,0.575728,10.991809,0.079067,0.330815,0.718836,0.303403,487.361501
142,0.570530,9.391073,0.085324,0.291578,0.722817,0.247567,490.011377
143,0.570674,10.266648,0.073948,0.354970,0.715017,0.330398,524.219651
144,0.569515,8.213468,0.068259,0.299508,0.719170,0.245676,496.591149
145,0.560572,10.105075,0.072810,0.357433,0.717251,0.333874,485.673650
146,0.562567,9.805414,0.081911,0.298537,0.733335,0.272938,463.204373
147,0.555489,11.051909,0.073948,0.336396,0.706139,0.300967,461.501941
148,0.557082,8.779738,0.081342,0.246390,0.719721,0.194579,484.744794
149,0.553127,9.818683,0.081911,0.278723,0.732472,0.281397,473.334363
150,0.550082,7.461842,0.098407,0.139041,0.702860,0.081571,486.834177
151,0.548491,9.003017,0.083049,0.301885,0.724585,0.260696,480.987538
152,0.544493,9.997742,0.080774,0.353916,0.702317,0.324212,474.233375
153,0.546167,9.705575,0.094425,0.270745,0.745734,0.247491,478.626555
154,0.542620,8.303641,0.084187,0.296807,0.736678,0.226987,487.358601
155,0.538777,7.058053,0.081342,0.169006,0.668884,0.094287,499.942497
156,0.539922,9.073829,0.097270,0.257669,0.729143,0.199165,490.266844
157,0.533124,9.830750,0.094994,0.291643,0.726082,0.262170,480.684691
158,0.540522,9.993924,0.069397,0.314571,0.720741,0.261187,494.389049
159,0.530075,8.584768,0.062571,0.267108,0.737553,0.178673,488.110739
160,0.529771,10.458531,0.076223,0.325327,0.711297,0.294204,492.220970
161,0.522725,9.952498,0.077361,0.317460,0.707245,0.316641,484.190649
162,0.521714,8.949559,0.073948,0.253490,0.737634,0.223507,478.059410
163,0.522627,9.380777,0.085324,0.260570,0.718966,0.244927,477.258710
164,0.518321,9.513353,0.073379,0.325380,0.686887,0.291739,476.373421
165,0.517947,9.245057,0.067691,0.262271,0.727905,0.208549,473.829686
166,0.526067,8.808295,0.085893,0.244481,0.741296,0.199116,467.981483
167,0.517330,11.661596,0.075085,0.314276,0.711624,0.294343,477.615137
168,0.516316,8.953334,0.083618,0.290817,0.715918,0.221081,499.146409
169,0.509957,9.020735,0.069397,0.344674,0.735656,0.263069,500.967711
170,0.512897,9.782921,0.067691,0.357393,0.741160,0.295323,482.908555
171,0.510113,10.293966,0.079636,0.315725,0.753642,0.274935,478.146040
172,0.509950,9.048532,0.068828,0.380432,0.732158,0.328441,489.317889
173,0.499507,9.896697,0.087600,0.325080,0.724217,0.300163,485.710206
174,0.498590,11.571531,0.079067,0.353569,0.635458,0.345555,482.075036
175,0.500145,8.359527,0.081342,0.195549,0.715081,0.137749,475.650267
176,0.495815,9.490481,0.078498,0.327469,0.681651,0.323060,468.563002
177,0.498999,9.023357,0.078498,0.276935,0.734761,0.216613,469.682412
178,0.496508,8.202736,0.092150,0.269277,0.729304,0.180478,473.004495
179,0.495878,9.785068,0.069966,0.310092,0.695078,0.278592,476.456039
180,0.491054,8.629758,0.072241,0.247046,0.718641,0.179389,476.192691
181,0.485872,9.918723,0.080205,0.308512,0.728708,0.296027,476.949762
182,0.484642,7.504976,0.056883,0.209580,0.687793,0.138885,472.135365
183,0.492392,8.384615,0.088737,0.251471,0.743396,0.201593,469.546844
184,0.489154,8.119806,0.064846,0.266981,0.730068,0.208867,471.471019
185,0.484848,7.856645,0.064846,0.255303,0.718934,0.175840,477.143090
186,0.476547,9.608503,0.059727,0.363049,0.725185,0.316600,465.800994
187,0.478728,8.928154,0.081342,0.295658,0.716797,0.277596,471.752105
188,0.478480,7.650759,0.063140,0.280322,0.737470,0.201613,483.933097
189,0.475709,7.944988,0.077929,0.283208,0.729618,0.209675,474.471996
190,0.476390,10.102508,0.072810,0.338043,0.705498,0.329430,472.680731
191,0.473791,8.097869,0.073948,0.295408,0.727140,0.194699,472.469665
192,0.466347,9.393000,0.068259,0.303919,0.730520,0.253483,476.621715
193,0.470422,8.305694,0.072810,0.325735,0.729916,0.275709,475.646095
194,0.471315,8.231408,0.073948,0.336540,0.726351,0.255285,468.778605
195,0.469509,9.411913,0.064278,0.336248,0.710743,0.325790,472.285667
196,0.468187,10.056543,0.074516,0.308266,0.724545,0.293124,474.300613
197,0.460996,8.100991,0.070535,0.246368,0.714439,0.204835,470.812857
198,0.457737,8.722749,0.071104,0.282981,0.668850,0.225322,469.672757
199,0.462243,6.759766,0.088168,0.227467,0.698963,0.146753,465.444520
200,0.462814,8.289382,0.076792,0.249466,0.717131,0.205989,461.463738
201,0.463999,8.955623,0.067122,0.325586,0.719217,0.282187,469.004241
202,0.452604,10.141428,0.070535,0.362671,0.681779,0.334726,469.586410
203,0.454402,8.057040,0.068259,0.214715,0.741254,0.139890,475.606332
204,0.455800,7.692688,0.078498,0.328067,0.736472,0.252354,470.954324
205,0.456653,9.871560,0.071104,0.332538,0.712818,0.312873,473.363471
206,0.447609,8.811751,0.069966,0.343283,0.729105,0.291569,473.789650
207,0.448897,8.163880,0.065415,0.246568,0.738699,0.211098,467.933848
208,0.447171,9.155599,0.070535,0.323794,0.652363,0.302503,471.678966
209,0.454297,9.436562,0.069397,0.341775,0.711647,0.332911,462.059587
210,0.441107,8.811287,0.068828,0.298670,0.733389,0.247267,466.585621
211,0.452678,8.045824,0.084187,0.293479,0.741644,0.234177,470.631637
212,0.432790,9.123940,0.071672,0.320876,0.692479,0.299901,477.752353
213,0.447560,6.677024,0.068259,0.213506,0.691929,0.135109,465.410690
214,0.442369,9.429753,0.062002,0.328680,0.713865,0.292512,467.547313
215,0.445242,7.626260,0.063709,0.302743,0.744180,0.225222,463.732590
216,0.433780,7.983741,0.073948,0.317718,0.732079,0.236106,472.892841
217,0.436550,8.244133,0.074516,0.312827,0.740416,0.257667,463.302411
218,0.430311,7.822999,0.081342,0.209503,0.728989,0.165641,472.329711
219,0.434792,7.063261,0.067122,0.231524,0.736969,0.165977,467.695006
220,0.432486,8.472198,0.063709,0.346571,0.748844,0.296698,468.789916
221,0.432005,9.691909,0.074516,0.341807,0.710271,0.317967,472.300889
222,0.425658,8.387283,0.077929,0.285980,0.732801,0.254022,473.719567
223,0.424085,7.386490,0.083618,0.255115,0.730666,0.168353,468.636682
224,0.426214,6.720127,0.071672,0.226001,0.713623,0.153231,471.334136
225,0.423285,7.294698,0.075654,0.288106,0.752605,0.227713,468.844862
226,0.426853,7.947927,0.078498,0.255298,0.742412,0.214327,470.911946
227,0.427152,9.160257,0.073379,0.328507,0.718334,0.299453,478.778616
228,0.416997,8.392808,0.063709,0.298075,0.736061,0.254802,473.845966
229,0.416167,7.665005,0.069397,0.271512,0.727305,0.205139,472.546305
230,0.419902,8.647669,0.067122,0.360247,0.738228,0.305138,478.854773
231,0.416021,8.214466,0.059158,0.302249,0.733791,0.233579,463.583291
232,0.413533,7.570225,0.077361,0.261821,0.733540,0.198744,468.362182
233,0.410543,9.639184,0.064278,0.345518,0.680652,0.315940,467.138274
234,0.420098,7.830475,0.061433,0.295600,0.734520,0.248398,471.714351
235,0.415551,8.609068,0.071104,0.315447,0.725042,0.250888,470.372292
236,0.415648,8.420045,0.080774,0.309115,0.741221,0.275138,470.995217
237,0.412713,8.077700,0.067122,0.308557,0.717342,0.232661,469.974803
238,0.413250,8.275818,0.062571,0.325784,0.722327,0.291463,473.021371
239,0.409623,8.195609,0.069397,0.313327,0.733984,0.263124,477.360221
240,0.407923,8.299264,0.076792,0.293731,0.734396,0.252824,468.739846
241,0.406968,7.591159,0.059727,0.288872,0.741369,0.239502,468.850800
242,0.406091,7.825350,0.069397,0.377256,0.718215,0.300415,469.357483
243,0.404620,8.486487,0.068828,0.318116,0.754562,0.282366,476.880504
244,0.401519,8.336909,0.073379,0.336745,0.738938,0.294929,469.876772
245,0.405282,7.321826,0.074516,0.287365,0.740273,0.220013,469.782871
246,0.404422,7.299082,0.067691,0.279026,0.727217,0.233119,466.807262
247,0.401870,7.468385,0.060296,0.280867,0.740026,0.209600,465.682499
248,0.400813,8.020435,0.060296,0.302018,0.733257,0.249008,470.450054
249,0.395357,8.328459,0.078498,0.304837,0.739726,0.245711,468.538614
250,0.397294,7.616493,0.073948,0.309543,0.735982,0.277404,473.419913
251,0.402830,9.309234,0.069397,0.358938,0.717720,0.361014,469.133530
252,0.397180,7.887551,0.074516,0.266665,0.753859,0.188448,474.803847
253,0.397591,7.822606,0.071104,0.237457,0.723870,0.181737,478.793056
254,0.392374,8.803392,0.063709,0.328692,0.691536,0.292777,481.545915
255,0.392191,7.991977,0.065415,0.311651,0.742238,0.279704,485.408072
256,0.397413,7.919738,0.080205,0.258028,0.727950,0.208388,474.746431
257,0.391664,7.820485,0.072810,0.317491,0.727568,0.259898,485.184271
258,0.387226,7.219898,0.073948,0.281255,0.725408,0.217861,482.848584
259,0.389203,8.371546,0.059727,0.324805,0.727753,0.278622,492.687432
260,0.394919,7.391809,0.072241,0.267643,0.731962,0.222340,470.753191
261,0.386415,7.614512,0.070535,0.282921,0.738533,0.243724,473.870799
262,0.388530,7.480060,0.063709,0.333757,0.715597,0.300967,478.420871
263,0.396170,8.286756,0.068259,0.244270,0.721201,0.210099,483.901133
264,0.380424,9.509902,0.068259,0.360228,0.698820,0.344928,481.207072
265,0.384306,7.316737,0.073948,0.267941,0.734429,0.216096,482.869513
266,0.386930,8.200214,0.062002,0.335665,0.729369,0.258662,474.859276
267,0.377577,8.568069,0.069397,0.341667,0.723286,0.294456,485.744458
268,0.375101,7.839659,0.063709,0.339402,0.713065,0.308148,473.714126
269,0.385146,7.556273,0.079067,0.325793,0.721577,0.279837,463.240703
270,0.370370,8.632033,0.066553,0.350976,0.700714,0.311184,479.415404
271,0.376701,8.017900,0.062002,0.324331,0.717477,0.283416,472.625436
272,0.379629,8.354971,0.066553,0.311171,0.738192,0.288467,472.703924
273,0.377766,8.112133,0.061433,0.310936,0.726019,0.280271,479.775879
274,0.376820,7.570207,0.071104,0.255310,0.735408,0.208062,485.241888
275,0.379609,7.936195,0.062002,0.277526,0.743832,0.247601,479.241179
276,0.374251,9.218266,0.063709,0.339286,0.704992,0.313310,486.150137
277,0.368129,7.779939,0.069966,0.311076,0.737444,0.290107,478.780291
278,0.371410,8.404332,0.066553,0.336951,0.669866,0.312205,482.462747
279,0.372010,7.585484,0.072241,0.303894,0.729943,0.266501,476.053899
280,0.374051,6.481124,0.058020,0.191662,0.667218,0.136528,485.864011
281,0.380460,7.559430,0.064846,0.213717,0.711740,0.180873,478.845328
282,0.369584,10.586504,0.068259,0.371708,0.639279,0.354203,474.472882
283,0.367526,6.941666,0.062002,0.300301,0.741305,0.248506,477.874875
284,0.371420,8.211054,0.062571,0.324555,0.726162,0.290916,474.333476
285,0.366250,7.356575,0.072810,0.288609,0.751621,0.255198,477.740136
286,0.367043,7.721764,0.063140,0.337276,0.735310,0.298266,475.899668
287,0.360917,7.678168,0.078498,0.271790,0.711403,0.238456,484.557673
288,0.360264,7.320378,0.066553,0.335186,0.728420,0.287860,491.234821
289,0.357135,8.119536,0.056883,0.321330,0.742045,0.280915,493.912472
290,0.361041,7.555492,0.067691,0.308344,0.730706,0.273297,495.021306
291,0.362780,8.354136,0.068259,0.318175,0.754988,0.273341,548.345381
292,0.359524,7.864019,0.071104,0.302366,0.722478,0.266554,489.392736
293,0.363357,7.347172,0.065984,0.270570,0.718020,0.224502,481.900689
294,0.363471,8.070079,0.068828,0.307892,0.730847,0.259565,489.067327
295,0.363822,8.103418,0.060865,0.295588,0.744549,0.256227,469.809970
296,0.355602,7.159259,0.075085,0.290207,0.747194,0.236859,500.451880
297,0.361852,6.775263,0.068828,0.244035,0.728957,0.193450,492.379302
298,0.363006,7.657012,0.058020,0.305571,0.728064,0.285183,470.687548
299,0.357479,7.454497,0.066553,0.312245,0.756018,0.274755,477.558348
300,0.352303,6.226506,0.074516,0.234200,0.736752,0.169519,472.028666
301,0.353421,7.970255,0.057452,0.308033,0.748350,0.266559,482.048986
302,0.349722,8.117288,0.069397,0.234894,0.730546,0.213392,470.779044
303,0.348428,7.471351,0.058020,0.248816,0.727419,0.215021,469.036033
304,0.345648,7.774535,0.059158,0.308814,0.709372,0.265034,479.950609
305,0.353326,7.583327,0.062571,0.309630,0.705467,0.282723,479.343120
306,0.357795,7.527138,0.065415,0.324582,0.728065,0.297124,484.081169
307,0.355358,7.818994,0.066553,0.285329,0.727907,0.271939,495.712382
308,0.351795,6.569835,0.075085,0.180109,0.702391,0.155836,485.688067
309,0.345755,7.988413,0.064846,0.329301,0.735635,0.299296,485.187777
310,0.352412,6.792130,0.050626,0.203719,0.687646,0.164704,495.256479
311,0.353495,6.650927,0.072810,0.264605,0.738543,0.209267,495.483375
312,0.343519,6.949492,0.071672,0.249287,0.741248,0.223407,476.767201
313,0.346734,7.276127,0.067691,0.239539,0.721793,0.201043,492.770886
314,0.348023,7.395882,0.063709,0.328985,0.715797,0.286731,492.127649
315,0.347263,7.500825,0.075085,0.328539,0.716778,0.290081,476.970716
316,0.342140,7.014495,0.068259,0.274481,0.714589,0.246534,486.022919
317,0.336750,7.652694,0.058020,0.315618,0.718646,0.284525,483.258669
318,0.338529,7.290325,0.065984,0.306512,0.702499,0.258841,486.431723
319,0.337710,7.584015,0.068828,0.275406,0.721901,0.246382,487.308969
320,0.341662,7.566794,0.070535,0.278987,0.721693,0.231679,482.260881
321,0.338508,7.376797,0.068259,0.304410,0.736838,0.263658,473.742409
322,0.342446,7.033875,0.076792,0.264057,0.736372,0.216448,467.908262
323,0.340565,7.339020,0.065415,0.281011,0.727098,0.246644,468.197466
324,0.333496,6.521979,0.080774,0.213439,0.688328,0.171989,477.157046
325,0.341895,7.240632,0.070535,0.307356,0.707171,0.285236,470.224336
326,0.333790,7.437425,0.061433,0.307303,0.718764,0.278051,474.064571
327,0.332713,7.414598,0.056883,0.305889,0.718698,0.254651,477.575745
328,0.333800,7.594534,0.062571,0.292703,0.717674,0.264086,473.263330
329,0.333971,7.416484,0.067122,0.278404,0.709427,0.269789,477.666209
330,0.337193,7.593973,0.064278,0.317254,0.727160,0.290148,474.069596
331,0.330953,6.731583,0.067122,0.290388,0.709078,0.255972,474.491380
332,0.333901,6.601794,0.072810,0.256840,0.740121,0.210637,474.087898
333,0.329024,7.477387,0.059727,0.265109,0.712973,0.222904,476.511204
334,0.336861,7.022616,0.064278,0.321804,0.726161,0.279925,475.051150
335,0.324979,6.307377,0.066553,0.234263,0.718133,0.189287,472.783785
336,0.329998,6.741589,0.055176,0.280887,0.733932,0.238344,473.373673
337,0.339310,6.733524,0.063709,0.311772,0.737598,0.253980,482.392991
338,0.337927,7.525541,0.056314,0.289117,0.714785,0.254701,486.634054
339,0.333314,7.925689,0.056883,0.249170,0.709802,0.233183,478.545312
340,0.324665,7.750873,0.075085,0.321336,0.742365,0.306026,486.026223
341,0.322386,6.531525,0.072241,0.273311,0.728131,0.267573,479.463279
342,0.330538,8.091446,0.066553,0.323513,0.656908,0.315072,482.857361
343,0.323023,6.443442,0.067691,0.244611,0.718251,0.217298,472.191767
344,0.330988,6.776619,0.065415,0.314989,0.725424,0.290334,472.984434
345,0.327206,6.497127,0.060865,0.223379,0.715863,0.186451,479.622592
346,0.325650,7.776587,0.064278,0.334207,0.701881,0.303127,476.448352
347,0.318331,7.124225,0.062002,0.259730,0.715948,0.224606,478.063509
348,0.324466,6.951334,0.072810,0.298105,0.733150,0.268786,480.379594
349,0.317256,8.511085,0.065984,0.349035,0.725389,0.326616,481.174003
350,0.325447,7.515034,0.063140,0.334549,0.719792,0.310668,470.133018
351,0.322726,7.089158,0.073379,0.327468,0.743193,0.295664,478.379226
352,0.318812,6.378084,0.063709,0.187918,0.663983,0.153203,480.499625
353,0.315206,7.407894,0.059158,0.336407,0.715837,0.312862,488.333504
354,0.327068,7.245048,0.071672,0.266052,0.718112,0.257633,494.742127
355,0.312310,6.713497,0.077929,0.282004,0.709675,0.254749,486.709541
356,0.319723,7.415129,0.062002,0.327631,0.715575,0.289511,486.794318
357,0.313806,7.282968,0.062571,0.266476,0.719693,0.275301,486.649104
358,0.314714,6.923798,0.086462,0.207880,0.699267,0.192143,488.182874
359,0.320964,7.611755,0.065984,0.295681,0.686151,0.267829,468.532579
360,0.312830,6.485306,0.065415,0.261233,0.701644,0.215604,469.328913
361,0.308404,7.380132,0.063709,0.314102,0.702305,0.315942,476.558358
362,0.316454,7.321300,0.067691,0.290614,0.707288,0.265838,474.849821
363,0.304528,7.417404,0.060865,0.308543,0.723313,0.283308,476.774664
364,0.311841,7.809256,0.063140,0.311588,0.731255,0.290187,463.142454
365,0.314469,7.452580,0.070535,0.295127,0.712935,0.292670,478.817130
366,0.314766,7.611149,0.068259,0.343493,0.729670,0.312451,476.113949
367,0.312320,7.018712,0.065415,0.256328,0.724565,0.234302,474.880073
368,0.310341,6.553946,0.061433,0.282309,0.718554,0.256403,471.447561
369,0.313609,6.988509,0.068828,0.321706,0.728507,0.303883,477.958199
370,0.306442,6.141624,0.070535,0.240761,0.669904,0.188822,480.654885
371,0.312303,7.446263,0.061433,0.329022,0.693575,0.314120,474.682473
372,0.310873,7.922729,0.060865,0.351000,0.694476,0.317617,478.238672
373,0.302575,7.457779,0.054608,0.275488,0.697717,0.264882,479.004281
374,0.315319,7.022086,0.056314,0.270264,0.722659,0.245186,475.738400
375,0.308502,6.979901,0.058020,0.288646,0.709794,0.263088,475.994318
376,0.299858,6.648604,0.068828,0.284326,0.706937,0.263700,484.573797
377,0.304800,7.716182,0.060296,0.327048,0.713138,0.311220,476.544285
378,0.308225,6.931012,0.065984,0.335670,0.711331,0.309999,480.790180
379,0.303615,6.960284,0.067691,0.281046,0.716838,0.249900,465.719910
380,0.301361,6.618134,0.059727,0.222241,0.747995,0.196792,471.671328
381,0.304275,7.055821,0.067122,0.280198,0.713028,0.253367,479.544045
382,0.295787,6.833455,0.069397,0.227268,0.710466,0.217844,474.342566
383,0.297785,7.637843,0.063140,0.296421,0.684385,0.283132,484.492231
384,0.306127,6.357162,0.063709,0.229760,0.650414,0.200725,481.032660
385,0.312684,7.171633,0.066553,0.305312,0.713870,0.271631,479.347898
386,0.304655,7.631253,0.058589,0.290466,0.733319,0.262716,469.959183
387,0.303514,6.527917,0.059727,0.257078,0.725616,0.238201,470.239736
388,0.293935,7.599305,0.059727,0.326872,0.707115,0.313493,480.525802
389,0.294658,7.043260,0.059158,0.251984,0.697897,0.232619,473.456837
390,0.300051,6.311333,0.063709,0.237016,0.681459,0.221879,475.597429
391,0.303666,6.356316,0.058589,0.301411,0.685479,0.257105,470.373521
392,0.300359,6.692655,0.054039,0.258884,0.700937,0.224181,480.547330
393,0.305521,5.961548,0.069397,0.197051,0.686511,0.166699,474.387503
394,0.300152,7.124596,0.058020,0.324104,0.706411,0.300870,474.917736
395,0.303040,7.987482,0.060865,0.295257,0.710891,0.265624,482.700514
396,0.298078,6.920141,0.056314,0.260916,0.729362,0.247302,472.905904
397,0.295057,7.442326,0.075085,0.237875,0.719772,0.234055,480.858805
398,0.297933,7.351388,0.065984,0.321842,0.693513,0.300459,477.990379
399,0.296628,7.672009,0.066553,0.322596,0.714582,0.293706,478.738252
400,0.294449,6.842840,0.064278,0.313549,0.696238,0.291021,474.091560
401,0.290396,7.381257,0.060296,0.259261,0.675184,0.227795,481.671157
402,0.288970,7.831533,0.069966,0.333071,0.693876,0.330389,476.028524
403,0.288481,7.139880,0.063140,0.329093,0.694642,0.296565,473.897220
404,0.285142,7.151555,0.067122,0.297695,0.713988,0.283481,481.387359
405,0.299775,6.355090,0.060296,0.196560,0.679475,0.165081,473.813064
406,0.294170,7.031151,0.054039,0.271182,0.682673,0.247000,473.833716
407,0.291958,6.995724,0.067691,0.318218,0.703869,0.302437,473.937270
408,0.284624,6.560086,0.059158,0.238226,0.720459,0.212576,474.964558
409,0.289674,7.079459,0.062002,0.268498,0.705012,0.267706,487.259383
410,0.287511,7.019998,0.062002,0.325297,0.667558,0.299735,471.784033
411,0.289217,7.998865,0.073948,0.361898,0.658147,0.357848,474.217823
412,0.295682,7.526120,0.067122,0.335359,0.709981,0.310413,518.448351
413,0.282614,6.845484,0.063709,0.284160,0.696202,0.280930,520.470161
414,0.282730,8.147069,0.065415,0.292499,0.691813,0.282846,493.738047
415,0.290515,7.247917,0.063709,0.305909,0.703276,0.277664,742.218946
416,0.296404,7.165433,0.052901,0.214065,0.634961,0.201452,550.148432
417,0.290045,7.596892,0.063140,0.324287,0.681939,0.322783,544.293818
418,0.282637,7.471485,0.062002,0.327679,0.698120,0.308653,479.200565
419,0.283673,7.342216,0.058020,0.287407,0.701475,0.275556,463.171411
420,0.289265,7.563726,0.068259,0.309156,0.686630,0.303981,461.292611
421,0.282711,7.658638,0.067122,0.322547,0.710028,0.304496,463.483623
422,0.283758,6.232028,0.055745,0.211935,0.660651,0.192511,464.033240
423,0.283126,7.321213,0.059158,0.294010,0.715963,0.266222,461.076533
424,0.282168,7.261512,0.072810,0.286278,0.688253,0.268478,458.508220
425,0.276466,7.224815,0.054039,0.250983,0.685525,0.223660,453.359201
426,0.286622,7.133161,0.055745,0.266322,0.688205,0.255498,451.514533
427,0.286768,7.304635,0.062571,0.330343,0.707736,0.314953,452.099051
428,0.280799,7.118769,0.069397,0.315905,0.732351,0.284167,461.725043
429,0.287802,6.528271,0.065415,0.312730,0.706243,0.290985,477.213389
430,0.290061,7.724133,0.060865,0.312296,0.677157,0.290441,465.912073
431,0.278419,7.011819,0.064278,0.287056,0.683773,0.258927,457.619413
432,0.277316,6.805814,0.060296,0.241573,0.728003,0.236837,457.680726
433,0.277499,6.881871,0.064278,0.250007,0.675211,0.226089,480.114620
434,0.274929,7.793590,0.063140,0.314108,0.725472,0.304895,476.359666
435,0.269419,7.753836,0.066553,0.310942,0.694147,0.305111,473.857888
436,0.268382,7.287745,0.060296,0.251379,0.699135,0.232566,475.558055
437,0.270493,7.371367,0.060865,0.283781,0.708396,0.261762,478.767974
438,0.268148,6.970129,0.059158,0.286978,0.707424,0.266837,476.324849
439,0.274563,6.256969,0.058589,0.227081,0.688782,0.209165,485.238468
440,0.273122,6.792461,0.055745,0.259890,0.681582,0.241046,497.175169
441,0.283051,7.212673,0.058020,0.295011,0.674044,0.270844,498.012232
442,0.284283,6.927941,0.061433,0.280748,0.707843,0.268478,487.182740
443,0.275301,7.578940,0.061433,0.307196,0.684672,0.308082,518.647691
444,0.279255,7.311692,0.062002,0.310972,0.705977,0.312199,507.906328
445,0.274453,6.795776,0.050626,0.252483,0.683641,0.247127,509.180274
446,0.272816,8.049012,0.061433,0.342697,0.700241,0.326936,503.615540
447,0.279506,6.856544,0.060296,0.278439,0.713374,0.258009,503.027974
448,0.284579,7.096159,0.061433,0.274220,0.704043,0.257554,532.640985
449,0.280092,7.128136,0.060296,0.314335,0.708307,0.288691,495.868188
450,0.278429,7.326656,0.063140,0.307993,0.700238,0.286327,721.782632
451,0.270518,6.997285,0.063140,0.270954,0.704778,0.250963,554.358354
452,0.270677,6.844583,0.060865,0.247300,0.690696,0.236486,568.468446
453,0.270960,7.295304,0.054608,0.229497,0.696678,0.226778,591.816583
454,0.271271,6.976742,0.055745,0.271439,0.711886,0.263558,576.266014
455,0.267170,6.967892,0.064278,0.258097,0.699979,0.241988,574.527699
456,0.277792,7.323223,0.055745,0.272140,0.693091,0.259337,544.941194
457,0.269070,6.986081,0.054608,0.286779,0.688001,0.281256,518.943970
458,0.270614,6.553259,0.062571,0.252838,0.666085,0.236075,714.519299
459,0.271562,7.516523,0.063709,0.291241,0.696531,0.282043,892.035454
460,0.267918,7.580908,0.059158,0.297932,0.684117,0.301910,749.526060
461,0.265330,6.706037,0.057452,0.235446,0.682566,0.211804,686.385042
462,0.267673,7.397503,0.061433,0.304501,0.714857,0.283894,708.449870
463,0.264510,7.553935,0.060865,0.302679,0.696578,0.275835,755.522804
464,0.263953,7.017427,0.054039,0.241741,0.664368,0.224369,723.775740
465,0.263758,6.962497,0.058020,0.265366,0.686680,0.251055,766.698169
466,0.260871,6.956200,0.052901,0.253866,0.714096,0.228255,740.448839
467,0.261369,7.875773,0.063709,0.312675,0.694964,0.289665,642.889720
468,0.254195,7.477644,0.062002,0.339356,0.719822,0.315679,663.811903
469,0.257688,7.835331,0.058589,0.265508,0.702162,0.247348,775.038032
470,0.264363,7.508312,0.058589,0.279407,0.710189,0.279265,773.710950
471,0.253725,7.609352,0.056314,0.295425,0.717254,0.277786,683.705407
472,0.272615,7.749565,0.057452,0.320120,0.711991,0.318242,542.187190
473,0.265231,7.325615,0.058589,0.296205,0.693932,0.283841,538.396510
474,0.260809,5.950456,0.056883,0.152246,0.643119,0.133182,555.363415
475,0.254482,7.080032,0.057452,0.260944,0.700444,0.248161,584.376067
476,0.255458,7.366249,0.058589,0.300789,0.709253,0.275459,529.739234
477,0.254064,8.560328,0.063709,0.317815,0.676600,0.306238,505.215591
478,0.260673,7.817498,0.062002,0.319563,0.702874,0.304944,505.217736
479,0.259305,6.929974,0.047213,0.228530,0.662962,0.208934,512.075676
480,0.267075,7.339886,0.059158,0.288514,0.696348,0.285948,510.528096
481,0.266220,7.364456,0.062002,0.328244,0.712154,0.327407,526.193434
482,0.258674,7.228433,0.059727,0.277302,0.699673,0.259472,515.917407
483,0.262349,7.043003,0.058020,0.236423,0.695550,0.227996,496.394505
484,0.266012,7.053811,0.056314,0.294680,0.695887,0.274699,510.569649
485,0.263407,7.146647,0.058020,0.303514,0.723470,0.287105,522.776979
486,0.253286,7.785461,0.062571,0.338823,0.699319,0.326045,524.283741
487,0.258119,7.954684,0.063709,0.316416,0.679122,0.308200,521.868476
488,0.256424,6.580392,0.057452,0.190164,0.644767,0.183088,506.418327
489,0.250945,7.785930,0.059158,0.325186,0.681611,0.315816,512.455669
490,0.258376,7.225446,0.063140,0.300067,0.708564,0.279348,507.051808
491,0.253417,6.954465,0.053470,0.253149,0.672921,0.246591,519.356194
492,0.250542,7.436645,0.060296,0.260818,0.708695,0.260115,499.469480
493,0.243308,6.886432,0.059727,0.289000,0.698542,0.270274,501.875818
494,0.245398,7.857826,0.058589,0.298802,0.708383,0.297066,524.555251
495,0.248907,7.620914,0.058589,0.298945,0.703556,0.295180,517.829742
496,0.248943,7.016495,0.058589,0.272664,0.697789,0.257098,511.003413
497,0.254675,7.943139,0.062002,0.305493,0.685508,0.308112,531.709716
498,0.257061,6.716260,0.054039,0.222865,0.685104,0.223176,519.869487
499,0.258498,7.524758,0.056883,0.282394,0.666979,0.270750,523.490485
500,0.254064,7.516682,0.056314,0.267746,0.664523,0.249548,530.660579
501,0.252926,6.896724,0.065984,0.262571,0.679310,0.241148,508.596324
502,0.247006,7.719364,0.061433,0.331140,0.706747,0.319949,514.889658
503,0.251523,6.415083,0.060865,0.266085,0.684545,0.247994,516.259930
504,0.255318,7.560478,0.060296,0.335698,0.676693,0.330642,511.682935
505,0.245143,7.665751,0.062002,0.275591,0.694762,0.285333,516.715224
506,0.257674,7.167179,0.060296,0.297269,0.684208,0.283796,529.822928
507,0.250160,7.718583,0.064278,0.302329,0.700130,0.295972,527.060827
508,0.253216,6.214966,0.054608,0.171050,0.625355,0.143176,513.729878
509,0.255519,7.054053,0.058020,0.225138,0.684370,0.210585,555.827206
510,0.249741,7.360847,0.054608,0.261227,0.672876,0.238162,538.316455
511,0.247442,7.774186,0.061433,0.334666,0.695359,0.307815,523.517133
512,0.257194,7.407742,0.059727,0.268977,0.699651,0.239705,521.781649
513,0.253954,7.727076,0.059727,0.280010,0.690237,0.279643,520.489491
514,0.241960,7.474387,0.058020,0.301416,0.691405,0.288989,509.125823
515,0.247610,7.152624,0.056314,0.249777,0.661022,0.238674,517.577080
516,0.252580,7.632028,0.061433,0.318167,0.698030,0.311693,516.118612
517,0.252577,7.835565,0.063140,0.322985,0.686611,0.311413,521.005520
518,0.237821,7.308632,0.058020,0.286854,0.693454,0.273696,510.531202
519,0.243563,7.329903,0.057452,0.261653,0.672746,0.256235,521.205116
520,0.243485,7.760351,0.070535,0.331248,0.625667,0.323818,509.251207
521,0.249901,7.898820,0.062571,0.306395,0.647081,0.299359,521.009596
522,0.246725,7.710578,0.055176,0.285172,0.700774,0.280077,517.628755
523,0.246839,6.942915,0.054039,0.251163,0.679699,0.227236,513.344438
524,0.251449,7.070922,0.058020,0.265548,0.673806,0.242528,523.004934
525,0.246494,7.458172,0.056883,0.260766,0.679607,0.255881,519.939219
526,0.248447,7.266983,0.059158,0.277974,0.681284,0.272796,503.735666
527,0.248505,7.320428,0.055176,0.223839,0.693979,0.221400,506.256612
528,0.237800,7.813004,0.059158,0.305991,0.693366,0.293515,498.186802
529,0.237812,7.263419,0.054608,0.274381,0.695532,0.266011,496.664822
530,0.243152,7.349549,0.059158,0.295494,0.666117,0.280204,504.411950
531,0.236917,7.656690,0.061433,0.292634,0.694505,0.272436,505.518740
532,0.241640,7.882146,0.064278,0.333175,0.706140,0.326799,504.432440
533,0.234567,7.075978,0.060865,0.300811,0.692951,0.294428,494.079592
534,0.247860,7.681618,0.060865,0.302500,0.703864,0.282493,494.746239
535,0.232080,7.182332,0.063140,0.312551,0.694359,0.294252,484.300885
536,0.239809,7.185962,0.059158,0.296904,0.684570,0.282540,495.311582
537,0.237086,7.533025,0.060296,0.319836,0.684900,0.303403,483.908226
538,0.252631,7.061456,0.054608,0.270893,0.695756,0.262733,482.603750
539,0.262967,7.260465,0.060296,0.279138,0.698284,0.263980,486.034051
540,0.254231,7.741830,0.060296,0.283203,0.668163,0.282956,492.980217
541,0.259629,7.505002,0.059727,0.267297,0.637421,0.253123,472.528050
542,0.249189,7.773442,0.062571,0.285182,0.713601,0.263483,491.360448
543,0.239319,7.627394,0.062002,0.292290,0.689442,0.270458,490.406881
544,0.244750,6.576996,0.063140,0.255933,0.672863,0.245375,496.104810
545,0.240517,7.241431,0.060865,0.304192,0.710559,0.272709,505.080801
546,0.236429,7.383115,0.062002,0.294171,0.706345,0.294532,529.890307
547,0.231059,7.532086,0.057452,0.296831,0.710500,0.287129,482.829760
548,0.230318,7.210109,0.058020,0.278936,0.678699,0.261856,486.063174
549,0.232710,7.476704,0.059727,0.318238,0.699695,0.292251,491.059942
550,0.233341,7.224699,0.058589,0.280138,0.692729,0.266871,489.836744
551,0.233313,7.731489,0.053470,0.274493,0.691227,0.272417,477.070079
552,0.234146,7.201883,0.052332,0.278790,0.700557,0.267815,492.665286
553,0.240522,7.880432,0.059727,0.297366,0.686261,0.300603,486.054656
554,0.232906,7.835888,0.063709,0.332193,0.684788,0.322369,465.042291
555,0.233903,7.211244,0.063140,0.288595,0.675105,0.274139,476.675658
556,0.237426,7.392742,0.062571,0.315612,0.721746,0.291125,465.079338
557,0.249164,7.847591,0.059727,0.317092,0.685868,0.302013,478.902929
558,0.247087,7.338074,0.059727,0.323686,0.682534,0.318293,497.676552
559,0.232035,6.420955,0.052901,0.200196,0.635212,0.190105,489.968114
560,0.237037,8.006757,0.059158,0.288150,0.693183,0.286480,497.964464
561,0.233976,7.713111,0.068828,0.294735,0.673382,0.285000,488.247313
562,0.235489,7.414857,0.064846,0.261048,0.673940,0.260531,487.460868
563,0.232057,6.842317,0.050057,0.267591,0.704925,0.239928,498.694398
564,0.224043,7.121022,0.053470,0.271397,0.648499,0.254130,505.755307
565,0.231276,7.780076,0.058589,0.307320,0.670889,0.293791,502.186788
566,0.234960,7.229515,0.063140,0.302628,0.701106,0.299192,511.755804
567,0.226974,7.989144,0.064278,0.294386,0.685461,0.282030,503.567962
568,0.228410,7.792731,0.058020,0.303731,0.700318,0.292371,493.643272
569,0.238319,7.388045,0.065984,0.287436,0.698997,0.277125,491.423411
570,0.228619,8.005588,0.059727,0.300838,0.677484,0.286246,489.401934
571,0.229857,7.118159,0.057452,0.286363,0.700823,0.278625,485.168808
572,0.230360,7.437974,0.057452,0.272835,0.712514,0.278175,488.681665
573,0.227048,6.492200,0.057452,0.249538,0.666906,0.236310,486.186972
574,0.246653,7.333111,0.063140,0.291704,0.663557,0.273656,506.109129
575,0.236394,7.366794,0.055176,0.284417,0.692126,0.271155,537.613054
576,0.250805,6.552434,0.063140,0.239477,0.654028,0.229622,484.332626
577,0.237964,7.410924,0.054608,0.261427,0.706412,0.252122,476.740080
578,0.225804,7.387240,0.052901,0.261606,0.691892,0.251315,480.372991
579,0.223159,7.319332,0.060296,0.279605,0.709739,0.268468,493.554726
580,0.234433,7.397302,0.056883,0.259949,0.689773,0.250780,484.832413
581,0.224696,8.059800,0.064278,0.326172,0.687465,0.325840,496.772161
582,0.236583,7.360696,0.055745,0.259174,0.717234,0.250865,510.949874
583,0.250895,7.376781,0.054608,0.242826,0.678777,0.226907,507.589951
584,0.238317,7.079867,0.062002,0.250754,0.693852,0.231068,541.469826
585,0.233791,7.367832,0.048919,0.239895,0.697936,0.233370,491.486100
586,0.237159,7.511939,0.057452,0.291392,0.686747,0.287602,503.748058
587,0.227722,7.266726,0.050626,0.240252,0.694735,0.224886,514.069271
588,0.226364,7.542645,0.058020,0.265459,0.676780,0.257020,507.762210
589,0.232594,7.603980,0.056883,0.263938,0.690780,0.251390,508.876414
590,0.228922,7.336980,0.056314,0.276327,0.721953,0.264656,511.837564
591,0.220318,7.277858,0.065415,0.257976,0.696582,0.234556,597.356751
592,0.227134,7.031957,0.058020,0.260435,0.688383,0.238872,497.422140
593,0.233575,7.370425,0.058020,0.308542,0.705567,0.285087,500.398389
594,0.230007,7.228245,0.059158,0.288787,0.701942,0.278821,491.159587
595,0.223583,7.333158,0.060865,0.275531,0.680269,0.265944,494.911743
596,0.229174,6.936952,0.058020,0.220833,0.684583,0.206701,484.608793
597,0.218712,7.792064,0.060865,0.286614,0.690762,0.287240,500.313061
598,0.222919,7.582644,0.061433,0.302335,0.692579,0.300141,522.485830
599,0.223283,7.946182,0.058020,0.328980,0.681727,0.336348,508.288857
600,0.232198,7.077340,0.058589,0.271427,0.697555,0.252890,521.217932
601,0.222744,7.521608,0.062002,0.301179,0.682284,0.285132,511.419434
602,0.229538,7.124016,0.059727,0.264766,0.687346,0.245257,484.908646
603,0.229800,7.656321,0.058589,0.272236,0.688911,0.268725,490.309290
604,0.219268,7.376195,0.054608,0.247688,0.678215,0.230645,486.113369
605,0.222468,7.787086,0.056883,0.285763,0.714444,0.268492,481.853802
606,0.218483,8.073400,0.064846,0.344050,0.691578,0.346237,482.158050
607,0.221187,7.123418,0.059158,0.262565,0.702398,0.242878,477.471147
608,0.219094,7.309659,0.058020,0.275897,0.693417,0.266142,480.228510
609,0.221102,7.448753,0.059727,0.281747,0.650032,0.286683,468.889715
610,0.227137,7.548095,0.062571,0.272760,0.703231,0.269056,465.471548
611,0.213209,7.546262,0.060865,0.289755,0.713050,0.275874,464.050995
612,0.216250,7.948857,0.062571,0.308480,0.664419,0.288559,457.258223
613,0.216409,7.592542,0.056883,0.293532,0.658797,0.279453,468.399954
614,0.227856,7.218907,0.058589,0.269108,0.680894,0.247369,476.404844
615,0.221024,6.804745,0.056314,0.254623,0.690633,0.240136,479.498168
616,0.215010,6.844532,0.055176,0.246437,0.706162,0.237097,468.222968
617,0.214665,7.483302,0.053470,0.275374,0.687344,0.255045,483.662335
618,0.215879,7.169817,0.058020,0.285009,0.703388,0.261436,475.458230
619,0.214403,7.887443,0.057452,0.307230,0.689212,0.301214,458.430873
620,0.217215,6.700282,0.063709,0.198941,0.676285,0.180979,473.524326
621,0.212286,7.445546,0.057452,0.313866,0.710150,0.301041,465.680098
622,0.212574,7.588652,0.059158,0.282989,0.694456,0.280701,461.608215
623,0.218793,7.513776,0.057452,0.232368,0.683563,0.233492,452.152831
624,0.221647,7.648345,0.059727,0.266607,0.660164,0.274885,458.241656
625,0.255652,7.079965,0.058589,0.255470,0.640966,0.231069,464.735254
626,0.239234,7.175037,0.058589,0.255506,0.689508,0.246091,469.119796
627,0.236302,7.672024,0.068259,0.294774,0.674972,0.288888,456.043152
628,0.229861,7.674848,0.058589,0.292048,0.657575,0.285170,453.950130
629,0.225581,7.663895,0.054608,0.231591,0.680972,0.216858,458.201926
630,0.234175,7.678470,0.062571,0.277799,0.693921,0.279097,461.816177
631,0.219882,7.440181,0.055176,0.287045,0.671316,0.265792,458.001135
632,0.223781,7.251977,0.059727,0.272076,0.671780,0.257256,457.465793
633,0.229506,6.967252,0.060296,0.222941,0.673940,0.208993,451.288176
634,0.222687,8.122551,0.054039,0.306605,0.679944,0.297288,459.444667
635,0.219191,7.416020,0.057452,0.250901,0.683273,0.251182,458.312942
636,0.217002,7.635585,0.058589,0.309442,0.654662,0.294562,455.906597
637,0.206687,7.376205,0.062002,0.264835,0.675679,0.260757,456.173894
638,0.221061,7.702769,0.059158,0.315936,0.694825,0.311814,453.838445
639,0.209038,7.738630,0.057452,0.278390,0.675897,0.251415,463.830816
640,0.206152,7.536748,0.054039,0.277611,0.687437,0.257478,458.911287
641,0.207955,7.938829,0.061433,0.318864,0.701073,0.312415,456.772049
642,0.214783,7.553299,0.058020,0.299277,0.697892,0.276430,452.912397
643,0.211129,7.811133,0.057452,0.293323,0.680931,0.272540,458.168883
644,0.216685,7.677114,0.063709,0.311997,0.663818,0.305902,456.015977
645,0.215332,7.774254,0.060865,0.258615,0.709853,0.250670,453.780699
646,0.212537,7.338970,0.052901,0.251096,0.721623,0.250443,453.406670
647,0.203189,7.742295,0.055745,0.251794,0.686943,0.244257,460.985144
648,0.209228,7.419755,0.054608,0.263771,0.687755,0.255818,451.606292
649,0.216778,7.379607,0.058589,0.254794,0.687927,0.249073,457.501663
650,0.212261,7.556811,0.059727,0.279744,0.684149,0.269205,450.874630
651,0.212876,7.390300,0.048919,0.255079,0.725770,0.238251,452.266575
652,0.217309,6.637615,0.056314,0.251553,0.664349,0.233472,456.880734
653,0.215221,7.410574,0.055176,0.281331,0.661551,0.267143,460.968951
654,0.206243,7.501823,0.057452,0.287253,0.693658,0.274012,453.460881
655,0.200302,7.885708,0.064846,0.323378,0.663788,0.288052,456.939848
656,0.205453,7.292855,0.048919,0.208263,0.656810,0.196443,458.146035
657,0.218516,8.113629,0.063140,0.308580,0.659006,0.301920,449.612016
658,0.229974,8.059081,0.056883,0.280797,0.640979,0.273175,460.549710
659,0.235573,7.774242,0.058589,0.318777,0.681650,0.302611,457.285611
660,0.227636,7.636441,0.064846,0.260578,0.650183,0.247422,467.112996
661,0.237003,7.024838,0.053470,0.233083,0.685841,0.221960,457.079647
662,0.216248,7.637148,0.058589,0.282432,0.675781,0.271591,453.900937
663,0.216418,7.906804,0.061433,0.317926,0.694735,0.297033,465.371120
664,0.207361,7.507188,0.062571,0.301668,0.684658,0.277105,455.678886
665,0.211330,7.565911,0.056883,0.290015,0.676677,0.285912,457.044782
666,0.210488,7.071513,0.060865,0.253459,0.690988,0.241112,451.634018
667,0.208168,7.647213,0.060296,0.300993,0.681624,0.290918,460.811742
668,0.220193,7.265053,0.054608,0.224952,0.682727,0.212030,456.612380
669,0.221521,7.690283,0.064278,0.287741,0.614095,0.280936,456.906958
670,0.215894,7.368435,0.052901,0.265796,0.690549,0.247468,457.762215
671,0.204128,7.103099,0.056883,0.210394,0.677110,0.192920,451.113207
672,0.205097,7.464747,0.058589,0.277055,0.697859,0.279348,449.411526
673,0.211131,7.304038,0.059727,0.285498,0.684768,0.267884,449.139226
674,0.201191,7.567950,0.060865,0.301656,0.698691,0.286103,459.626392
675,0.213441,7.944477,0.058589,0.288688,0.673493,0.277868,461.799233
676,0.220663,7.655030,0.055745,0.271670,0.663561,0.257472,454.904449
677,0.216541,7.370110,0.061433,0.315457,0.684332,0.297586,463.086123
678,0.199394,7.365005,0.057452,0.244868,0.658372,0.230806,449.124882
679,0.209938,7.332194,0.062002,0.291439,0.675866,0.282429,461.370171
680,0.214973,8.031104,0.062002,0.360946,0.687308,0.332332,448.913995
681,0.206153,7.593018,0.061433,0.304612,0.680194,0.276116,457.743976
682,0.198244,7.692307,0.056883,0.305453,0.709548,0.298952,463.328749
683,0.199619,7.627277,0.052332,0.278701,0.699380,0.266560,454.724739
684,0.198932,7.550494,0.056314,0.289867,0.711685,0.288058,457.215497
685,0.226811,6.906125,0.058020,0.238840,0.655734,0.232447,464.832021
686,0.216733,7.586325,0.057452,0.255379,0.694309,0.245850,453.588262
687,0.218137,7.705087,0.061433,0.319726,0.687994,0.306868,457.004283
688,0.242712,8.004144,0.060865,0.316738,0.647818,0.314283,471.613364
689,0.231634,7.581785,0.054039,0.263942,0.662794,0.256947,467.912493
690,0.219925,7.636694,0.057452,0.303688,0.695932,0.286467,472.694561
691,0.212508,6.734352,0.054608,0.200357,0.691723,0.181937,468.919551
692,0.207168,8.008553,0.058589,0.288995,0.679705,0.288995,469.104826
693,0.206581,7.732130,0.056883,0.293041,0.683042,0.289905,470.049534
694,0.209764,7.258605,0.059727,0.280072,0.686939,0.267721,472.875500
695,0.204361,8.072805,0.059727,0.292529,0.657003,0.308608,485.787743
696,0.202970,7.058712,0.050626,0.238308,0.690309,0.229739,496.612553
697,0.215717,7.700099,0.057452,0.266234,0.680362,0.263980,496.404273
698,0.211333,6.859409,0.059158,0.246840,0.669582,0.220174,475.421562
699,0.198562,7.749387,0.059727,0.290898,0.701275,0.287497,479.206713
700,0.194600,7.241567,0.063140,0.259484,0.693070,0.251528,460.622471
701,0.214106,7.578526,0.052901,0.258088,0.678423,0.231319,482.584510
702,0.211522,7.901258,0.064278,0.287775,0.695036,0.276184,494.504209
703,0.213483,7.884560,0.062002,0.257492,0.649958,0.254612,498.966061
704,0.208777,7.485066,0.055176,0.263517,0.677821,0.244646,493.516869
705,0.200952,6.899539,0.056314,0.238107,0.668821,0.210582,460.276070
706,0.207299,7.399134,0.059158,0.263564,0.679941,0.250481,481.020107
707,0.211819,7.745601,0.061433,0.266244,0.685026,0.253663,482.200408
708,0.212793,7.772102,0.057452,0.294663,0.690790,0.283876,483.085193
709,0.206122,7.080719,0.056883,0.226314,0.671331,0.214903,488.747741
710,0.202453,7.654352,0.058020,0.311481,0.703900,0.297518,478.481733
711,0.200046,7.236631,0.057452,0.284042,0.684483,0.254964,470.330621
712,0.188524,8.116358,0.059158,0.305349,0.662110,0.307285,464.969432
713,0.185951,7.816712,0.059727,0.286839,0.698944,0.274366,481.633414
714,0.184918,7.540207,0.054608,0.250360,0.674673,0.251085,490.539361
715,0.187149,7.429368,0.054039,0.280762,0.700634,0.272926,481.469242
716,0.193471,7.486571,0.059158,0.302719,0.678047,0.280510,490.540983
717,0.200454,7.912273,0.060865,0.284302,0.686291,0.280110,504.698067
718,0.192916,7.373876,0.057452,0.304312,0.706287,0.280643,492.092714
719,0.189723,7.384287,0.058589,0.278552,0.684480,0.270634,469.889560
720,0.192198,7.817425,0.055176,0.274058,0.689682,0.266487,465.035956
721,0.203495,7.973689,0.062002,0.320756,0.666773,0.314986,478.351218
722,0.220106,7.911114,0.065984,0.324728,0.680027,0.296483,466.186236
723,0.211648,7.462144,0.060296,0.291481,0.660752,0.271385,456.286782
724,0.214412,7.423953,0.060865,0.258145,0.666587,0.239554,452.036919
725,0.212237,7.060797,0.052901,0.198681,0.676165,0.194500,459.888530
726,0.203503,7.594054,0.059727,0.297036,0.686382,0.278782,474.797759
727,0.204325,7.284532,0.050626,0.259080,0.682386,0.244178,471.167365
728,0.199128,8.125008,0.060296,0.282475,0.690855,0.274102,450.090477
729,0.200871,7.888149,0.063709,0.261876,0.660316,0.256798,454.754085
730,0.202551,7.428670,0.055745,0.234408,0.657416,0.232979,451.179873
731,0.224679,7.644669,0.057452,0.283322,0.675739,0.272435,454.007886
732,0.205673,7.522126,0.061433,0.271397,0.660605,0.261463,450.607564
733,0.232059,7.329755,0.059158,0.322511,0.656724,0.295835,456.491846
734,0.219676,7.445644,0.061433,0.271943,0.657652,0.259078,466.117753
735,0.207354,8.027549,0.059727,0.300811,0.657357,0.290478,459.993429
736,0.202330,7.669766,0.058020,0.259939,0.675296,0.247965,453.617812
737,0.198106,7.639127,0.062002,0.305606,0.682475,0.291098,457.449874
738,0.201067,7.572795,0.054608,0.266940,0.678658,0.259154,469.727324
739,0.197547,7.891102,0.060865,0.304123,0.705901,0.298087,457.157245
740,0.195404,7.438076,0.054039,0.250935,0.680651,0.250983,464.389934
741,0.219157,7.811037,0.053470,0.289069,0.631091,0.287197,462.564585
742,0.233683,7.360088,0.054039,0.245480,0.707991,0.235494,452.921873
743,0.211184,7.714664,0.058589,0.273797,0.681600,0.267982,452.671009
744,0.200114,7.312044,0.058589,0.269327,0.691113,0.264267,467.555875
745,0.199460,7.239097,0.059727,0.261349,0.668229,0.238330,467.375750
746,0.206984,7.782726,0.059727,0.304409,0.692183,0.286782,467.106160
747,0.203420,8.154959,0.060296,0.303060,0.668339,0.304144,464.921980
748,0.206122,7.496562,0.058020,0.254889,0.700014,0.237099,459.585660
749,0.193979,7.354572,0.054608,0.235913,0.698957,0.219348,458.656759
750,0.187603,7.547898,0.059158,0.287650,0.686582,0.275967,470.376759
751,0.195796,7.763769,0.058020,0.279774,0.684695,0.272242,468.972979
752,0.198903,7.422212,0.055745,0.283386,0.681133,0.287265,462.060239
753,0.215125,7.521555,0.055745,0.282753,0.693247,0.243811,463.931401
754,0.202972,7.513711,0.052332,0.257024,0.676396,0.246317,456.158123
755,0.199477,7.606937,0.057452,0.253391,0.685210,0.239699,452.102626
756,0.210750,7.402656,0.052901,0.239633,0.654444,0.232045,458.494727
757,0.201537,6.788685,0.051195,0.229553,0.691026,0.211691,461.781818
758,0.200463,8.076162,0.062002,0.305947,0.677690,0.293980,461.796710
759,0.198258,7.726733,0.055745,0.263084,0.699668,0.248430,474.844483
760,0.199576,7.938603,0.062571,0.300568,0.670159,0.303469,468.209357
761,0.197802,8.056410,0.058020,0.292488,0.703124,0.287539,456.713789
762,0.192065,7.454087,0.063709,0.240561,0.683904,0.218059,454.545294
763,0.195024,7.958730,0.061433,0.270383,0.682513,0.256966,466.845362
764,0.201568,7.126436,0.047213,0.207033,0.688222,0.198292,456.335971
765,0.194868,7.683989,0.056883,0.273625,0.665546,0.281840,455.168792
766,0.208311,8.301951,0.061433,0.325903,0.665653,0.300500,461.379124
767,0.201273,7.867360,0.058020,0.276153,0.683150,0.261752,473.076632
768,0.198671,8.069396,0.056883,0.305250,0.687409,0.299279,452.093503
769,0.197004,7.878101,0.063709,0.287869,0.642683,0.303978,463.699080
770,0.205988,7.404424,0.050057,0.244103,0.705481,0.229824,472.572172
771,0.193533,7.175557,0.050057,0.221599,0.665201,0.214931,467.871485
772,0.181687,7.786892,0.058020,0.311820,0.695684,0.299081,608.292236
773,0.180127,7.698228,0.058020,0.282781,0.692338,0.269271,457.386523
774,0.190067,7.612202,0.056314,0.281725,0.693671,0.280621,460.319494
775,0.188265,7.529948,0.055745,0.293802,0.688853,0.280058,467.337994
776,0.194215,8.220651,0.056883,0.298208,0.679880,0.293700,483.606476
777,0.194964,7.567232,0.056883,0.239849,0.672328,0.240587,481.244164
778,0.211641,7.841259,0.059727,0.284532,0.667236,0.269354,483.941874
779,0.210919,7.726504,0.059727,0.296383,0.688506,0.299972,500.527275
780,0.205445,7.820848,0.062002,0.264052,0.669190,0.258345,488.737090
781,0.204434,7.815211,0.060296,0.274719,0.685027,0.260580,488.812308
782,0.191393,7.784503,0.060296,0.292780,0.664154,0.278235,506.484158
783,0.200870,8.279256,0.065415,0.333203,0.607736,0.323244,493.993907
784,0.212226,7.715671,0.062571,0.290526,0.676838,0.289160,488.767115
785,0.201447,7.780682,0.059158,0.292645,0.679647,0.285511,473.581396
786,0.212149,7.603318,0.055745,0.251530,0.646528,0.246733,481.557032
787,0.193403,8.163062,0.062002,0.306209,0.691009,0.301018,560.838981
788,0.201501,7.605719,0.060865,0.261171,0.687704,0.251131,574.301353
789,0.194713,7.338860,0.058589,0.231227,0.663099,0.209346,518.464431
790,0.198676,7.972234,0.064278,0.295294,0.680423,0.288447,468.692398
791,0.198422,8.120216,0.066553,0.294149,0.675252,0.286432,481.301689
792,0.195494,7.390965,0.058589,0.272610,0.670348,0.249072,484.477373
793,0.195468,7.553997,0.056314,0.250131,0.692726,0.236346,498.983810
794,0.209580,8.249891,0.060865,0.321200,0.663453,0.315929,507.962004
795,0.196507,8.202056,0.059727,0.314972,0.701114,0.305145,509.888811
796,0.197137,8.101576,0.061433,0.290472,0.686747,0.275581,482.323915
797,0.188893,8.092818,0.056883,0.309156,0.678905,0.305754,467.951612
798,0.186122,7.628372,0.058589,0.274072,0.667842,0.274230,487.491961
799,0.185281,7.578728,0.054608,0.267383,0.707323,0.262683,476.258179
800,0.192712,7.829066,0.056883,0.268908,0.665319,0.257552,484.347338
801,0.196645,7.637205,0.063709,0.278567,0.682569,0.268772,503.706904
802,0.183547,7.497761,0.057452,0.302019,0.690559,0.271979,487.740977
803,0.182721,7.481543,0.059158,0.272812,0.692753,0.272764,474.938317
804,0.181582,7.220324,0.055745,0.242428,0.662670,0.229843,493.269400
805,0.186501,7.827336,0.065415,0.312286,0.693895,0.306435,503.770540
806,0.184919,7.669819,0.059158,0.294375,0.675912,0.291611,498.074885
807,0.191536,7.102184,0.059727,0.218579,0.666333,0.217967,492.720004
808,0.215308,7.001629,0.052332,0.254443,0.652718,0.239790,475.072642
809,0.190448,7.491252,0.052901,0.284380,0.671790,0.270833,472.046742
810,0.203608,7.493551,0.061433,0.274037,0.666833,0.257683,484.528837
811,0.214976,7.206707,0.055745,0.271384,0.679202,0.253795,491.366872
812,0.217180,7.733453,0.056314,0.267051,0.671047,0.252010,510.649349
813,0.205151,7.680705,0.055176,0.256443,0.686989,0.245265,511.830318
814,0.197419,7.652129,0.060865,0.304007,0.675779,0.284862,475.272359
815,0.191936,7.996142,0.055745,0.299343,0.687355,0.285814,493.538363
816,0.189985,8.090034,0.062571,0.284708,0.661609,0.287912,499.291439
817,0.192458,7.534195,0.058020,0.248168,0.671651,0.242998,504.877642
818,0.183881,7.363010,0.056883,0.289581,0.663761,0.262439,494.581662
819,0.184255,7.570168,0.054608,0.277317,0.685357,0.267283,504.376999
820,0.183793,7.737803,0.065415,0.294062,0.662079,0.286383,483.443162
821,0.214129,8.020482,0.063709,0.296669,0.645516,0.281724,472.001080
822,0.214877,8.274516,0.062002,0.281387,0.628956,0.258057,478.469990
823,0.189290,8.164608,0.060865,0.313306,0.673801,0.311395,502.879885
824,0.193175,6.962723,0.056883,0.227165,0.657863,0.204648,493.976585
825,0.195237,8.072134,0.056314,0.317005,0.676189,0.298219,499.471548
826,0.194285,8.536260,0.065415,0.306374,0.656097,0.319616,479.427833
827,0.198160,8.169723,0.059727,0.332197,0.686982,0.306003,472.442822
828,0.230534,7.945530,0.062002,0.277235,0.623405,0.281985,470.894526
829,0.204452,7.364402,0.051763,0.204124,0.662417,0.195211,503.774245
830,0.204904,7.835088,0.061433,0.290477,0.685389,0.277638,488.794904
831,0.194402,7.669344,0.060865,0.298570,0.647856,0.285666,482.836412
832,0.197709,7.679880,0.066553,0.284871,0.665722,0.263058,484.099097
833,0.196831,7.538005,0.052332,0.259449,0.680629,0.245901,462.725560
834,0.192732,7.654885,0.060296,0.255959,0.657797,0.248436,475.027935
835,0.187557,7.486188,0.050626,0.240908,0.676913,0.236339,482.895957
836,0.180132,7.661771,0.054608,0.259587,0.689653,0.256942,498.245627
837,0.184855,7.366382,0.055745,0.261681,0.664888,0.251438,505.599127
838,0.187036,7.330066,0.056314,0.257548,0.672639,0.237999,485.132941
839,0.188227,7.649030,0.055176,0.253698,0.667804,0.250108,474.571491
840,0.209973,8.117811,0.061433,0.304644,0.686049,0.307064,486.522000
841,0.210224,7.751413,0.058020,0.281411,0.673024,0.262097,510.845432
842,0.192284,7.772675,0.060865,0.249819,0.663272,0.239622,495.846485
843,0.193166,7.176824,0.047782,0.186607,0.643387,0.173274,511.915401
844,0.188272,7.589564,0.055745,0.257051,0.681070,0.244837,488.951275
845,0.194683,7.023365,0.065984,0.272874,0.654650,0.255811,472.058894
846,0.240626,6.651544,0.061433,0.248091,0.671612,0.227080,488.822936
847,0.211071,7.406151,0.052901,0.239127,0.665107,0.226077,486.326299
848,0.225876,7.964750,0.060865,0.302552,0.684684,0.277420,491.909095
849,0.213559,8.017367,0.058020,0.300066,0.680434,0.283918,489.016081
850,0.200326,7.978790,0.058589,0.280969,0.688051,0.283858,488.296716
851,0.201438,8.202388,0.062571,0.335698,0.682217,0.321046,470.744783
852,0.189637,7.572474,0.055745,0.241574,0.686181,0.223777,489.001555
853,0.187511,6.807365,0.048350,0.184792,0.656127,0.177329,506.400988
854,0.182467,8.023893,0.056883,0.286358,0.680658,0.259527,486.864917
855,0.180848,7.692823,0.060296,0.296193,0.660418,0.272325,506.221851
856,0.187097,7.150855,0.054608,0.287579,0.687840,0.259511,481.158532
857,0.196052,7.364815,0.062571,0.261071,0.699079,0.248461,477.004128
858,0.195008,8.011382,0.065415,0.291962,0.667340,0.278234,484.227446
859,0.181509,7.923869,0.062002,0.294501,0.659536,0.283963,500.989942
860,0.188065,8.085541,0.063709,0.309237,0.697256,0.299653,500.935117
861,0.198962,8.266302,0.058020,0.317740,0.696715,0.304390,500.070998
862,0.189191,8.177249,0.059727,0.354777,0.661886,0.321711,493.961910
863,0.186497,7.552944,0.058589,0.285039,0.685131,0.278461,475.862308
864,0.177483,7.932130,0.058589,0.302037,0.681899,0.284539,475.856940
865,0.181838,8.052512,0.061433,0.322966,0.671126,0.313996,500.443658
866,0.187401,8.364644,0.060296,0.328307,0.653470,0.306704,493.391594
867,0.184492,7.440013,0.056883,0.250762,0.691503,0.244434,484.352300
868,0.181393,7.755040,0.060296,0.299759,0.675550,0.282695,488.103044
869,0.185348,7.284072,0.063140,0.261235,0.688716,0.248197,477.115873
870,0.192064,7.819961,0.062571,0.292239,0.656642,0.273955,485.823022
871,0.190550,7.983842,0.056883,0.289249,0.683447,0.270161,483.745002
872,0.203822,7.704785,0.061433,0.265354,0.680122,0.264363,488.642908
873,0.192721,7.614036,0.058020,0.251656,0.685842,0.247444,504.922335
874,0.213014,7.831794,0.058020,0.297166,0.698079,0.286387,492.303840
875,0.203700,7.795017,0.057452,0.280391,0.689892,0.265576,471.593487
876,0.189297,8.123973,0.063140,0.312547,0.663902,0.282604,482.418316
877,0.184171,7.281882,0.057452,0.268918,0.673713,0.263171,504.693684
878,0.193730,7.638997,0.063140,0.270592,0.665875,0.244694,529.438564
879,0.215153,8.102347,0.058589,0.281273,0.671922,0.270249,490.935012
880,0.196191,8.504630,0.059158,0.299276,0.642324,0.294680,479.382288
881,0.184926,7.545359,0.060865,0.288940,0.699379,0.260352,462.935844
882,0.176886,7.839437,0.054039,0.282425,0.699194,0.280633,487.735115
883,0.176281,7.792791,0.063140,0.307476,0.687570,0.287591,489.481357
884,0.173131,7.409314,0.052332,0.259822,0.686652,0.236988,498.669241
885,0.172207,7.236423,0.053470,0.264127,0.695367,0.248328,493.671118
886,0.168207,7.548882,0.062002,0.241817,0.674589,0.232117,491.760390
887,0.172202,7.405425,0.055176,0.262451,0.690245,0.259350,492.301085
888,0.173558,7.361394,0.058589,0.266196,0.680354,0.246164,479.301459
889,0.171980,7.428911,0.062002,0.291025,0.695490,0.280254,625.366181
890,0.169756,7.442805,0.060865,0.310797,0.662641,0.299861,516.299654
891,0.169903,7.646418,0.054608,0.270156,0.680780,0.263255,483.501263
892,0.185629,6.800257,0.064278,0.236811,0.649271,0.220861,473.269985
893,0.196520,7.883457,0.058589,0.312014,0.668630,0.304401,465.423837
894,0.220717,7.296979,0.054608,0.242329,0.652114,0.238627,480.867721
895,0.196932,8.112433,0.062002,0.285541,0.619872,0.274760,502.676915
896,0.194122,8.101278,0.060865,0.307834,0.654827,0.297994,515.071798
897,0.191123,7.542296,0.060296,0.279113,0.677961,0.276593,518.419775
898,0.202035,7.864468,0.063709,0.291965,0.644839,0.270411,515.000588
899,0.192240,7.392395,0.061433,0.248299,0.668999,0.234816,513.565824
900,0.195676,8.127672,0.064278,0.313394,0.604214,0.288587,494.216433
901,0.186111,8.106343,0.061433,0.273204,0.656130,0.256048,475.645021
902,0.195519,8.085318,0.061433,0.297934,0.677205,0.285261,470.417560
903,0.208016,7.640347,0.054039,0.275979,0.710416,0.251701,469.912190
904,0.195832,7.747077,0.060865,0.298812,0.688138,0.283784,482.347739
905,0.193133,7.425114,0.060865,0.257175,0.685557,0.244414,466.722235
906,0.199901,8.472278,0.058589,0.278523,0.643850,0.267877,472.427705
907,0.208230,7.834413,0.062571,0.262980,0.656181,0.252973,486.540862
908,0.182357,7.889464,0.064278,0.286854,0.692088,0.287799,494.008923
909,0.188751,7.487652,0.058020,0.278898,0.678585,0.257398,473.927037
910,0.203295,7.694164,0.055745,0.261194,0.685037,0.228117,481.324731
911,0.178102,7.966968,0.059727,0.306929,0.682242,0.286629,518.916919
912,0.184750,8.206235,0.067122,0.310978,0.650528,0.301249,512.300059
913,0.182354,8.005638,0.060296,0.305830,0.671355,0.289748,560.260374
914,0.200002,7.756172,0.063140,0.274672,0.676730,0.262299,512.503901
915,0.211138,8.012774,0.064278,0.297264,0.654585,0.281758,513.630932
916,0.201656,7.947700,0.064278,0.338397,0.699994,0.313405,503.027498
917,0.210852,7.982535,0.060865,0.310640,0.678667,0.285758,509.111359
918,0.218848,7.400947,0.055176,0.227275,0.674260,0.206774,484.481832
919,0.216216,9.272849,0.062002,0.331714,0.613577,0.338349,478.988478
920,0.209294,7.321115,0.056314,0.255967,0.690326,0.238484,465.925394
921,0.198045,8.444185,0.060865,0.320583,0.681796,0.316847,499.137282
922,0.179966,7.997309,0.058589,0.271400,0.680958,0.261191,487.919910
923,0.179957,7.879465,0.057452,0.291320,0.690627,0.268535,491.925877
924,0.168885,7.651255,0.060296,0.309244,0.671006,0.286155,489.337785
925,0.167023,8.006726,0.059158,0.296905,0.688205,0.275153,474.172979
926,0.168052,7.447601,0.058020,0.280043,0.690284,0.264322,474.338551
927,0.176360,7.763678,0.057452,0.228942,0.680882,0.231913,486.851180
928,0.189115,7.886026,0.060296,0.318468,0.674199,0.303119,487.235850
929,0.175231,7.569265,0.062002,0.298763,0.680429,0.290106,494.348725
930,0.187005,7.559685,0.057452,0.269495,0.670520,0.260074,492.699447
931,0.182028,8.084722,0.061433,0.284825,0.669284,0.269580,468.774942
932,0.177443,7.971352,0.058020,0.266842,0.675177,0.263409,484.659815
933,0.182743,7.451818,0.049488,0.262377,0.656296,0.235289,492.350785
934,0.193730,8.319034,0.061433,0.283979,0.683426,0.272560,504.460088
935,0.205300,8.054235,0.059727,0.328406,0.676074,0.321680,499.804436
936,0.184626,7.697572,0.055745,0.237510,0.667787,0.231880,496.375054
937,0.231896,8.115386,0.052901,0.292204,0.681442,0.276311,473.766834
938,0.190727,7.507506,0.059727,0.276175,0.651696,0.255977,464.341834
939,0.178759,7.862683,0.061433,0.280931,0.681883,0.277068,494.572011
940,0.193026,7.717149,0.057452,0.262325,0.681995,0.259140,475.470039
941,0.200124,8.195737,0.060865,0.326672,0.660589,0.311010,490.616148
942,0.189014,8.083832,0.060865,0.308906,0.670538,0.287586,490.562092
943,0.216421,7.356912,0.052901,0.230387,0.634133,0.221783,486.995371
944,0.206974,8.038652,0.066553,0.332676,0.653597,0.312562,507.046417
945,0.186802,7.636848,0.054608,0.283457,0.699975,0.273739,500.370510
946,0.182618,8.329241,0.057452,0.305351,0.663256,0.308198,493.582455
947,0.192776,8.175707,0.065415,0.284966,0.681144,0.279175,472.806433
948,0.187349,7.612023,0.056314,0.242698,0.679656,0.231726,493.428863
949,0.178558,7.335607,0.055745,0.252767,0.688913,0.239640,480.047752
950,0.183034,8.448646,0.059158,0.319229,0.666433,0.305594,500.449900
951,0.214931,7.799757,0.059158,0.256416,0.683351,0.237075,486.566577
952,0.237161,8.020624,0.059727,0.249608,0.669839,0.243712,485.947765
953,0.216889,8.447242,0.063709,0.314937,0.680512,0.300621,489.412657
954,0.192738,8.083208,0.058020,0.318929,0.705290,0.303350,501.943612
955,0.185358,7.530052,0.060865,0.283759,0.644218,0.273991,502.313713
956,0.182338,7.642213,0.060865,0.261528,0.682929,0.258048,503.612616
957,0.180312,8.178359,0.062002,0.321258,0.673317,0.293593,496.815423
958,0.178514,7.891152,0.062571,0.298570,0.668394,0.290377,502.633893
959,0.181650,7.424048,0.058020,0.265549,0.665943,0.236052,668.101426
960,0.175555,7.691339,0.061433,0.265709,0.673698,0.248364,633.611491
961,0.170817,7.520531,0.059727,0.302186,0.692842,0.288794,731.719467
962,0.171437,8.076369,0.063709,0.296506,0.659981,0.300509,733.458718
963,0.184686,7.915477,0.063709,0.303695,0.689081,0.298640,561.503599
964,0.211010,7.551648,0.055745,0.244189,0.679238,0.234428,597.274921
965,0.213305,7.511696,0.054039,0.263377,0.655632,0.255866,561.232318
966,0.203225,8.377550,0.068259,0.321751,0.646090,0.315423,494.750858
967,0.207677,7.796497,0.063140,0.292092,0.670618,0.282622,498.427675
968,0.195166,7.716042,0.059158,0.248022,0.690875,0.241210,498.743112
969,0.196187,7.850235,0.062002,0.282330,0.681648,0.264052,502.055888
970,0.181367,7.859014,0.063140,0.271367,0.667504,0.264806,510.181828
971,0.170590,8.085793,0.060865,0.309625,0.682142,0.297188,503.093646
972,0.169043,7.262393,0.056314,0.243946,0.656686,0.219165,503.835577
973,0.160747,7.220088,0.057452,0.242269,0.682837,0.231648,503.989765
974,0.173428,7.602919,0.058020,0.266483,0.694618,0.261705,504.450954
975,0.174490,7.884135,0.059158,0.264598,0.665262,0.259384,491.009598
976,0.182566,7.308594,0.059727,0.284858,0.688012,0.270008,497.634850
977,0.171979,7.882936,0.064846,0.286591,0.663454,0.271392,538.195881
978,0.170042,7.138286,0.058020,0.244826,0.664232,0.232040,499.302674
979,0.164288,7.631268,0.059727,0.285720,0.662821,0.269207,551.637393
980,0.170219,7.735806,0.055176,0.268683,0.682414,0.251491,538.492748
981,0.166514,7.498455,0.058020,0.274090,0.695556,0.252664,530.261603
982,0.170791,7.510585,0.054039,0.278461,0.671144,0.268858,502.154694
983,0.169584,8.021921,0.060296,0.280027,0.662233,0.278053,559.996224
984,0.183139,7.313896,0.056883,0.246775,0.673643,0.245622,639.254328
985,0.183206,7.589337,0.055745,0.251210,0.680355,0.238851,512.096511
986,0.181334,7.773161,0.067691,0.325458,0.650615,0.312438,488.107419
987,0.200990,7.147285,0.053470,0.230736,0.666642,0.220990,489.716825
988,0.195022,7.633377,0.055745,0.250111,0.669008,0.231081,480.174034
989,0.235737,7.320111,0.064846,0.266417,0.683025,0.254603,497.900906
990,0.210007,8.181932,0.059727,0.328609,0.661121,0.310121,498.260315
991,0.199862,8.221933,0.063709,0.313048,0.640208,0.297763,487.313153
992,0.207536,7.451035,0.056883,0.248244,0.679621,0.229978,501.785810
993,0.179371,8.233694,0.062571,0.305989,0.670467,0.295244,506.638749
994,0.196714,7.603627,0.060296,0.270791,0.676983,0.260494,498.565385
995,0.184429,7.500840,0.059727,0.250056,0.694548,0.235883,496.393925
996,0.183963,7.595666,0.055176,0.240303,0.633220,0.228037,505.808157
997,0.173799,7.997819,0.060865,0.320345,0.663082,0.308650,503.663655
998,0.176838,7.523120,0.065984,0.305753,0.639214,0.296185,504.099179
999,0.184023,8.344934,0.062571,0.315101,0.664833,0.299914,507.662046
1000,0.179412,7.485812,0.060296,0.276945,0.661375,0.255646,505.353604
