epoch,train_loss,avg_valid_loss,valid_accuracy,valid_kappa,valid_kappa_exp,time
1,inf,3.163254,0.736633,-0.002863,0.037593,689.103445
2,3.148623,3.104303,0.735495,-0.003824,0.089721,704.934178
3,3.086514,3.042887,0.736633,-0.003797,0.214806,667.042320
4,3.015139,2.946083,0.736633,0.095654,0.318665,690.570941
5,2.944765,3.000582,0.733220,0.306336,0.376972,687.745868
6,2.897955,2.908422,0.742890,0.311447,0.363680,709.626397
7,2.855843,2.979959,0.730944,0.481465,0.395185,710.013394
8,2.820180,2.890083,0.733788,0.416862,0.421078,666.223109
9,2.785222,2.802992,0.749147,0.410396,0.478367,672.809563
10,2.755834,3.592444,0.525028,0.345659,0.262367,655.125392
11,2.724941,2.790430,0.754835,0.487048,0.470287,665.978952
12,2.686341,3.098787,0.745734,0.185328,0.275987,667.315048
13,2.658836,2.648689,0.778157,0.515076,0.540154,687.584948
14,2.621700,2.744957,0.759954,0.570300,0.533024,672.578090
15,2.588475,2.693710,0.761092,0.468906,0.545899,676.000206
16,2.555335,2.554722,0.782708,0.592661,0.605473,667.319321
17,2.523194,2.579605,0.767918,0.414640,0.561917,669.787116
18,2.483207,2.489187,0.779863,0.464371,0.548334,677.535798
19,2.460906,2.487478,0.780432,0.506023,0.589515,664.797213
20,2.431549,2.447949,0.803185,0.659844,0.681316,673.593869
21,2.417841,2.377867,0.790671,0.562202,0.661050,662.472289
22,2.393522,2.384778,0.798635,0.634250,0.658733,669.231819
23,2.379515,2.329381,0.807167,0.595666,0.658287,663.163311
24,2.349117,2.422218,0.792947,0.640677,0.659436,667.003740
25,2.336761,2.439838,0.794084,0.667619,0.658259,673.459303
26,2.311233,2.456446,0.794653,0.539611,0.582848,666.092766
27,2.300819,2.691057,0.732082,0.590096,0.580865,670.248044
28,2.280227,2.251524,0.809443,0.668998,0.684173,664.318738
29,2.261345,2.294140,0.813993,0.678294,0.714448,667.698579
30,2.246593,2.230850,0.804323,0.621062,0.678722,657.845136
31,2.228867,2.287815,0.794653,0.540808,0.610036,667.919484
32,2.215721,2.167135,0.816837,0.674249,0.706704,658.951854
33,2.201331,2.230731,0.788396,0.612208,0.680397,664.712936
34,2.180736,2.196142,0.807167,0.589448,0.643445,832.484301
35,2.166489,2.132056,0.818544,0.698913,0.735297,669.981430
36,2.153777,2.176533,0.810011,0.644365,0.696891,664.706062
37,2.138985,2.130358,0.813993,0.679327,0.708441,672.702711
38,2.131723,2.166572,0.814562,0.698533,0.733950,659.608722
39,2.113895,2.091709,0.812856,0.684964,0.724985,663.725350
40,2.103970,2.169980,0.808874,0.700303,0.709022,672.097091
41,2.095706,2.059971,0.816837,0.677008,0.740892,674.485357
42,2.078305,2.114582,0.818544,0.646730,0.691284,693.844060
43,2.068245,2.113736,0.812856,0.682945,0.742667,695.316749
44,2.051261,2.074525,0.802617,0.653625,0.704677,680.913680
45,2.039687,2.038553,0.817406,0.655666,0.690718,673.003713
46,2.026736,2.041613,0.821957,0.697578,0.723144,695.609055
47,2.016082,1.999449,0.822526,0.690899,0.733971,691.911308
48,1.999975,2.089825,0.807736,0.625147,0.663288,668.259882
49,1.991777,1.990947,0.822526,0.648373,0.705706,686.488193
50,1.978494,1.965914,0.826507,0.703631,0.734109,674.716793
51,1.967165,2.016036,0.810011,0.632583,0.698770,693.120809
52,1.962052,1.979886,0.811718,0.635771,0.715669,690.762966
53,1.938071,1.914323,0.825939,0.727114,0.738230,699.978274
54,1.931895,1.934237,0.820819,0.681510,0.722789,671.130736
55,1.919577,1.919952,0.829352,0.733873,0.732001,666.312211
56,1.911590,1.956160,0.820250,0.657877,0.692695,661.950214
57,1.902446,1.895336,0.810580,0.640002,0.725547,669.778906
58,1.886160,1.955467,0.812287,0.602869,0.663231,667.527092
59,1.880617,1.958019,0.811718,0.658893,0.707246,686.155230
60,1.871753,1.953725,0.826507,0.718160,0.733136,663.874813
61,1.856566,1.868495,0.824232,0.717635,0.756983,663.610716
62,1.848776,1.895832,0.824232,0.714085,0.745188,666.885039
63,1.837772,1.887213,0.813424,0.673218,0.713059,669.577903
64,1.836679,1.879940,0.813424,0.688954,0.741383,666.905959
65,1.824835,1.826447,0.819113,0.713683,0.770974,660.671383
66,1.808950,1.822041,0.825939,0.697985,0.730727,668.363322
67,1.805917,1.843199,0.819113,0.686855,0.704860,658.427964
68,1.798739,1.938975,0.810011,0.678089,0.691011,667.253529
69,1.780915,1.799211,0.819681,0.696556,0.743070,664.458604
70,1.774177,2.020275,0.792947,0.715043,0.711007,661.654184
71,1.761636,1.797009,0.828783,0.747640,0.763789,663.626456
72,1.757735,1.789151,0.817406,0.679557,0.725826,661.717446
73,1.742946,1.804254,0.828214,0.726731,0.749526,657.265597
74,1.741463,1.844370,0.819681,0.655427,0.690954,692.342054
75,1.734414,1.776555,0.825939,0.670853,0.725235,688.070112
76,1.722872,1.749240,0.818544,0.703178,0.762638,665.900631
77,1.708804,1.802292,0.823094,0.664523,0.707963,673.976887
78,1.712350,1.739768,0.825939,0.714262,0.733001,688.461671
79,1.697014,1.755219,0.831627,0.710725,0.728891,663.214796
80,1.685081,1.775443,0.835040,0.735493,0.751643,675.063620
81,1.673084,1.761627,0.816268,0.639272,0.708901,653.518813
82,1.674145,1.794623,0.817406,0.650295,0.688333,663.275868
83,1.660460,1.741404,0.829352,0.721742,0.740291,662.933251
84,1.658423,1.685581,0.836177,0.728209,0.751713,664.590541
85,1.654221,1.677877,0.827076,0.664998,0.711117,658.379659
86,1.642957,1.780388,0.807736,0.699491,0.709356,667.131595
87,1.638691,1.670866,0.836746,0.740205,0.750686,697.415220
88,1.622881,1.675862,0.823094,0.721270,0.772350,689.070064
89,1.616006,1.708874,0.820250,0.651042,0.712513,677.730323
90,1.602933,1.750070,0.823663,0.677339,0.708065,672.461398
91,1.599643,1.728290,0.825939,0.731394,0.754110,680.108284
92,1.595676,1.696599,0.817406,0.684225,0.727019,666.471885
93,1.595759,1.653236,0.833333,0.722465,0.744593,680.479499
94,1.584894,1.708427,0.825939,0.699913,0.721768,671.950303
95,1.576612,1.643914,0.824232,0.699762,0.746645,683.399255
96,1.568350,1.681719,0.816268,0.712048,0.743950,653.207110
97,1.564019,1.625914,0.817975,0.674232,0.740305,660.831307
98,1.555138,1.671620,0.817975,0.660284,0.702546,672.699992
99,1.551495,1.598812,0.837315,0.748795,0.773450,663.965128
100,1.535165,1.594626,0.823094,0.687166,0.745433,655.356819
101,1.542927,1.588478,0.829352,0.732258,0.775474,658.307321
102,1.529338,1.622244,0.835040,0.749539,0.753338,661.687458
103,1.523245,1.610448,0.833902,0.753290,0.783194,686.116603
104,1.518427,1.588368,0.839590,0.759693,0.760867,672.198248
105,1.509169,1.634633,0.821388,0.696640,0.724196,682.928465
106,1.504034,1.624988,0.821388,0.689223,0.741488,664.173453
107,1.502765,1.584992,0.835609,0.748847,0.748339,684.319418
108,1.494283,1.514952,0.828783,0.719881,0.771245,670.715749
109,1.492548,1.537135,0.822526,0.673854,0.738658,663.200401
110,1.482752,1.752317,0.817406,0.653652,0.715420,659.891734
111,1.477126,1.685655,0.805461,0.693064,0.713910,656.209812
112,1.464610,1.587401,0.832196,0.727754,0.760181,650.781944
113,1.465254,1.561102,0.831627,0.722761,0.749183,658.353226
114,1.452534,1.517358,0.840728,0.751192,0.746547,653.972171
115,1.453549,1.568317,0.839590,0.720811,0.740394,680.601254
116,1.452266,1.511473,0.829920,0.698661,0.741680,685.280366
117,1.438806,1.520595,0.830489,0.742703,0.753229,682.090902
118,1.437391,1.549217,0.833902,0.732281,0.765369,658.511809
119,1.427921,1.529906,0.837884,0.748844,0.755087,685.465927
120,1.423105,1.591050,0.823663,0.677049,0.729489,671.817857
121,1.422027,1.542754,0.826507,0.718931,0.744342,670.498111
122,1.409179,1.605591,0.823094,0.665907,0.718202,672.373731
123,1.410061,1.559684,0.821957,0.732762,0.761240,681.118287
124,1.400363,1.561815,0.828214,0.685127,0.725922,663.712489
125,1.401043,1.501193,0.827076,0.714006,0.742759,675.147941
126,1.389136,1.497805,0.833902,0.752326,0.779813,684.456236
127,1.386712,1.547739,0.831058,0.723719,0.752751,658.078260
128,1.380955,1.575338,0.840728,0.739928,0.755458,659.435623
129,1.378436,1.505406,0.829920,0.768926,0.780374,659.698278
130,1.367992,1.444763,0.840728,0.766507,0.781905,663.191388
131,1.364238,1.574116,0.825370,0.687757,0.719297,664.003418
132,1.360852,1.495980,0.829920,0.731908,0.738306,668.197017
133,1.358973,1.563025,0.834471,0.728847,0.739478,655.416401
134,1.351115,1.548814,0.820819,0.681303,0.734692,682.189311
135,1.349530,1.531214,0.829920,0.742721,0.761028,680.735287
136,1.343255,1.507976,0.823094,0.678444,0.727074,656.615597
137,1.336665,1.495967,0.825939,0.706165,0.751231,662.664687
138,1.337508,1.472089,0.833333,0.733642,0.737575,662.964082
139,1.329953,1.542651,0.823094,0.698295,0.739432,694.991700
140,1.320612,1.501509,0.830489,0.751892,0.761714,686.854761
141,1.314644,1.507369,0.823094,0.717766,0.750203,693.618123
142,1.311672,1.449899,0.840728,0.757285,0.782979,680.781790
143,1.312955,1.486526,0.829352,0.719361,0.743075,681.528908
144,1.306267,1.534770,0.829352,0.704820,0.732904,694.016142
145,1.302172,1.416051,0.836177,0.762586,0.776025,661.770483
146,1.294521,1.538915,0.831058,0.699578,0.726237,676.900235
147,1.290637,1.438215,0.831058,0.709037,0.746700,676.512066
148,1.289870,1.502131,0.836746,0.722811,0.754515,680.515917
149,1.283126,1.471030,0.835040,0.736698,0.761509,671.502347
150,1.275282,1.454780,0.833333,0.714844,0.748076,679.145346
151,1.266536,1.456095,0.831058,0.743675,0.775660,677.980460
152,1.272661,1.434888,0.839590,0.740416,0.768627,624.268514
153,1.265776,1.457358,0.845848,0.767970,0.779166,640.528904
154,1.261265,1.431304,0.831627,0.742904,0.771843,669.517250
155,1.246822,1.473049,0.840159,0.745034,0.757591,637.563163
156,1.254748,1.453449,0.827076,0.708205,0.750232,636.063674
157,1.244968,1.443269,0.836177,0.708043,0.753016,620.568235
158,1.242218,1.644754,0.813993,0.626911,0.690194,641.153235
159,1.246663,1.482319,0.835609,0.741531,0.742792,659.135629
160,1.235607,1.428721,0.835040,0.751999,0.763901,623.134683
161,1.231832,1.554481,0.831627,0.697428,0.707778,646.503233
162,1.230060,1.569234,0.821957,0.666553,0.703987,620.659719
163,1.220553,1.416622,0.836177,0.749447,0.770124,617.356638
164,1.219427,1.440642,0.835040,0.755114,0.783569,617.961418
165,1.217262,1.546276,0.829352,0.721072,0.750371,616.624431
166,1.212548,1.502909,0.816837,0.654606,0.716516,621.361412
167,1.212009,1.449622,0.832765,0.736478,0.752970,624.097169
168,1.199118,1.442968,0.839022,0.746849,0.771245,617.902017
169,1.201309,1.468607,0.829920,0.751939,0.765832,621.920723
170,1.196400,1.561665,0.829352,0.737627,0.761258,620.297282
171,1.199225,1.525839,0.808305,0.737103,0.738899,624.742707
172,1.189953,1.399524,0.833333,0.741678,0.760427,620.162886
173,1.183558,1.426245,0.829920,0.736362,0.774324,624.835949
174,1.176234,1.484877,0.820819,0.741778,0.759410,625.380378
175,1.173422,1.412915,0.828214,0.716927,0.751055,617.627019
176,1.168294,1.467037,0.837884,0.737050,0.751095,622.575687
177,1.167040,1.459309,0.839590,0.751641,0.769352,618.556203
178,1.167715,1.481045,0.823663,0.729092,0.729756,619.394061
179,1.160661,1.694858,0.773606,0.672550,0.667672,619.584611
180,1.154630,1.481429,0.831058,0.747982,0.753015,620.674667
181,1.157288,1.408697,0.836746,0.750587,0.755687,616.628610
182,1.145565,1.470606,0.824801,0.691734,0.710434,622.202839
183,1.142759,1.443291,0.825370,0.725055,0.736983,630.123706
184,1.144788,1.518255,0.812287,0.699602,0.731063,625.191540
185,1.137493,1.590934,0.814562,0.701885,0.724608,619.587276
186,1.139167,1.508024,0.830489,0.684649,0.717188,617.931225
187,1.129391,1.492902,0.828783,0.703665,0.739103,618.131689
188,1.128265,1.553585,0.803185,0.706775,0.728328,618.396716
189,1.115998,1.427664,0.832196,0.760894,0.777255,632.603102
190,1.126321,1.414378,0.828214,0.743493,0.754927,618.158793
191,1.109927,1.554671,0.822526,0.752417,0.757182,616.081374
192,1.107492,1.499630,0.836177,0.739800,0.757480,615.178573
193,1.099618,1.480082,0.828214,0.710633,0.753197,617.566692
194,1.102979,1.432511,0.832765,0.734953,0.750333,612.601896
195,1.098602,1.488510,0.827076,0.734631,0.756860,618.988747
196,1.097291,1.470583,0.821957,0.716549,0.742839,614.563034
197,1.097680,1.497436,0.819681,0.714837,0.736321,616.567052
198,1.094038,1.477534,0.825370,0.730220,0.745752,617.374934
199,1.080338,1.485691,0.831058,0.708818,0.722994,616.741164
200,1.081985,1.512077,0.832765,0.736324,0.751420,629.619037
201,1.083602,1.483736,0.814562,0.724399,0.754643,631.466978
202,1.077689,1.446294,0.832196,0.732035,0.745083,624.583291
203,1.072205,1.414174,0.824801,0.753148,0.785402,626.461771
204,1.067844,1.559286,0.824232,0.716000,0.739901,626.919969
205,1.066809,1.517985,0.820819,0.740084,0.748189,620.799897
206,1.064644,1.450342,0.835040,0.721716,0.752014,618.922758
207,1.061702,1.500265,0.834471,0.723492,0.738529,622.700436
208,1.058894,1.503848,0.825939,0.721874,0.743000,617.739246
209,1.059633,1.425182,0.844710,0.766079,0.764407,617.651715
210,1.055306,1.566986,0.822526,0.711029,0.735135,624.158679
211,1.048479,1.453691,0.815700,0.743191,0.773141,625.600580
212,1.047293,1.421148,0.839590,0.738307,0.766101,616.117202
213,1.040078,1.624046,0.818544,0.673345,0.681755,621.420604
214,1.038209,1.520524,0.824232,0.714121,0.728393,632.133280
215,1.030435,1.516132,0.816837,0.670250,0.729035,620.341715
216,1.028884,1.488602,0.821388,0.735430,0.757972,626.971201
217,1.030793,1.525618,0.836746,0.724330,0.738681,645.491295
218,1.026726,1.540144,0.825939,0.715636,0.740759,632.724889
219,1.020164,1.706671,0.777588,0.685370,0.702570,633.216122
220,1.014749,1.596632,0.812287,0.741627,0.752157,626.227445
221,1.018891,1.519716,0.831058,0.752709,0.751844,628.977532
222,1.012291,1.561278,0.812856,0.714487,0.760559,623.184075
223,1.002334,1.623411,0.816268,0.682948,0.706006,620.612128
224,1.004898,1.592930,0.822526,0.730635,0.746470,620.574708
225,0.993603,1.708690,0.794653,0.683706,0.711213,619.679301
226,1.004351,1.549069,0.806598,0.719395,0.739697,618.699909
227,0.985343,1.511586,0.817406,0.733105,0.751366,621.115288
228,0.984330,1.573302,0.809443,0.741044,0.743366,624.449177
229,0.983935,1.569562,0.817406,0.693823,0.719581,629.585228
230,0.988990,1.651763,0.831058,0.707627,0.738329,618.706228
231,0.982284,1.520617,0.828214,0.742861,0.756308,631.683425
232,0.977311,1.480018,0.840728,0.775354,0.784392,627.602381
233,0.983511,1.596109,0.800910,0.725471,0.727327,648.993014
234,0.977404,1.476296,0.827645,0.748112,0.768009,650.014233
235,0.976029,1.577423,0.823094,0.717025,0.764957,627.421811
236,0.962245,1.579255,0.825370,0.749962,0.762751,629.572571
237,0.957096,1.545942,0.821957,0.735971,0.753500,620.217077
238,0.973130,1.576583,0.831627,0.728265,0.748834,621.682143
239,0.955204,1.552396,0.827645,0.730127,0.753789,636.041039
240,0.962452,1.883038,0.715586,0.636926,0.671755,620.540328
241,0.954278,1.543936,0.817975,0.747680,0.763362,624.320655
242,0.942283,1.606431,0.826507,0.717722,0.735140,628.788262
243,0.943287,1.622917,0.812856,0.708714,0.734599,618.645764
244,0.945373,1.667006,0.805461,0.727214,0.752251,617.145117
245,0.939568,1.478547,0.839022,0.764588,0.779082,616.332582
246,0.927365,1.556859,0.808874,0.687841,0.730673,619.340602
247,0.929519,1.581239,0.800341,0.718519,0.742906,617.383676
248,0.919890,1.655894,0.823094,0.730299,0.745667,623.058381
249,0.924239,1.524471,0.826507,0.757529,0.755964,624.585326
250,0.924324,1.698760,0.827076,0.683120,0.710499,633.706241
251,0.925266,1.591512,0.835609,0.757698,0.764947,645.894762
252,0.920867,1.657562,0.799772,0.715047,0.729890,634.119916
253,0.916660,1.831557,0.808874,0.609643,0.657438,630.336736
254,0.900231,1.649562,0.790102,0.692830,0.721508,632.003670
255,0.911302,1.642264,0.787827,0.698251,0.710105,628.262039
256,0.906039,1.577067,0.809443,0.759657,0.766936,650.767659
257,0.891371,1.682538,0.830489,0.718150,0.738916,645.550643
258,0.894865,1.657400,0.792947,0.732465,0.738554,630.916722
259,0.891462,1.681509,0.805461,0.749084,0.760145,630.089350
260,0.901311,1.772453,0.833333,0.724281,0.728276,638.024282
261,0.887311,1.645403,0.782139,0.728457,0.728685,636.307710
262,0.874696,1.718629,0.823663,0.741510,0.746224,637.494129
263,0.871242,1.873000,0.768487,0.668956,0.699253,634.059809
264,0.882822,1.755663,0.781001,0.684452,0.705096,636.157123
265,0.887742,1.631538,0.812856,0.715629,0.741611,629.746239
266,0.862675,1.624775,0.799204,0.714679,0.746660,629.644929
267,0.867239,1.685221,0.812287,0.716770,0.740284,627.718479
268,0.870182,1.719431,0.798635,0.711967,0.723322,632.513294
269,0.869372,1.741534,0.797497,0.727009,0.741222,637.170182
270,0.859261,1.598588,0.824232,0.731461,0.722543,638.907748
271,0.850674,1.730069,0.808874,0.721702,0.739959,636.548153
272,0.853377,1.914913,0.823663,0.690986,0.687585,641.903627
273,0.862442,1.701012,0.815131,0.716076,0.740147,633.826156
274,0.848664,1.657403,0.811149,0.695630,0.713321,633.357736
275,0.855544,1.741868,0.816268,0.732442,0.735459,651.965341
276,0.841631,1.727865,0.785552,0.736558,0.749595,650.190138
277,0.848986,1.741880,0.801479,0.715296,0.746283,636.003082
278,0.835453,1.796252,0.815131,0.725849,0.746068,630.541356
279,0.836230,1.699290,0.824801,0.753105,0.772785,625.888767
280,0.835056,1.809606,0.797497,0.688172,0.719260,623.849053
281,0.832825,1.741485,0.803754,0.708088,0.728109,631.181517
282,0.839626,1.817846,0.808874,0.701792,0.711695,639.261087
283,0.817239,1.884992,0.820819,0.711845,0.733417,636.538344
284,0.814890,1.769706,0.811718,0.713537,0.745301,619.104900
285,0.824702,1.826569,0.791809,0.675338,0.718244,618.714168
286,0.814229,1.714817,0.820250,0.710670,0.732498,618.286530
287,0.812582,1.722334,0.775882,0.665354,0.690463,622.718669
288,0.827920,1.810648,0.820819,0.713294,0.747216,621.118371
289,0.809636,1.796183,0.773606,0.702772,0.715494,623.696768
290,0.801608,1.820306,0.786689,0.692987,0.719036,620.559835
291,0.800059,1.735374,0.812856,0.727842,0.733116,624.904547
292,0.800727,1.915489,0.791240,0.675509,0.702165,620.935483
293,0.796687,1.848937,0.831627,0.731533,0.727065,629.383715
294,0.795132,1.837687,0.792947,0.707587,0.748485,623.191096
295,0.798491,1.796876,0.795222,0.684093,0.703865,630.608069
296,0.786726,1.872148,0.773606,0.708641,0.721864,623.870050
297,0.788681,1.872891,0.809443,0.707951,0.737602,630.556953
298,0.787094,1.792894,0.798066,0.732924,0.742518,627.475197
299,0.784839,1.667090,0.800341,0.716009,0.731734,620.437179
300,0.784483,1.780696,0.807736,0.693343,0.727033,622.297539
301,0.775117,1.717058,0.815700,0.726687,0.752659,618.229860
302,0.791081,1.779083,0.812287,0.726771,0.727063,620.544444
303,0.766798,1.745070,0.825370,0.733573,0.739830,624.249597
304,0.767354,1.810676,0.810011,0.757670,0.759219,636.857396
305,0.769175,1.770846,0.796928,0.707866,0.725826,626.799759
306,0.762514,1.827266,0.787827,0.735597,0.749370,621.769760
307,0.762505,1.874061,0.819681,0.738388,0.735518,620.284576
308,0.763166,1.878502,0.785552,0.664381,0.686676,620.556268
309,0.770900,1.857111,0.809443,0.747601,0.765924,633.044695
310,0.746191,1.917139,0.778726,0.703872,0.741630,639.357028
311,0.759198,1.864113,0.807736,0.711348,0.731230,622.087025
312,0.751336,1.860385,0.815131,0.721020,0.733561,621.424900
313,0.759628,1.972131,0.821957,0.722303,0.752367,623.355080
314,0.757956,1.797027,0.812856,0.708119,0.737235,624.744610
315,0.755415,1.948732,0.826507,0.695829,0.731032,619.808419
316,0.756539,1.960602,0.809443,0.684914,0.695026,618.752489
317,0.752165,1.804303,0.775882,0.673159,0.707373,638.379161
318,0.738184,2.107285,0.789534,0.684896,0.696307,618.898351
319,0.753040,1.917097,0.804892,0.717406,0.737580,621.608011
320,0.738367,1.736405,0.806030,0.744551,0.745384,618.275543
321,0.739358,1.955529,0.817975,0.720695,0.740537,619.704427
322,0.728705,1.894765,0.827645,0.766512,0.781042,623.985494
323,0.731777,1.880107,0.795222,0.722019,0.736761,619.663617
324,0.747491,1.971929,0.811149,0.700853,0.731383,628.918588
325,0.723913,2.087849,0.816837,0.700400,0.700911,627.879799
326,0.728824,1.937138,0.817975,0.686122,0.698985,624.085356
327,0.726104,1.807432,0.807167,0.701309,0.723815,637.439033
328,0.722640,1.914047,0.819113,0.722755,0.742442,618.987493
329,0.720101,1.876783,0.798066,0.727179,0.741662,617.176295
330,0.715449,2.007784,0.800910,0.712508,0.722117,626.385925
331,0.739597,1.793365,0.815131,0.738439,0.755541,621.392203
332,0.705436,1.990724,0.813424,0.701117,0.708073,619.242505
333,0.704633,2.095942,0.793515,0.699045,0.708174,622.662559
334,0.718470,1.901048,0.802048,0.720881,0.737478,619.600942
335,0.712880,2.018132,0.825939,0.748361,0.756580,624.244890
336,0.713671,2.071036,0.748009,0.705309,0.714868,615.656112
337,0.717468,2.057109,0.770193,0.674676,0.697874,623.324948
338,0.695729,1.930652,0.816268,0.739736,0.745314,614.947349
339,0.695128,1.968053,0.809443,0.723772,0.734853,616.844536
340,0.708336,1.948432,0.796359,0.719238,0.719717,615.748428
341,0.702917,2.044710,0.813424,0.694738,0.718454,620.870403
342,0.688147,2.004710,0.810011,0.726232,0.719203,618.613874
343,0.690229,1.940999,0.815131,0.726936,0.748361,622.532817
344,0.699318,1.903228,0.802617,0.690904,0.707655,617.044338
345,0.695203,1.865950,0.796928,0.734501,0.745152,617.631149
346,0.689578,1.991205,0.771900,0.672520,0.701030,617.283513
347,0.686213,1.976291,0.799772,0.714135,0.727454,620.103386
348,0.683066,2.052829,0.814562,0.714316,0.733386,626.492083
349,0.688807,2.014005,0.768487,0.660862,0.690364,622.812068
350,0.677122,2.117601,0.772469,0.685775,0.699332,616.758374
351,0.691228,2.025596,0.771331,0.669279,0.696967,617.796926
352,0.677453,1.905236,0.796928,0.709987,0.750170,619.126987
353,0.688589,1.950166,0.799772,0.708338,0.718712,618.330176
354,0.676056,2.095986,0.791809,0.689434,0.704712,616.759547
355,0.677453,1.938890,0.796928,0.730755,0.732128,615.804917
356,0.666447,1.981935,0.811718,0.709002,0.726605,615.810219
357,0.667240,1.946346,0.805461,0.700371,0.716923,618.644736
358,0.669072,2.033746,0.767349,0.704336,0.713707,617.685521
359,0.669651,2.031271,0.807736,0.702234,0.716401,621.443363
360,0.669597,1.991721,0.815700,0.726571,0.729212,623.161036
361,0.664446,2.067354,0.806030,0.681517,0.719947,634.653264
362,0.654504,2.063563,0.811718,0.706058,0.732658,617.829674
363,0.661011,1.837425,0.813993,0.745920,0.763122,617.625764
364,0.667719,1.904718,0.802048,0.724425,0.735444,616.634644
365,0.661139,1.962410,0.810580,0.718321,0.746072,615.356574
366,0.660539,2.192290,0.722981,0.605574,0.662377,618.935837
367,0.652792,2.212417,0.725825,0.668651,0.691233,614.365332
368,0.663885,1.974272,0.799204,0.725224,0.741455,617.114597
369,0.670138,2.115244,0.801479,0.715856,0.724065,622.737101
370,0.668101,1.976552,0.798066,0.715990,0.747904,618.299262
371,0.653371,2.048198,0.784414,0.700731,0.719664,615.669555
372,0.641235,2.048294,0.817975,0.728302,0.735076,619.319308
