epoch,train_loss,avg_valid_loss,valid_accuracy,valid_kappa,valid_kappa_exp,valid_kappa_mc,time
1,2.591205,1.796041,0.659841,0.392079,0.367253,0.367253,422.894291
2,2.388827,1.657009,0.741752,0.261701,0.346543,0.346543,428.204153
3,2.293396,1.716032,0.725256,0.437554,0.471271,0.471271,424.290902
4,2.230137,1.812903,0.748009,0.196031,0.237611,0.237611,423.762843
5,2.169978,1.834690,0.739477,0.333546,0.362700,0.362700,427.036466
6,2.119544,1.592222,0.724687,0.490897,0.528627,0.528627,422.758614
7,2.061357,1.579679,0.735495,0.535441,0.561706,0.561706,426.913290
8,2.022627,1.689307,0.662116,0.466812,0.498702,0.498702,434.771701
9,1.981040,1.626373,0.725825,0.500327,0.531019,0.531019,442.478654
10,1.958446,1.461118,0.768487,0.577498,0.613064,0.613064,425.972371
11,1.931596,1.536895,0.769056,0.484872,0.515823,0.515823,431.487123
12,1.896915,1.501404,0.783276,0.574787,0.609996,0.609996,442.791040
13,1.879771,1.482881,0.773038,0.621454,0.652579,0.652579,443.757672
14,1.870492,1.529723,0.780432,0.510947,0.520857,0.520857,427.200618
15,1.856678,1.690401,0.675199,0.515225,0.538363,0.538363,425.049449
16,1.833251,1.558059,0.777588,0.483499,0.507958,0.507958,425.095272
17,1.832388,1.383753,0.786121,0.585287,0.619688,0.619688,441.730930
18,1.801350,1.488514,0.738339,0.604088,0.634206,0.634206,441.288361
19,1.795632,1.320058,0.794653,0.660226,0.687566,0.687566,445.952978
20,1.775044,1.452260,0.768487,0.578043,0.615252,0.615252,442.893875
21,1.770202,1.468802,0.781001,0.576259,0.601462,0.601462,445.676460
22,1.758290,1.331034,0.784983,0.625074,0.653324,0.653324,429.248063
23,1.747347,1.343349,0.781001,0.626439,0.667783,0.667783,433.881220
24,1.733954,1.351885,0.781570,0.656379,0.675899,0.675899,438.068204
25,1.711239,1.308262,0.786121,0.686150,0.692180,0.692180,427.436168
26,1.709585,1.366470,0.788396,0.641761,0.682790,0.682790,453.897610
27,1.696736,1.292422,0.793515,0.638957,0.680356,0.680356,427.471396
28,1.687073,1.350259,0.795791,0.554332,0.604477,0.604477,435.522120
29,1.677728,1.271261,0.792378,0.630789,0.673133,0.673133,449.577460
30,1.663104,1.345988,0.777588,0.638882,0.671203,0.671203,425.897135
31,1.654371,1.277067,0.794653,0.669236,0.709781,0.709781,426.856219
32,1.647713,1.338161,0.793515,0.647667,0.676586,0.676586,436.298380
33,1.634478,1.321380,0.762799,0.648670,0.674349,0.674349,421.950548
34,1.632504,1.260541,0.795222,0.658233,0.687419,0.687419,429.017118
35,1.618926,1.249555,0.802617,0.639589,0.678519,0.678519,424.362121
36,1.606522,1.224612,0.803754,0.625560,0.666714,0.666714,427.330549
37,1.601227,1.236811,0.799204,0.693748,0.719983,0.719983,428.209979
38,1.587047,1.278254,0.769625,0.635493,0.673093,0.673093,424.152247
39,1.569513,1.295303,0.773606,0.669480,0.695847,0.695847,433.596047
40,1.567083,1.218302,0.801479,0.626042,0.654008,0.654008,427.618967
41,1.563433,1.199409,0.798635,0.639326,0.669355,0.669355,423.272741
42,1.559849,1.182718,0.804323,0.679660,0.706431,0.706431,426.497549
43,1.543275,1.445402,0.780432,0.503672,0.529596,0.529596,424.805602
44,1.541098,1.241672,0.800910,0.621034,0.646399,0.646399,430.347715
45,1.534039,1.192966,0.803185,0.691675,0.704079,0.704079,442.836765
46,1.518148,1.228487,0.793515,0.567226,0.602949,0.602949,423.953442
47,1.520790,1.183670,0.807736,0.670706,0.699198,0.699198,426.131854
48,1.508861,1.160159,0.803754,0.676659,0.694037,0.694037,444.776177
49,1.499098,1.222364,0.782139,0.649139,0.688568,0.688568,423.565201
50,1.492836,1.125015,0.804892,0.688291,0.724711,0.724711,422.404938
51,1.489400,1.186483,0.798066,0.675881,0.708425,0.708425,427.270920
52,1.476799,1.158288,0.805461,0.616207,0.646720,0.646720,420.536417
53,1.472982,1.243657,0.770193,0.636492,0.660752,0.660752,428.143337
54,1.458277,1.162389,0.795791,0.643329,0.681742,0.681742,428.431677
55,1.457758,1.144468,0.795222,0.638782,0.705293,0.705293,429.602726
56,1.453440,1.167873,0.810580,0.671353,0.700119,0.700119,427.306802
57,1.446196,1.198256,0.807736,0.616802,0.654458,0.654458,432.872122
58,1.432845,1.131711,0.796359,0.643802,0.674886,0.674886,427.899192
59,1.424365,1.198647,0.776451,0.668939,0.695027,0.695027,433.361719
60,1.421858,1.113814,0.793515,0.688399,0.697450,0.697450,433.563923
61,1.408857,1.180115,0.801479,0.655501,0.684087,0.684087,426.609032
62,1.407409,1.099219,0.810580,0.663906,0.684461,0.684461,427.454577
63,1.404941,1.070347,0.805461,0.677445,0.715587,0.715587,437.982590
64,1.396059,1.104935,0.804892,0.673279,0.714359,0.714359,420.595575
65,1.392973,1.126911,0.774175,0.647835,0.675915,0.675915,422.528196
66,1.387730,1.039779,0.817975,0.703887,0.725209,0.725209,421.115631
67,1.378551,1.076566,0.809443,0.684053,0.707732,0.707732,422.103063
68,1.365601,1.179662,0.802048,0.620594,0.656643,0.656643,420.439814
69,1.371768,1.102374,0.785552,0.686664,0.712219,0.712219,426.366654
70,1.369363,1.034583,0.809443,0.696044,0.729253,0.729253,421.821406
71,1.356087,1.176679,0.799772,0.600681,0.627419,0.627419,423.402286
72,1.351874,1.090053,0.795222,0.676047,0.709934,0.709934,420.445171
73,1.340469,1.076258,0.810011,0.684889,0.716638,0.716638,423.319815
74,1.339405,1.153486,0.748009,0.612888,0.648127,0.648127,424.625618
75,1.330975,1.110888,0.803185,0.665433,0.688796,0.688796,424.537296
76,1.321737,1.023589,0.806598,0.702404,0.733752,0.733752,423.371425
77,1.326057,1.032208,0.820250,0.699549,0.735090,0.735090,424.465792
78,1.318283,1.038856,0.816837,0.681231,0.691498,0.691498,425.106268
79,1.307098,1.013893,0.800341,0.666276,0.710576,0.710576,424.527233
80,1.301464,1.004387,0.822526,0.694571,0.718457,0.718457,424.773839
81,1.304168,1.003124,0.807736,0.696115,0.718655,0.718655,424.312122
82,1.287619,1.024417,0.816268,0.652379,0.677687,0.677687,423.217636
83,1.288925,1.076487,0.804323,0.660821,0.682713,0.682713,422.866713
84,1.282883,1.080132,0.756542,0.615443,0.644442,0.644442,420.782794
85,1.278934,1.022779,0.817975,0.707722,0.721896,0.721896,422.320795
86,1.274717,0.984321,0.810580,0.708106,0.719614,0.719614,421.904004
87,1.267936,1.029228,0.810580,0.642225,0.674448,0.674448,423.040034
88,1.265158,1.023480,0.813993,0.654544,0.690929,0.690929,421.388221
89,1.252283,0.995443,0.819113,0.662556,0.684506,0.684506,421.755791
90,1.255124,1.013853,0.808874,0.694415,0.713769,0.713769,422.396124
91,1.253509,1.060293,0.773038,0.653604,0.674229,0.674229,422.228248
92,1.238996,1.008838,0.797497,0.691087,0.720660,0.720660,421.918125
93,1.237259,1.031068,0.802048,0.642513,0.670089,0.670089,422.772591
94,1.236605,1.086349,0.777588,0.647761,0.676095,0.676095,421.366382
95,1.235719,1.095399,0.807736,0.646049,0.671227,0.671227,422.153046
96,1.227517,0.996837,0.806030,0.713412,0.743430,0.743430,421.650657
97,1.217804,0.967458,0.808305,0.648561,0.688266,0.688266,421.830627
98,1.215783,0.958717,0.806598,0.695857,0.721420,0.721420,422.978228
99,1.211643,0.984241,0.807167,0.685068,0.716344,0.716344,422.464407
100,1.207536,0.996306,0.814562,0.687435,0.714510,0.714510,421.872200
101,1.204166,1.000225,0.808874,0.708192,0.724697,0.724697,422.210232
102,1.198159,0.945265,0.810011,0.683196,0.710663,0.710663,422.391349
103,1.198975,0.936756,0.817975,0.689998,0.704230,0.704230,422.044079
104,1.191837,0.988512,0.803185,0.691169,0.714671,0.714671,422.253156
105,1.176156,0.973132,0.815700,0.672552,0.690867,0.690867,422.095735
106,1.179119,0.985023,0.800910,0.702930,0.728018,0.728018,422.381348
107,1.171077,0.912845,0.813424,0.708762,0.742198,0.742198,422.176053
108,1.176523,0.941791,0.814562,0.702119,0.725642,0.725642,421.890358
109,1.170304,0.921564,0.806030,0.692552,0.740225,0.740225,421.571168
110,1.162630,0.985917,0.824232,0.676543,0.692787,0.692787,422.152265
111,1.166597,0.943173,0.825370,0.698229,0.712783,0.712783,422.433477
112,1.154484,1.050117,0.771331,0.653087,0.674269,0.674269,421.369165
113,1.149149,0.931922,0.814562,0.666867,0.711768,0.711768,422.212018
114,1.146628,0.925103,0.807736,0.714479,0.742557,0.742557,421.286081
115,1.145160,0.927057,0.817406,0.688913,0.725574,0.725574,422.587288
116,1.146525,0.941241,0.817975,0.688872,0.720768,0.720768,422.104431
117,1.131812,0.958755,0.823094,0.695807,0.718943,0.718943,422.387270
118,1.129060,0.929722,0.802617,0.707306,0.740225,0.740225,423.523094
119,1.131071,0.967227,0.796928,0.705425,0.725748,0.725748,421.590275
120,1.122759,0.917225,0.803185,0.688087,0.713573,0.713573,422.419035
121,1.117440,0.938226,0.819681,0.674900,0.710899,0.710899,420.897256
122,1.117695,0.933005,0.802048,0.683979,0.712331,0.712331,422.434561
123,1.111410,1.010815,0.771331,0.633870,0.669530,0.669530,422.257929
124,1.114254,0.973740,0.814562,0.671717,0.689737,0.689737,422.507892
125,1.105556,0.943626,0.808305,0.712930,0.738537,0.738537,422.621823
126,1.102730,0.952323,0.814562,0.698195,0.726276,0.726276,421.128908
127,1.098336,0.890000,0.817975,0.709164,0.723226,0.723226,422.172625
128,1.092850,0.935056,0.814562,0.703563,0.718701,0.718701,421.162865
129,1.097426,0.921195,0.816268,0.677522,0.710001,0.710001,422.125524
130,1.086775,0.926258,0.822526,0.701308,0.718119,0.718119,420.340330
131,1.089180,0.983829,0.795791,0.692879,0.703730,0.703730,422.360791
132,1.085760,0.880218,0.812287,0.704996,0.723140,0.723140,420.863283
133,1.085408,0.909351,0.805461,0.668546,0.706825,0.706825,422.454330
134,1.075124,0.920367,0.816268,0.685519,0.717126,0.717126,421.837570
135,1.061520,0.989999,0.813424,0.688284,0.706595,0.706595,422.772850
136,1.071091,0.928440,0.801479,0.697956,0.717222,0.717222,420.164025
137,1.068749,0.942338,0.787258,0.696780,0.717816,0.717816,422.315245
138,1.050351,0.890557,0.817406,0.710208,0.726338,0.726338,422.190780
139,1.060051,0.892149,0.808305,0.723308,0.734969,0.734969,422.386129
140,1.055531,0.958608,0.809443,0.692711,0.713390,0.713390,421.979537
141,1.050880,0.922975,0.825370,0.704657,0.714223,0.714223,421.710795
142,1.049172,0.965388,0.790102,0.644853,0.678933,0.678933,422.580933
143,1.048009,0.933775,0.799204,0.699855,0.716765,0.716765,422.799170
144,1.040404,1.011869,0.811149,0.650039,0.677686,0.677686,421.103738
145,1.038672,0.915853,0.799772,0.709832,0.716966,0.716966,424.899371
146,1.032737,0.936543,0.813993,0.705219,0.713884,0.713884,426.649329
147,1.023293,0.942573,0.815131,0.676515,0.689523,0.689523,427.041251
148,1.027160,0.893493,0.817975,0.705993,0.715629,0.715629,426.097243
149,1.020323,0.907487,0.804892,0.706665,0.738284,0.738284,426.495997
150,1.021094,1.102156,0.711604,0.596548,0.612423,0.612423,423.811571
151,1.007911,0.875689,0.806030,0.698884,0.714900,0.714900,424.251044
152,1.010694,0.893246,0.817975,0.694733,0.716759,0.716759,422.085748
153,1.023911,0.897359,0.815700,0.723811,0.730250,0.730250,425.508863
154,0.999866,0.907836,0.787258,0.667829,0.685473,0.685473,425.835895
155,1.008980,0.963787,0.782708,0.690532,0.704210,0.704210,425.929688
156,0.997440,0.904514,0.819681,0.687873,0.703939,0.703939,425.173474
157,1.000796,0.903179,0.817406,0.708360,0.726958,0.726958,424.112518
158,0.994846,1.006440,0.773038,0.633530,0.665283,0.665283,421.807726
159,0.999006,0.974067,0.788965,0.675831,0.704199,0.704199,428.907774
160,0.990813,0.891844,0.812287,0.692338,0.719636,0.719636,425.966580
161,0.987784,0.986998,0.815131,0.665375,0.685224,0.685224,428.476028
162,0.983168,0.891352,0.817406,0.720941,0.737534,0.737534,424.179087
163,0.980291,0.905660,0.789534,0.680181,0.712502,0.712502,422.282844
164,0.970996,0.938417,0.819681,0.662729,0.684083,0.684083,423.417875
165,0.967668,0.963323,0.812287,0.674928,0.710364,0.710364,421.975141
166,0.975534,0.970013,0.779863,0.686131,0.710475,0.710475,420.579242
167,0.965156,0.888457,0.806598,0.699457,0.732201,0.732201,420.979456
168,0.957863,0.979420,0.763936,0.670352,0.691760,0.691760,422.797472
169,0.967165,0.911637,0.813993,0.703786,0.725342,0.725342,421.244373
170,0.961346,0.875163,0.815131,0.714424,0.730977,0.730977,422.328536
171,0.956403,0.866692,0.807736,0.709524,0.723047,0.723047,421.592708
172,0.947965,0.992623,0.812856,0.683820,0.693419,0.693419,422.571031
173,0.946231,0.886681,0.808874,0.686639,0.710201,0.710201,421.417129
174,0.945010,0.879052,0.819113,0.695950,0.725966,0.725966,421.769897
175,0.944259,0.921333,0.804323,0.700629,0.713711,0.713711,421.681932
176,0.931218,0.926698,0.811718,0.682371,0.706448,0.706448,421.648998
177,0.937275,0.927856,0.810011,0.680929,0.706547,0.706547,421.472153
178,0.934137,0.961491,0.778157,0.676703,0.700495,0.700495,420.622274
179,0.929939,0.971385,0.816268,0.682555,0.692313,0.692313,423.751257
180,0.932205,0.944180,0.812287,0.704701,0.720498,0.720498,423.078820
181,0.913707,0.920888,0.808305,0.695207,0.724247,0.724247,425.284494
182,0.914228,1.001157,0.754266,0.653252,0.666682,0.666682,422.887804
183,0.927471,0.940430,0.792947,0.666355,0.688328,0.688328,423.568521
184,0.917039,0.898630,0.809443,0.677783,0.705715,0.705715,424.257922
185,0.905855,0.936956,0.804323,0.707645,0.721712,0.721712,425.686782
186,0.900534,0.920922,0.808305,0.696777,0.710862,0.710862,425.981516
187,0.914329,0.964082,0.815131,0.679668,0.707230,0.707230,421.529698
188,0.905429,0.923563,0.797497,0.688741,0.711782,0.711782,427.199458
189,0.896006,1.008277,0.804892,0.642391,0.684050,0.684050,425.012151
190,0.891567,0.966602,0.815131,0.677620,0.695751,0.695751,421.569893
191,0.899323,0.914648,0.812287,0.681713,0.701118,0.701118,423.752682
192,0.884697,0.948472,0.813424,0.702796,0.711380,0.711380,422.500178
193,0.898449,0.929515,0.806598,0.701033,0.713587,0.713587,425.824930
194,0.895272,0.976260,0.795791,0.658089,0.697441,0.697441,425.291613
195,0.882680,0.945972,0.790102,0.692824,0.706789,0.706789,422.968221
196,0.877592,1.061583,0.807736,0.652038,0.670744,0.670744,421.320991
197,0.862501,0.963034,0.805461,0.703980,0.705683,0.705683,422.637400
198,0.869753,0.974091,0.796928,0.672686,0.697685,0.697685,423.087140
199,0.865599,0.966759,0.790102,0.664538,0.676184,0.676184,424.368099
200,0.875660,0.978648,0.808874,0.694254,0.707916,0.707916,422.726602
201,0.869670,0.940999,0.811149,0.692713,0.710073,0.710073,426.010756
202,0.863429,0.981533,0.808305,0.661920,0.686157,0.686157,422.332604
203,0.853021,0.933183,0.807736,0.681847,0.694217,0.694217,420.674052
204,0.862291,1.007918,0.799772,0.674781,0.698664,0.698664,421.511725
205,0.842782,1.019198,0.793515,0.677385,0.687509,0.687509,421.282217
206,0.848147,1.024668,0.811718,0.675367,0.691132,0.691132,421.857580
207,0.851355,0.941464,0.803754,0.701914,0.704207,0.704207,420.884620
208,0.851712,1.032787,0.777588,0.649186,0.692839,0.692839,421.227021
209,0.845481,0.950396,0.807736,0.720747,0.729128,0.729128,419.242800
210,0.827011,0.961107,0.800910,0.680881,0.709993,0.709993,421.525706
211,0.839762,0.957153,0.813993,0.685620,0.704426,0.704426,419.552386
212,0.818369,0.931684,0.815131,0.714507,0.735274,0.735274,421.387074
213,0.825431,1.013450,0.793515,0.690822,0.712387,0.712387,419.096521
214,0.823389,0.963990,0.787827,0.693696,0.707708,0.707708,421.027100
215,0.821769,0.987010,0.806030,0.669590,0.683014,0.683014,418.964174
216,0.823690,0.953199,0.803754,0.665806,0.683201,0.683201,421.307291
217,0.826109,1.010312,0.798635,0.678485,0.700062,0.700062,419.464412
218,0.815165,1.003218,0.790102,0.689528,0.707293,0.707293,420.634649
219,0.812272,1.058211,0.775313,0.651176,0.667399,0.667399,421.152395
220,0.813889,1.002734,0.786121,0.666342,0.688614,0.688614,420.516457
221,0.812973,0.984256,0.817975,0.712452,0.723511,0.723511,421.700735
222,0.811830,0.986098,0.796359,0.702065,0.719326,0.719326,420.798214
223,0.791350,1.008434,0.782139,0.653591,0.679466,0.679466,421.976072
224,0.801285,1.091229,0.777019,0.644761,0.677420,0.677420,420.930128
225,0.799174,1.017378,0.780432,0.663292,0.697195,0.697195,421.272531
226,0.796552,1.171067,0.729238,0.605871,0.634327,0.634327,420.718209
227,0.782452,1.127061,0.807167,0.663270,0.670191,0.670191,420.573226
228,0.780138,1.069235,0.775882,0.685412,0.695342,0.695342,420.266633
229,0.777432,1.026661,0.797497,0.681327,0.707508,0.707508,420.546713
230,0.782567,1.036291,0.806030,0.685517,0.700426,0.700426,421.162113
231,0.766221,1.109145,0.804892,0.685815,0.701354,0.701354,419.113699
232,0.767045,1.052014,0.773038,0.683386,0.705424,0.705424,420.763851
233,0.773152,1.081900,0.802617,0.675635,0.686830,0.686830,420.979795
234,0.758114,1.121753,0.748578,0.647688,0.664541,0.664541,421.383586
235,0.762702,0.986934,0.787258,0.689919,0.707614,0.707614,419.516629
236,0.765308,1.079182,0.784983,0.675350,0.682530,0.682530,420.578755
237,0.764401,1.079718,0.772469,0.662800,0.690884,0.690884,419.213772
238,0.764002,1.138094,0.797497,0.626567,0.644358,0.644358,421.430061
239,0.754471,1.032774,0.784983,0.682016,0.692100,0.692100,419.275792
240,0.749144,1.126914,0.776451,0.656998,0.689174,0.689174,420.847920
241,0.740651,1.173046,0.762230,0.641643,0.667093,0.667093,419.572815
242,0.763285,1.149462,0.758817,0.643155,0.669733,0.669733,420.597460
243,0.739242,1.062945,0.796359,0.690549,0.717944,0.717944,419.633947
244,0.724281,1.120543,0.791240,0.674167,0.695464,0.695464,420.976000
245,0.728111,1.092427,0.769625,0.648420,0.679372,0.679372,419.815259
246,0.738187,1.163541,0.793515,0.652223,0.671540,0.671540,420.872396
247,0.732979,1.236353,0.800341,0.656394,0.679217,0.679217,420.184112
248,0.726355,1.133646,0.767349,0.666554,0.682873,0.682873,421.136818
249,0.711039,1.117737,0.790671,0.661235,0.691464,0.691464,419.837354
250,0.712046,1.272973,0.789534,0.644597,0.657604,0.657604,420.174046
251,0.736797,1.148445,0.768487,0.635017,0.667254,0.667254,421.180258
252,0.714011,1.216660,0.769056,0.642525,0.663374,0.663374,420.219362
253,0.717151,1.222468,0.791240,0.640976,0.648581,0.648581,419.574152
254,0.710553,1.159038,0.778157,0.670865,0.686097,0.686097,421.356529
255,0.705311,1.224210,0.791809,0.668964,0.680427,0.680427,419.318069
256,0.705511,1.166664,0.796359,0.702445,0.707378,0.707378,419.773070
257,0.704074,1.306087,0.732082,0.664829,0.672472,0.672472,421.335949
258,0.698918,1.224451,0.794653,0.655159,0.660143,0.660143,420.998771
259,0.698006,1.240414,0.791809,0.675921,0.687803,0.687803,421.057170
260,0.692338,1.148930,0.787827,0.676746,0.688689,0.688689,421.825056
261,0.690307,1.199758,0.790671,0.671718,0.686596,0.686596,420.885349
262,0.684558,1.176294,0.786121,0.683513,0.698132,0.698132,421.254273
263,0.681686,1.225997,0.783845,0.678678,0.690528,0.690528,420.616467
264,0.676158,1.225638,0.790102,0.681834,0.703096,0.703096,419.446705
265,0.684387,1.203254,0.782139,0.682030,0.691379,0.691379,421.417734
266,0.670068,1.224523,0.787258,0.670413,0.673961,0.673961,421.361874
267,0.672611,1.213403,0.773038,0.676224,0.694856,0.694856,421.553391
268,0.679133,1.313538,0.792378,0.676869,0.688214,0.688214,421.482581
269,0.681649,1.273397,0.791809,0.633148,0.653021,0.653021,420.966323
270,0.667438,1.167089,0.793515,0.686019,0.702524,0.702524,420.469235
271,0.666502,1.184272,0.782139,0.673612,0.696330,0.696330,421.254869
272,0.665700,1.388718,0.799772,0.634764,0.651850,0.651850,420.199593
273,0.653594,1.338711,0.744027,0.640231,0.662950,0.662950,419.840348
274,0.649431,1.312888,0.751422,0.670113,0.690532,0.690532,420.724808
275,0.653841,1.286840,0.751422,0.640524,0.673746,0.673746,419.734635
276,0.655947,1.273474,0.775882,0.665242,0.685356,0.685356,420.504523
277,0.657503,1.223364,0.783845,0.673449,0.685663,0.685663,420.812663
278,0.651389,1.348302,0.741183,0.641234,0.671128,0.671128,420.849764
279,0.646541,1.237057,0.772469,0.659487,0.685730,0.685730,420.969605
280,0.648153,1.320439,0.794653,0.661485,0.681444,0.681444,421.402185
281,0.658414,1.306781,0.779863,0.659750,0.675010,0.675010,420.328325
282,0.642658,1.387893,0.752560,0.658908,0.668428,0.668428,420.440354
283,0.623596,1.312241,0.798635,0.671665,0.686184,0.686184,420.937830
284,0.634713,1.305632,0.776451,0.685268,0.697666,0.697666,419.690404
285,0.638696,1.298087,0.792378,0.674061,0.689554,0.689554,420.560466
286,0.617276,1.325845,0.775882,0.688617,0.704130,0.704130,419.938023
287,0.612584,1.369301,0.782139,0.661727,0.677777,0.677777,420.588983
288,0.629844,1.396232,0.786121,0.656678,0.688082,0.688082,419.487353
289,0.609687,1.385233,0.757679,0.648661,0.661078,0.661078,421.166177
290,0.624428,1.329669,0.765074,0.660666,0.686040,0.686040,420.774452
291,0.620159,1.362416,0.751991,0.651581,0.668732,0.668732,420.942887
292,0.616167,1.391265,0.773038,0.645933,0.670298,0.670298,419.518546
293,0.628275,1.373691,0.796928,0.677656,0.689982,0.689982,421.608081
294,0.598840,1.404553,0.784983,0.676816,0.681173,0.681173,419.234533
295,0.614327,1.413476,0.788396,0.647181,0.664214,0.664214,421.571527
296,0.606023,1.346205,0.773038,0.642657,0.654629,0.654629,419.676721
297,0.600239,1.310185,0.767918,0.671583,0.688478,0.688478,421.190353
298,0.600061,1.334930,0.737201,0.644663,0.661981,0.661981,419.945305
299,0.613469,1.347121,0.778157,0.681378,0.690071,0.690071,421.223036
300,0.607922,1.440148,0.775882,0.663636,0.676298,0.676298,419.891130
301,0.594787,1.377268,0.754266,0.639414,0.656907,0.656907,421.829276
302,0.582429,1.358674,0.779863,0.671883,0.690343,0.690343,420.793965
303,0.583571,1.388776,0.754266,0.665403,0.665915,0.665915,420.498414
304,0.578381,1.554786,0.800341,0.663291,0.675411,0.675411,421.467045
305,0.578680,1.416777,0.795222,0.673167,0.691309,0.691309,420.463815
306,0.580967,1.523367,0.718999,0.599091,0.641345,0.641345,420.969704
307,0.594746,1.554378,0.770193,0.614971,0.627072,0.627072,422.006333
308,0.598956,1.516719,0.773606,0.635134,0.647896,0.647896,420.731829
309,0.566263,1.498955,0.778157,0.658898,0.672312,0.672312,420.502458
310,0.581261,1.454722,0.794653,0.661566,0.672251,0.672251,420.650790
311,0.569168,1.619291,0.782139,0.640470,0.646828,0.646828,420.938328
312,0.578511,1.508422,0.761661,0.635211,0.654696,0.654696,420.553502
313,0.582094,1.541010,0.765643,0.664399,0.674487,0.674487,420.100709
314,0.580325,1.466458,0.789534,0.674764,0.693350,0.693350,420.315040
315,0.579253,1.607401,0.775313,0.654477,0.661612,0.661612,420.805464
316,0.569075,1.496802,0.763367,0.627802,0.652030,0.652030,421.087800
317,0.564228,1.575652,0.727531,0.624403,0.642932,0.642932,422.686963
318,0.574431,1.553078,0.784983,0.651899,0.668878,0.668878,422.410673
319,0.547730,1.537868,0.755973,0.662276,0.681487,0.681487,422.567330
320,0.578535,1.497166,0.749716,0.638064,0.651648,0.651648,422.820897
321,0.559260,1.460250,0.767918,0.682947,0.689699,0.689699,421.618640
322,0.560344,1.646148,0.763367,0.661906,0.668632,0.668632,422.938061
323,0.546577,1.702750,0.733788,0.619312,0.637313,0.637313,422.992495
324,0.542649,1.517700,0.774744,0.653710,0.679523,0.679523,423.106640
325,0.580596,1.607740,0.756542,0.642648,0.658070,0.658070,422.782008
326,0.573773,1.481816,0.790671,0.657918,0.671874,0.671874,422.524323
327,0.550958,1.610579,0.767918,0.671795,0.681224,0.681224,422.075256
328,0.558376,1.515925,0.751422,0.656694,0.677257,0.677257,421.908955
329,0.545526,1.505692,0.754835,0.647332,0.659348,0.659348,422.421271
330,0.534643,1.610469,0.768487,0.629091,0.641460,0.641460,423.097180
331,0.567926,1.562232,0.773038,0.651425,0.675642,0.675642,422.642914
332,0.531494,1.796091,0.695677,0.589300,0.602141,0.602141,422.577566
333,0.556865,1.492065,0.783276,0.664863,0.670795,0.670795,423.388245
334,0.543706,1.618425,0.750284,0.649606,0.663512,0.663512,423.537293
335,0.547858,1.631086,0.786689,0.677092,0.678552,0.678552,421.136166
336,0.539156,1.608909,0.782708,0.646933,0.665063,0.665063,421.625607
337,0.544685,1.684240,0.774175,0.632858,0.657485,0.657485,421.332100
338,0.546896,1.570150,0.779295,0.648003,0.667557,0.667557,423.605499
339,0.536557,1.702994,0.711035,0.607868,0.628108,0.628108,425.339770
340,0.536895,1.481625,0.792947,0.662916,0.670011,0.670011,421.540112
341,0.542313,1.586751,0.776451,0.651402,0.670541,0.670541,421.958964
342,0.534257,1.840002,0.778726,0.582213,0.587226,0.587226,422.963463
343,0.536003,1.594712,0.749147,0.632217,0.661655,0.661655,422.258625
344,0.540115,1.637012,0.769625,0.647220,0.664942,0.664942,421.674080
345,0.525935,1.649878,0.749716,0.638294,0.661875,0.661875,421.688707
346,0.532789,1.683228,0.791240,0.617414,0.630901,0.630901,422.364219
347,0.518074,1.589354,0.746871,0.633995,0.661468,0.661468,420.812589
348,0.524926,1.488107,0.784983,0.667980,0.689674,0.689674,422.547810
349,0.521621,1.611397,0.773606,0.640634,0.655434,0.655434,421.378138
350,0.522091,1.648203,0.793515,0.668211,0.682761,0.682761,423.243750
351,0.518036,1.572593,0.783845,0.671471,0.685326,0.685326,420.290607
352,0.520832,1.558356,0.752560,0.628813,0.644553,0.644553,422.854737
353,0.531975,1.693353,0.781570,0.648282,0.671015,0.671015,422.694716
354,0.511814,1.657480,0.787258,0.651631,0.668632,0.668632,424.100537
355,0.526156,1.597749,0.748009,0.655230,0.671112,0.671112,423.125780
356,0.522542,1.572671,0.784414,0.659996,0.660676,0.660676,423.248062
357,0.502391,1.661206,0.782139,0.669934,0.693271,0.693271,420.970564
358,0.508538,1.775428,0.740046,0.631184,0.655760,0.655760,423.222294
359,0.528993,1.632417,0.749147,0.631671,0.641876,0.641876,426.525849
360,0.534249,1.578983,0.780432,0.675572,0.690154,0.690154,428.715167
361,0.506067,1.679840,0.760523,0.652618,0.672759,0.672759,425.187765
362,0.534425,1.776720,0.672924,0.574686,0.601739,0.601739,425.162305
363,0.509629,1.698524,0.763936,0.649006,0.672703,0.672703,422.230667
364,0.511106,1.752706,0.751422,0.635017,0.667220,0.667220,423.443126
365,0.522798,1.644730,0.766780,0.654571,0.668534,0.668534,422.873015
366,0.509122,1.629093,0.750853,0.663052,0.675174,0.675174,423.384620
367,0.496988,1.704221,0.740046,0.644303,0.658319,0.658319,423.585618
368,0.509755,1.585450,0.756542,0.641556,0.668472,0.668472,423.715501
369,0.516266,1.602741,0.758817,0.651254,0.658519,0.658519,424.478312
370,0.509393,1.629196,0.750853,0.649938,0.662891,0.662891,422.952299
371,0.517134,1.682575,0.766212,0.627589,0.652253,0.652253,422.188901
372,0.504809,1.622577,0.783845,0.660722,0.681229,0.681229,422.990030
373,0.499976,1.822163,0.786689,0.661470,0.678911,0.678911,422.875483
374,0.506444,1.721367,0.754266,0.639448,0.662872,0.662872,423.459358
375,0.503213,1.922635,0.784983,0.612051,0.632070,0.632070,422.184461
376,0.500839,1.773563,0.736633,0.602059,0.626027,0.626027,423.062706
377,0.525143,1.823115,0.782708,0.666456,0.682640,0.682640,421.685028
378,0.499847,1.797062,0.774175,0.666159,0.675946,0.675946,424.132178
379,0.502038,1.660168,0.749147,0.642128,0.657750,0.657750,421.625952
380,0.493787,1.704124,0.769625,0.666915,0.689668,0.689668,422.713175
381,0.524557,1.686711,0.772469,0.676719,0.692147,0.692147,420.985870
382,0.509454,1.607346,0.772469,0.652453,0.670154,0.670154,424.654452
383,0.496038,1.777969,0.772469,0.633896,0.644179,0.644179,423.411884
384,0.495193,1.719670,0.758817,0.649068,0.658868,0.658868,422.461152
385,0.492998,1.711767,0.765643,0.663084,0.679325,0.679325,422.426869
386,0.490141,1.672464,0.770762,0.680409,0.688363,0.688363,422.865104
387,0.492765,1.794792,0.779863,0.648616,0.668849,0.668849,421.557144
388,0.508246,1.873586,0.742890,0.627235,0.650489,0.650489,422.800605
389,0.500789,1.722341,0.781570,0.660378,0.672645,0.672645,421.582268
390,0.487084,1.684625,0.767349,0.651704,0.668767,0.668767,423.915090
391,0.478933,1.796857,0.746303,0.647262,0.661967,0.661967,421.849018
392,0.489552,1.679696,0.783845,0.670988,0.684642,0.684642,423.177013
393,0.501690,1.663501,0.767918,0.655589,0.670929,0.670929,422.593310
394,0.487746,1.783211,0.769625,0.621139,0.638043,0.638043,423.327813
395,0.492750,2.008825,0.684300,0.565022,0.582845,0.582845,420.912056
396,0.483215,1.810452,0.791809,0.670363,0.680847,0.680847,422.905179
397,0.483051,1.763511,0.787827,0.655734,0.676175,0.676175,421.480114
398,0.487352,1.786693,0.772469,0.648874,0.661306,0.661306,422.902646
399,0.491492,1.821778,0.798635,0.665322,0.669458,0.669458,421.227654
400,0.492304,1.734373,0.762230,0.635180,0.649900,0.649900,423.385892
401,0.503256,1.729496,0.782708,0.672762,0.691926,0.691926,422.115783
402,0.485308,1.763525,0.749147,0.629341,0.643926,0.643926,424.237010
403,0.478727,1.680106,0.774744,0.646445,0.666120,0.666120,422.065651
404,0.481444,1.730300,0.755973,0.646861,0.663670,0.663670,422.977246
405,0.489997,1.879576,0.786121,0.671671,0.679660,0.679660,421.314097
406,0.484054,1.843241,0.779295,0.655195,0.672687,0.672687,422.855179
407,0.478820,1.697140,0.759386,0.655899,0.672092,0.672092,423.865882
408,0.467871,1.713746,0.774175,0.646031,0.673704,0.673704,422.675711
409,0.473375,1.814667,0.792378,0.662457,0.669347,0.669347,422.839371
410,0.477099,1.734046,0.786121,0.670986,0.691114,0.691114,422.014495
411,0.488452,1.812355,0.766780,0.634610,0.662916,0.662916,424.867201
412,0.477665,1.727009,0.771331,0.640619,0.658747,0.658747,422.983586
413,0.475988,1.783062,0.763936,0.642889,0.665201,0.665201,422.353213
414,0.482530,1.661324,0.770762,0.660376,0.677297,0.677297,422.509843
415,0.461985,1.722563,0.749147,0.682875,0.691034,0.691034,422.929832
416,0.462217,1.895564,0.776451,0.669627,0.680894,0.680894,423.888614
417,0.489969,1.707121,0.750284,0.640740,0.658647,0.658647,423.725391
418,0.476442,1.738998,0.743458,0.651931,0.676215,0.676215,423.241923
419,0.458793,1.798321,0.766212,0.664441,0.674669,0.674669,423.407226
420,0.494922,1.757965,0.794653,0.671099,0.677692,0.677692,423.268340
421,0.480655,1.813186,0.773606,0.661102,0.674829,0.674829,421.273365
422,0.463662,1.757233,0.780432,0.643343,0.660392,0.660392,422.892600
423,0.468980,1.640005,0.785552,0.669907,0.681862,0.681862,421.666527
424,0.487386,1.831628,0.779295,0.655607,0.673501,0.673501,422.722692
425,0.491958,1.666918,0.759386,0.649099,0.673734,0.673734,421.094406
426,0.471713,1.795864,0.762799,0.650872,0.667059,0.667059,424.318882
427,0.467948,1.701753,0.753129,0.630876,0.650382,0.650382,421.353194
428,0.478148,1.708779,0.740614,0.638800,0.660908,0.660908,423.112330
429,0.474855,1.932389,0.771900,0.653196,0.659363,0.659363,421.971804
430,0.484264,1.747358,0.781001,0.658461,0.676409,0.676409,423.302030
431,0.457945,1.779012,0.740046,0.636031,0.657803,0.657803,423.609005
432,0.477352,1.837654,0.775313,0.661459,0.665738,0.665738,422.750109
433,0.457489,1.800444,0.763936,0.651619,0.671900,0.671900,422.682216
434,0.474066,1.850647,0.754266,0.648343,0.681857,0.681857,422.625908
435,0.477588,1.711986,0.782139,0.665642,0.674791,0.674791,422.875721
436,0.472187,1.750809,0.740614,0.612098,0.641314,0.641314,423.218868
437,0.463595,1.721066,0.786689,0.694937,0.697651,0.697651,422.953456
438,0.474798,1.685011,0.769056,0.636887,0.662444,0.662444,423.637753
439,0.471676,1.775547,0.784983,0.666219,0.675596,0.675596,423.704593
440,0.447548,1.839044,0.755404,0.648378,0.657304,0.657304,423.895650
441,0.456453,1.729041,0.780432,0.665592,0.674722,0.674722,423.426014
442,0.483893,1.714232,0.775882,0.672224,0.691479,0.691479,422.923595
443,0.478215,1.744174,0.788396,0.657332,0.674970,0.674970,421.259638
444,0.469344,1.835996,0.767918,0.641461,0.656401,0.656401,422.631847
445,0.476529,1.767596,0.748578,0.640796,0.668174,0.668174,422.245078
446,0.463997,1.837820,0.738339,0.631703,0.638158,0.638158,422.960962
447,0.462709,1.731621,0.759386,0.646395,0.662328,0.662328,422.252927
448,0.474495,1.793756,0.770193,0.653275,0.667975,0.667975,423.330814
449,0.488054,1.847204,0.782708,0.622099,0.646234,0.646234,423.456445
450,0.476419,1.818856,0.750853,0.621425,0.644657,0.644657,424.519885
451,0.458709,2.002485,0.791809,0.644725,0.659586,0.659586,424.755699
452,0.471958,1.671310,0.780432,0.673361,0.693050,0.693050,427.735172
453,0.467805,2.004462,0.783276,0.621041,0.631714,0.631714,424.758021
454,0.452900,1.838351,0.733220,0.652610,0.655967,0.655967,425.439447
455,0.466847,1.924877,0.781570,0.636218,0.644724,0.644724,424.825802
456,0.450124,1.758921,0.770762,0.643735,0.655743,0.655743,423.983705
457,0.469515,1.898716,0.783276,0.656605,0.670221,0.670221,425.178377
458,0.456082,1.940869,0.731513,0.621357,0.629378,0.629378,423.229871
459,0.461723,1.723999,0.779295,0.661142,0.677735,0.677735,425.363744
460,0.445128,1.909275,0.770762,0.663071,0.677829,0.677829,423.350111
461,0.475294,1.855566,0.749716,0.634849,0.657507,0.657507,423.980209
462,0.461496,1.797409,0.764505,0.649152,0.660762,0.660762,424.323475
463,0.450269,1.706746,0.783276,0.678042,0.687857,0.687857,422.993203
464,0.480935,1.795868,0.788396,0.675909,0.681510,0.681510,427.381586
465,0.462271,1.837997,0.731513,0.623405,0.653441,0.653441,424.766212
466,0.464958,1.756098,0.789534,0.684319,0.692646,0.692646,425.513965
467,0.436378,1.884015,0.757679,0.645703,0.654653,0.654653,424.726984
468,0.462276,1.798705,0.775313,0.663360,0.677783,0.677783,424.271805
469,0.467205,1.805708,0.737770,0.629661,0.641732,0.641732,423.399089
470,0.447694,1.746047,0.765643,0.658809,0.666864,0.666864,424.076101
471,0.451135,1.836209,0.775882,0.635769,0.653543,0.653543,423.386913
472,0.460145,1.881095,0.790102,0.664962,0.667763,0.667763,426.093677
473,0.471438,1.831977,0.773038,0.662825,0.682506,0.682506,423.778085
474,0.470772,1.832479,0.738339,0.631860,0.640882,0.640882,425.139990
475,0.467397,1.748667,0.770762,0.624052,0.651268,0.651268,424.424136
476,0.451327,1.752598,0.773038,0.660170,0.675092,0.675092,425.949768
477,0.450735,1.866803,0.783845,0.646702,0.658961,0.658961,425.975881
478,0.458189,1.781098,0.786121,0.657632,0.663668,0.663668,426.255052
479,0.466034,1.871917,0.790671,0.646061,0.664774,0.664774,431.683026
480,0.460944,1.870353,0.765643,0.666334,0.672182,0.672182,426.216668
481,0.451235,1.896859,0.795222,0.659980,0.663203,0.663203,424.324418
482,0.454247,1.964414,0.775313,0.626310,0.636394,0.636394,426.126704
483,0.457175,1.835265,0.775313,0.662703,0.673021,0.673021,424.775592
484,0.456985,1.704493,0.771331,0.646894,0.654401,0.654401,426.220834
485,0.445560,1.939472,0.783845,0.633542,0.650715,0.650715,424.930142
486,0.449236,1.807344,0.783276,0.663672,0.674652,0.674652,425.748243
487,0.460383,2.055874,0.787827,0.629335,0.637168,0.637168,424.333481
488,0.437936,1.696992,0.761661,0.666112,0.679351,0.679351,425.670475
489,0.438308,1.795206,0.774175,0.646725,0.650855,0.650855,434.470772
490,0.455238,1.763421,0.769056,0.635156,0.657449,0.657449,424.835776
491,0.435248,1.837531,0.762799,0.646195,0.665841,0.665841,423.535748
492,0.465485,1.816804,0.779863,0.649282,0.661532,0.661532,425.442518
493,0.468031,2.031434,0.769625,0.586303,0.597526,0.597526,423.818676
494,0.441176,1.793930,0.774744,0.663061,0.674728,0.674728,424.130902
495,0.467731,1.761088,0.773038,0.667904,0.677047,0.677047,424.292298
496,0.451154,1.757380,0.778157,0.649771,0.663075,0.663075,425.375954
497,0.465358,1.863914,0.794084,0.692539,0.699130,0.699130,423.912169
498,0.444187,1.947252,0.788965,0.651569,0.664651,0.664651,430.291575
499,0.454440,1.789863,0.779863,0.641320,0.658971,0.658971,425.903666
500,0.441349,1.850127,0.754266,0.642037,0.661907,0.661907,425.831556
501,0.466725,1.776100,0.787258,0.673918,0.687079,0.687079,426.174046
502,0.462441,1.816953,0.777019,0.627357,0.639415,0.639415,429.196113
503,0.453071,1.841301,0.782139,0.675061,0.677524,0.677524,433.954308
504,0.461984,1.889619,0.787827,0.656997,0.688738,0.688738,425.418496
505,0.442264,1.790710,0.781570,0.637809,0.648426,0.648426,425.750921
506,0.442307,1.874916,0.766212,0.625019,0.645288,0.645288,424.537665
507,0.456025,1.790201,0.777019,0.662144,0.670313,0.670313,425.535886
508,0.444546,1.796964,0.761661,0.647289,0.662785,0.662785,424.359062
509,0.425213,1.772480,0.782708,0.645547,0.664927,0.664927,424.876339
510,0.441568,1.851756,0.781001,0.667572,0.677774,0.677774,424.131859
511,0.456424,1.794642,0.791809,0.657980,0.665694,0.665694,428.338246
512,0.444945,1.764495,0.781001,0.671969,0.676064,0.676064,424.095593
513,0.431822,1.761867,0.774175,0.663009,0.673917,0.673917,426.271150
514,0.446837,1.775658,0.770193,0.661967,0.682744,0.682744,425.098996
515,0.454338,2.075923,0.788396,0.619951,0.627605,0.627605,426.054731
516,0.470090,1.810609,0.773038,0.638280,0.648625,0.648625,424.928314
517,0.465199,1.686066,0.792378,0.669644,0.687441,0.687441,425.313167
518,0.454604,1.893225,0.749716,0.628034,0.649749,0.649749,425.085768
519,0.444433,1.810636,0.770762,0.659874,0.670896,0.670896,425.930309
520,0.440074,1.832862,0.781001,0.652584,0.668378,0.668378,426.330765
521,0.435247,1.776253,0.782139,0.672061,0.684518,0.684518,426.174111
522,0.438218,1.827444,0.758817,0.629131,0.643653,0.643653,424.458197
523,0.454313,1.857777,0.794653,0.678783,0.692207,0.692207,425.303947
524,0.437240,1.910782,0.751991,0.630394,0.647505,0.647505,426.110023
525,0.452497,1.717971,0.763936,0.642299,0.664095,0.664095,424.278712
526,0.448309,1.812015,0.756542,0.624098,0.648043,0.648043,425.577523
527,0.450776,1.715594,0.744596,0.631518,0.656667,0.656667,425.096649
528,0.466742,1.904982,0.781001,0.638980,0.649359,0.649359,426.348898
529,0.471425,1.769497,0.744596,0.623476,0.647644,0.647644,424.148639
530,0.445326,1.747592,0.772469,0.673106,0.685558,0.685558,425.499981
531,0.446169,1.799971,0.745734,0.629998,0.653959,0.653959,424.248718
532,0.451395,1.866763,0.769056,0.639420,0.655636,0.655636,425.496771
533,0.448911,1.823888,0.776451,0.633146,0.647784,0.647784,425.385354
534,0.445935,1.949211,0.782708,0.644811,0.647770,0.647770,425.000811
535,0.432461,2.089999,0.792378,0.661302,0.664130,0.664130,425.815548
536,0.437863,1.753117,0.792947,0.661374,0.669690,0.669690,425.785686
537,0.445437,1.867016,0.768487,0.647932,0.671981,0.671981,426.570701
538,0.443431,1.816709,0.762230,0.648833,0.656257,0.656257,424.649035
539,0.434475,1.826606,0.775882,0.646527,0.664420,0.664420,424.823596
540,0.436682,1.815054,0.792947,0.662282,0.672513,0.672513,426.116942
541,0.436565,1.745295,0.751422,0.655326,0.663799,0.663799,424.603644
542,0.452654,1.945213,0.760523,0.646101,0.652450,0.652450,426.341483
543,0.453579,1.829718,0.785552,0.658115,0.657540,0.657540,425.262807
544,0.452891,1.779776,0.777019,0.669551,0.685201,0.685201,426.585249
545,0.436152,1.857463,0.769056,0.653294,0.670945,0.670945,424.813980
546,0.451696,1.802868,0.777019,0.619722,0.640319,0.640319,426.440652
547,0.439362,1.836673,0.778157,0.653303,0.661596,0.661596,423.498851
548,0.426340,2.074985,0.785552,0.633809,0.638287,0.638287,425.734070
549,0.425227,1.802141,0.774175,0.664614,0.676216,0.676216,424.503536
550,0.431730,1.779073,0.770193,0.672840,0.695736,0.695736,426.110056
551,0.432831,1.913353,0.777019,0.680008,0.688782,0.688782,425.237535
552,0.440140,1.908159,0.770193,0.619389,0.635833,0.635833,425.193508
553,0.433660,1.840980,0.778726,0.638150,0.655801,0.655801,425.267573
554,0.435867,1.713189,0.754835,0.643888,0.664665,0.664665,424.972256
555,0.439980,1.817466,0.778157,0.655253,0.677661,0.677661,424.368323
556,0.427971,2.071012,0.796928,0.653752,0.661773,0.661773,424.532858
557,0.428238,1.901900,0.769056,0.655707,0.661847,0.661847,425.271167
558,0.445031,1.820342,0.765074,0.651594,0.658462,0.658462,424.544697
559,0.455324,1.926638,0.783845,0.657799,0.673974,0.673974,425.558671
560,0.427228,1.820178,0.778157,0.660881,0.674249,0.674249,424.421440
561,0.433692,1.810395,0.778726,0.674555,0.694098,0.694098,424.261472
562,0.441707,1.805621,0.777019,0.667570,0.681751,0.681751,422.737566
563,0.436306,1.812188,0.770193,0.676510,0.684774,0.684774,425.045244
564,0.432859,1.887628,0.768487,0.652670,0.668115,0.668115,424.220381
565,0.419013,2.005935,0.793515,0.653849,0.668195,0.668195,424.905316
566,0.428275,1.782925,0.776451,0.677865,0.675740,0.675740,424.136376
567,0.438161,2.043313,0.775313,0.619854,0.627871,0.627871,423.358818
568,0.452777,1.750103,0.778726,0.668545,0.682963,0.682963,423.634909
569,0.446456,2.134792,0.771900,0.597583,0.612553,0.612553,438.018835
570,0.437949,1.885642,0.785552,0.663709,0.680998,0.680998,424.565704
571,0.426886,1.848606,0.757110,0.614090,0.638003,0.638003,425.235406
572,0.428549,1.828116,0.778726,0.651504,0.657954,0.657954,424.514415
573,0.424420,1.877609,0.788396,0.664106,0.676983,0.676983,428.004199
574,0.426379,1.897501,0.786689,0.679388,0.682746,0.682746,425.485559
575,0.450037,1.908039,0.773038,0.630200,0.646118,0.646118,428.087416
576,0.442387,1.801152,0.788396,0.655108,0.670739,0.670739,426.120488
577,0.426840,1.824335,0.758248,0.645249,0.664041,0.664041,425.846321
578,0.438235,1.794939,0.773606,0.643784,0.659336,0.659336,425.822018
579,0.422013,1.994436,0.780432,0.629497,0.638927,0.638927,426.557332
580,0.453443,1.907714,0.713879,0.614414,0.632118,0.632118,425.034313
581,0.440705,1.973295,0.763936,0.615716,0.632486,0.632486,426.207898
582,0.436334,1.899521,0.755404,0.647510,0.665156,0.665156,425.027755
583,0.425458,1.780813,0.771900,0.672134,0.677291,0.677291,425.993369
584,0.425022,1.873115,0.761661,0.626585,0.653592,0.653592,425.073520
585,0.433913,1.851541,0.786689,0.683155,0.696095,0.696095,425.175696
586,0.423666,1.883187,0.773038,0.678146,0.695609,0.695609,425.635229
587,0.426321,1.842070,0.777588,0.682884,0.699282,0.699282,425.491843
588,0.428931,1.883246,0.778157,0.653688,0.670832,0.670832,426.303276
589,0.417843,1.858461,0.775313,0.654803,0.664340,0.664340,426.784510
590,0.430793,1.903259,0.757110,0.667168,0.683632,0.683632,424.761541
591,0.447125,1.902994,0.768487,0.622266,0.635639,0.635639,426.788233
592,0.424833,1.815197,0.766780,0.639798,0.662430,0.662430,425.707920
593,0.433449,1.899141,0.763936,0.612736,0.623283,0.623283,425.604479
594,0.433258,1.734250,0.756542,0.647006,0.668143,0.668143,426.467298
595,0.423318,1.879873,0.766780,0.626724,0.650758,0.650758,425.545262
596,0.428071,1.965819,0.770193,0.619860,0.643271,0.643271,425.701670
597,0.420493,1.720700,0.778726,0.673767,0.681424,0.681424,425.782876
598,0.425434,1.851533,0.786121,0.683836,0.688036,0.688036,426.064658
599,0.421168,1.890533,0.777588,0.657291,0.670799,0.670799,425.909576
600,0.425992,1.851342,0.754835,0.637947,0.658192,0.658192,424.562478
601,0.426777,1.867605,0.776451,0.651941,0.671251,0.671251,425.209761
602,0.431709,1.989028,0.766212,0.641064,0.654904,0.654904,424.897210
603,0.429888,1.998237,0.778157,0.650648,0.657981,0.657981,424.424540
604,0.438120,1.903329,0.775313,0.620049,0.630528,0.630528,426.172406
605,0.428140,1.911452,0.775882,0.638405,0.654668,0.654668,425.675620
606,0.413311,1.821571,0.780432,0.667218,0.683328,0.683328,425.236050
607,0.436710,1.932639,0.729807,0.614874,0.623374,0.623374,430.570558
608,0.428425,1.977488,0.778726,0.607753,0.611822,0.611822,425.753004
609,0.435258,1.986397,0.787258,0.652551,0.657176,0.657176,425.342008
610,0.425822,1.781571,0.774744,0.649766,0.665154,0.665154,426.084944
611,0.441635,1.825731,0.771900,0.627144,0.645562,0.645562,425.230904
612,0.447442,1.801116,0.775882,0.650006,0.662098,0.662098,425.326146
613,0.444984,1.898149,0.783845,0.646363,0.657707,0.657707,425.281060
614,0.429322,2.037875,0.777019,0.606697,0.621748,0.621748,425.668350
615,0.426082,1.826072,0.777588,0.645163,0.662462,0.662462,425.732401
616,0.426491,1.851771,0.778157,0.652274,0.666927,0.666927,425.789489
617,0.418774,1.968599,0.787258,0.633315,0.655003,0.655003,425.096644
618,0.412031,1.767151,0.781570,0.659433,0.672113,0.672113,424.932965
619,0.410241,2.052599,0.781570,0.615419,0.616726,0.616726,425.095164
620,0.412638,1.869301,0.782139,0.651169,0.666157,0.666157,427.496241
621,0.436044,1.845990,0.765074,0.651567,0.670400,0.670400,424.901180
622,0.458326,1.711956,0.784983,0.691072,0.693227,0.693227,424.469456
623,0.426155,1.869693,0.791809,0.654667,0.666427,0.666427,425.768837
624,0.425631,1.894772,0.764505,0.639690,0.646266,0.646266,425.167818
625,0.445025,1.838037,0.788965,0.635281,0.653398,0.653398,425.327511
626,0.431494,1.752869,0.754266,0.638491,0.645804,0.645804,424.447805
627,0.434163,2.052998,0.709898,0.606412,0.634515,0.634515,425.134025
628,0.421180,1.937305,0.790671,0.642995,0.657435,0.657435,426.211546
629,0.414669,1.827931,0.774744,0.641071,0.662538,0.662538,426.043155
630,0.422181,1.917076,0.784414,0.650624,0.668651,0.668651,426.124966
631,0.428038,1.996901,0.718999,0.594654,0.608990,0.608990,425.223808
632,0.437787,1.818998,0.762230,0.613632,0.635870,0.635870,426.957227
633,0.429753,1.869066,0.771900,0.672360,0.686950,0.686950,426.523291
634,0.427306,1.789881,0.775313,0.660238,0.673242,0.673242,425.643238
635,0.429880,1.800406,0.783845,0.672158,0.681731,0.681731,426.507180
636,0.416815,1.883112,0.777588,0.668887,0.666560,0.666560,425.475719
637,0.406238,1.778911,0.783276,0.637218,0.662317,0.662317,426.325981
638,0.416463,2.038596,0.759954,0.611643,0.617189,0.617189,426.348155
639,0.420672,1.844451,0.771900,0.623840,0.638518,0.638518,425.757086
640,0.425403,1.964401,0.778157,0.627080,0.642405,0.642405,425.042166
641,0.439555,2.029176,0.734926,0.609754,0.632236,0.632236,425.396951
642,0.419665,1.893803,0.779295,0.659024,0.672306,0.672306,425.984210
643,0.437538,1.884498,0.755404,0.623791,0.637071,0.637071,425.011972
644,0.425463,2.064530,0.774175,0.630993,0.635608,0.635608,424.392555
645,0.406374,2.091360,0.788965,0.627954,0.636474,0.636474,425.893223
646,0.425290,1.900953,0.772469,0.645198,0.664274,0.664274,425.721697
647,0.427919,1.868745,0.746303,0.630605,0.658269,0.658269,425.974283
648,0.413092,1.846001,0.774175,0.648470,0.657398,0.657398,423.212407
649,0.428827,1.719005,0.767349,0.665367,0.686487,0.686487,426.301463
650,0.412446,1.863659,0.753129,0.637846,0.650709,0.650709,424.057867
651,0.428251,2.140903,0.783845,0.627454,0.645442,0.645442,425.501280
652,0.429492,1.884350,0.793515,0.666345,0.675576,0.675576,426.600537
653,0.427100,1.893319,0.781570,0.646961,0.661273,0.661273,425.422058
654,0.421784,1.886114,0.789534,0.594773,0.617725,0.617725,424.740891
655,0.417346,1.847493,0.773606,0.663878,0.678595,0.678595,425.088248
656,0.424695,1.847607,0.772469,0.639240,0.652610,0.652610,424.937139
657,0.430644,1.892736,0.782139,0.645630,0.658766,0.658766,425.626070
658,0.443497,1.939263,0.781001,0.633044,0.649531,0.649531,424.871952
659,0.405972,1.890814,0.787258,0.672147,0.684642,0.684642,427.031087
660,0.410186,1.825757,0.774175,0.661469,0.673832,0.673832,426.226499
661,0.425746,1.942429,0.777019,0.643891,0.667100,0.667100,425.438155
662,0.403065,1.851645,0.762230,0.625765,0.642019,0.642019,425.543654
663,0.425130,1.858079,0.774175,0.641748,0.651170,0.651170,425.511638
664,0.420441,1.840183,0.782139,0.640077,0.648394,0.648394,423.537058
665,0.428495,1.907587,0.780432,0.651763,0.665867,0.665867,425.147239
666,0.432206,1.794390,0.751991,0.635139,0.649870,0.649870,423.710913
667,0.425471,1.843524,0.775313,0.635742,0.646003,0.646003,427.583035
668,0.433976,1.799981,0.774175,0.642836,0.657096,0.657096,424.689139
669,0.398717,2.047629,0.797497,0.644442,0.650739,0.650739,425.875476
670,0.408107,2.001684,0.762799,0.631003,0.643725,0.643725,424.096447
671,0.422834,1.934476,0.786121,0.665611,0.666063,0.666063,426.060806
672,0.421121,1.852610,0.777019,0.623029,0.625160,0.625160,425.646714
673,0.413978,1.845313,0.773038,0.640876,0.657530,0.657530,425.120146
674,0.414306,1.903523,0.774175,0.669254,0.686274,0.686274,425.469617
675,0.439492,2.860919,0.757679,0.384467,0.394105,0.394105,426.811217
676,0.429256,1.901620,0.781570,0.650359,0.654506,0.654506,425.259282
677,0.432125,1.980310,0.778726,0.659417,0.662035,0.662035,425.483245
678,0.431682,1.899144,0.768487,0.645948,0.652238,0.652238,426.913843
679,0.417435,2.018387,0.779295,0.628449,0.638600,0.638600,424.022336
680,0.422867,1.802680,0.777019,0.627737,0.643876,0.643876,426.132564
681,0.408446,1.927498,0.753129,0.630688,0.638991,0.638991,425.289944
682,0.418392,1.958380,0.778726,0.641959,0.658135,0.658135,426.528444
683,0.421304,1.823217,0.771331,0.660280,0.673146,0.673146,427.748668
684,0.419532,1.835409,0.745734,0.645689,0.668793,0.668793,432.783644
685,0.414539,1.927098,0.749147,0.625178,0.643886,0.643886,427.279147
686,0.407339,1.898208,0.770193,0.657525,0.658891,0.658891,427.244618
687,0.410235,1.804885,0.770762,0.666916,0.677904,0.677904,427.995977
688,0.414674,1.915555,0.784983,0.648821,0.661812,0.661812,428.268726
689,0.396070,1.835563,0.749716,0.610239,0.627624,0.627624,428.822906
690,0.408530,1.769614,0.769625,0.631625,0.653686,0.653686,426.957086
691,0.417571,1.901717,0.781570,0.639109,0.656448,0.656448,429.281355
692,0.411621,1.932232,0.779863,0.655006,0.673612,0.673612,431.232419
693,0.439463,1.998207,0.764505,0.614643,0.633030,0.633030,425.179308
694,0.416206,1.962719,0.767918,0.627302,0.638285,0.638285,429.486214
695,0.418467,1.986610,0.763936,0.644935,0.653407,0.653407,427.142484
696,0.415777,1.807985,0.782139,0.677588,0.678854,0.678854,428.235525
697,0.407168,1.804791,0.788965,0.678102,0.685788,0.685788,427.198304
698,0.408346,1.932077,0.763367,0.656136,0.667944,0.667944,427.124080
699,0.409195,1.787333,0.782139,0.670705,0.679899,0.679899,426.996832
700,0.411429,2.005002,0.795222,0.640773,0.644679,0.644679,430.390734
701,0.413125,1.854537,0.752560,0.607880,0.630112,0.630112,427.341693
702,0.415868,1.850968,0.779295,0.644559,0.662759,0.662759,425.484679
703,0.423852,1.833413,0.758817,0.617079,0.630432,0.630432,425.602785
704,0.430897,1.888929,0.782708,0.654086,0.662053,0.662053,424.491548
705,0.416062,1.879450,0.781001,0.638130,0.646012,0.646012,427.570453
706,0.408108,1.890996,0.782139,0.654375,0.660055,0.660055,424.705075
707,0.404758,1.871483,0.791240,0.637911,0.652777,0.652777,426.725723
708,0.405559,1.952194,0.766780,0.642204,0.660481,0.660481,424.707396
709,0.407738,1.853858,0.769625,0.641735,0.661268,0.661268,426.398614
710,0.404206,1.845818,0.779295,0.655387,0.676954,0.676954,424.814228
711,0.422548,1.859486,0.732082,0.601623,0.630631,0.630631,433.124297
712,0.433175,2.070390,0.779863,0.639957,0.642953,0.642953,428.828267
713,0.417456,1.928055,0.798066,0.649200,0.652652,0.652652,429.820233
714,0.422023,1.844904,0.775313,0.669592,0.675283,0.675283,427.883065
715,0.404137,1.907542,0.794084,0.669760,0.671680,0.671680,431.298487
716,0.412488,1.843515,0.778726,0.652306,0.670875,0.670875,429.739087
717,0.407363,1.884502,0.791809,0.672589,0.685719,0.685719,429.275808
718,0.395662,1.863914,0.786689,0.664859,0.684841,0.684841,425.631212
719,0.396075,1.882963,0.764505,0.641050,0.650777,0.650777,428.480790
720,0.442388,1.928467,0.726962,0.593440,0.615938,0.615938,425.609627
721,0.424314,1.929715,0.758817,0.637507,0.649954,0.649954,427.447573
722,0.418904,1.927841,0.786121,0.637372,0.654261,0.654261,425.300045
723,0.422461,1.947179,0.773038,0.650109,0.651316,0.651316,425.652373
724,0.418070,1.859479,0.759386,0.638693,0.662062,0.662062,424.600083
725,0.394654,1.892106,0.773038,0.655282,0.669627,0.669627,424.396717
726,0.397960,1.778689,0.758248,0.643811,0.670698,0.670698,423.537258
727,0.405562,1.817412,0.770193,0.646802,0.665776,0.665776,430.150645
728,0.432833,2.017544,0.773038,0.611101,0.630104,0.630104,428.789202
729,0.406987,1.915380,0.779295,0.634411,0.653615,0.653615,430.667933
730,0.403649,1.866068,0.762230,0.612431,0.633160,0.633160,426.060426
731,0.427143,1.852349,0.777019,0.618088,0.632772,0.632772,432.307856
732,0.413975,1.898953,0.757679,0.631330,0.642623,0.642623,429.223178
733,0.409316,1.857040,0.763367,0.631214,0.636859,0.636859,428.708958
734,0.410334,1.951843,0.773606,0.596203,0.616200,0.616200,429.563471
735,0.419711,1.885074,0.765074,0.659713,0.679847,0.679847,427.860278
736,0.429746,1.962443,0.695677,0.582196,0.605255,0.605255,424.666716
737,0.423360,1.907309,0.773606,0.641962,0.649202,0.649202,427.241958
738,0.405141,1.980041,0.786689,0.646117,0.659861,0.659861,428.994410
739,0.408716,1.903710,0.784414,0.644437,0.643871,0.643871,424.989934
740,0.428678,1.912499,0.740614,0.588930,0.617346,0.617346,426.584918
741,0.409998,1.959638,0.741183,0.619750,0.627363,0.627363,429.832831
742,0.405892,1.816335,0.759386,0.655128,0.666975,0.666975,426.003672
743,0.407901,1.898798,0.762230,0.611091,0.616651,0.616651,424.456595
744,0.402068,1.897072,0.785552,0.651961,0.674824,0.674824,428.123121
745,0.416023,1.817381,0.770193,0.658026,0.668959,0.668959,426.447760
746,0.403159,1.827489,0.777019,0.632268,0.646785,0.646785,427.835680
747,0.433472,1.896205,0.771331,0.644066,0.652577,0.652577,427.035702
748,0.411578,1.735986,0.787827,0.681381,0.697475,0.697475,524.906961
749,0.418500,2.025222,0.772469,0.616192,0.637746,0.637746,480.960714
750,0.415318,1.878708,0.766780,0.618285,0.636943,0.636943,425.701418
751,0.396156,1.912957,0.765643,0.632891,0.651242,0.651242,429.097829
752,0.408949,1.916101,0.780432,0.634328,0.641005,0.641005,427.610227
753,0.418444,1.859765,0.783276,0.633507,0.661256,0.661256,425.184335
754,0.411508,1.874953,0.758248,0.633680,0.656967,0.656967,428.433259
755,0.408894,1.872341,0.779295,0.659053,0.671633,0.671633,426.163729
756,0.408404,1.961938,0.766780,0.626631,0.632539,0.632539,427.148719
757,0.409856,1.926528,0.779295,0.617634,0.632198,0.632198,427.554258
758,0.425722,1.938665,0.780432,0.659970,0.671002,0.671002,426.296417
759,0.417057,1.794432,0.766780,0.661368,0.671202,0.671202,423.742793
760,0.418633,1.880996,0.773606,0.623314,0.631806,0.631806,425.230896
761,0.422472,1.709760,0.782708,0.647488,0.653347,0.653347,426.174432
762,0.411038,2.092696,0.787258,0.642487,0.646505,0.646505,425.042615
763,0.400959,1.872573,0.784983,0.641098,0.651383,0.651383,427.543847
764,0.411682,2.036698,0.781570,0.618509,0.634858,0.634858,424.591252
765,0.412797,1.717957,0.785552,0.679267,0.683120,0.683120,424.898030
766,0.406028,1.733234,0.773606,0.641112,0.657756,0.657756,423.517229
767,0.401368,1.994851,0.777019,0.617697,0.629999,0.629999,424.385566
768,0.415434,1.890072,0.788396,0.658308,0.659461,0.659461,429.008001
769,0.403699,1.906490,0.798066,0.654287,0.660897,0.660897,426.200613
770,0.418985,1.896686,0.774744,0.627996,0.636181,0.636181,425.665746
771,0.418076,1.818344,0.776451,0.664136,0.677326,0.677326,427.492568
772,0.408477,1.929985,0.782708,0.638736,0.653986,0.653986,425.932215
773,0.417381,1.875901,0.762230,0.633477,0.653179,0.653179,426.042870
774,0.405882,2.033402,0.792947,0.632943,0.637673,0.637673,426.513759
775,0.407980,1.786365,0.791240,0.664348,0.683480,0.683480,424.655180
776,0.394736,1.899031,0.784983,0.656285,0.670090,0.670090,423.962067
777,0.400426,1.824240,0.765643,0.648072,0.657585,0.657585,423.996024
778,0.402918,1.886087,0.771900,0.661894,0.664918,0.664918,424.380658
779,0.411743,1.883532,0.769056,0.635213,0.654561,0.654561,424.074971
780,0.399622,1.837625,0.781570,0.625179,0.642727,0.642727,425.344382
781,0.407998,1.962347,0.770193,0.620846,0.630880,0.630880,430.698124
782,0.411003,1.905064,0.781570,0.633224,0.643649,0.643649,425.680833
783,0.404784,1.856907,0.777019,0.651430,0.663895,0.663895,424.742029
784,0.421194,1.951083,0.781570,0.640015,0.652043,0.652043,428.590942
785,0.409069,1.862865,0.767349,0.654493,0.666014,0.666014,427.645964
786,0.399422,1.871621,0.774744,0.661011,0.674207,0.674207,426.367034
787,0.403998,1.828510,0.773038,0.654266,0.662787,0.662787,426.583831
788,0.417630,1.974240,0.782139,0.623370,0.648742,0.648742,425.971193
789,0.423241,1.882964,0.777019,0.636001,0.648528,0.648528,425.281865
790,0.401815,2.022220,0.773606,0.633612,0.652172,0.652172,428.286583
791,0.400450,1.870775,0.780432,0.667469,0.681402,0.681402,426.702015
792,0.395516,1.858348,0.775882,0.647312,0.658609,0.658609,426.836267
793,0.412234,1.961893,0.783276,0.634746,0.655674,0.655674,428.762849
794,0.409440,1.788204,0.774175,0.639946,0.667554,0.667554,425.630426
795,0.393140,1.764619,0.787258,0.637592,0.652565,0.652565,424.566554
796,0.405256,1.852928,0.774744,0.644677,0.658413,0.658413,426.247885
797,0.411757,1.869047,0.774744,0.629021,0.642767,0.642767,426.925076
798,0.410165,1.859279,0.773606,0.636128,0.649177,0.649177,425.043980
799,0.409853,1.954342,0.735495,0.596080,0.611432,0.611432,428.766914
800,0.409734,1.970004,0.763936,0.615390,0.624193,0.624193,425.837614
801,0.401165,1.883662,0.772469,0.628785,0.650123,0.650123,424.955670
802,0.398486,1.888350,0.766212,0.643850,0.661305,0.661305,427.335328
803,0.407417,2.033765,0.780432,0.623517,0.643748,0.643748,426.279007
804,0.396280,1.875870,0.758248,0.647165,0.667868,0.667868,426.305720
805,0.396279,1.845675,0.749716,0.630260,0.646093,0.646093,429.410716
806,0.421891,1.865594,0.769056,0.668432,0.673239,0.673239,425.253948
807,0.400190,1.891621,0.776451,0.654084,0.665314,0.665314,424.897993
808,0.412402,2.056648,0.745165,0.582426,0.592629,0.592629,427.229806
809,0.433489,1.968862,0.781570,0.592017,0.609168,0.609168,425.179615
810,0.410992,1.912524,0.770193,0.646433,0.649691,0.649691,427.023069
811,0.411489,2.011685,0.782139,0.646205,0.660898,0.660898,427.982663
812,0.409623,2.040496,0.781001,0.623998,0.633894,0.633894,425.619846
813,0.418772,1.937427,0.773038,0.639713,0.649794,0.649794,425.707985
814,0.394011,2.121294,0.773606,0.589761,0.603810,0.603810,428.513137
815,0.410176,1.857889,0.759954,0.617668,0.633986,0.633986,424.827909
816,0.387991,1.800755,0.771900,0.650928,0.661058,0.661058,426.542150
817,0.396897,1.939668,0.779295,0.641380,0.659665,0.659665,428.892020
818,0.409221,1.992362,0.734926,0.603772,0.615911,0.615911,426.274577
819,0.421189,1.890184,0.748578,0.626399,0.655337,0.655337,425.548490
820,0.420179,1.815332,0.758817,0.632933,0.651625,0.651625,644.950738
821,0.407456,1.924870,0.778157,0.631323,0.645264,0.645264,542.290201
822,0.400136,2.077132,0.786689,0.620177,0.633830,0.633830,427.769226
823,0.392397,1.814309,0.775882,0.647301,0.655974,0.655974,425.459972
824,0.401253,1.902017,0.759954,0.638940,0.655954,0.655954,425.164683
825,0.399661,1.945235,0.776451,0.633865,0.638809,0.638809,424.391919
826,0.388500,1.938840,0.778157,0.666291,0.675179,0.675179,426.012311
827,0.393936,1.801705,0.765074,0.655420,0.673077,0.673077,423.732691
828,0.397875,1.879021,0.767349,0.650666,0.668828,0.668828,425.573157
829,0.405265,1.858808,0.779295,0.634525,0.651969,0.651969,424.196230
830,0.411964,1.925709,0.771331,0.637526,0.657836,0.657836,425.208290
831,0.397347,1.930793,0.784983,0.650719,0.662517,0.662517,423.879464
832,0.394211,2.064904,0.742890,0.610452,0.627518,0.627518,426.177121
833,0.422819,2.014589,0.783845,0.641317,0.647922,0.647922,422.791472
834,0.418684,1.834349,0.761661,0.655167,0.668921,0.668921,424.923781
835,0.405955,1.835616,0.761092,0.627631,0.641862,0.641862,423.830765
836,0.409866,1.793316,0.784983,0.642988,0.663184,0.663184,425.634224
837,0.405741,1.784770,0.774744,0.663512,0.670747,0.670747,422.573729
838,0.417334,2.014050,0.764505,0.626637,0.635591,0.635591,424.190042
839,0.395132,1.968577,0.790671,0.636500,0.646401,0.646401,423.742457
840,0.388066,1.971114,0.752560,0.620100,0.641042,0.641042,425.085917
841,0.396032,1.951643,0.770193,0.639233,0.651686,0.651686,423.744552
842,0.383368,2.012947,0.790671,0.643113,0.650152,0.650152,426.035835
843,0.395919,1.905089,0.787827,0.654951,0.672544,0.672544,424.760002
844,0.402749,1.764769,0.772469,0.628326,0.644984,0.644984,423.883731
845,0.405069,2.044618,0.754266,0.610379,0.618287,0.618287,424.090622
846,0.424872,1.942602,0.783276,0.642525,0.667734,0.667734,424.454266
847,0.409399,1.821752,0.790102,0.671432,0.688881,0.688881,424.076199
848,0.408581,1.757474,0.775313,0.651158,0.664003,0.664003,425.044237
849,0.413222,1.931355,0.771331,0.627682,0.641358,0.641358,424.467510
