epoch,train_loss,avg_valid_loss,valid_accuracy,valid_kappa,valid_kappa_exp,valid_kappa_mc,time
1,1.704918,1.722293,0.737770,0.000000,0.098890,0.098890,565.693566
2,1.648264,1.735693,0.737770,0.000000,0.150279,0.150279,565.916770
3,1.614851,1.735207,0.724687,0.293275,0.238434,0.238434,574.666757
4,1.588546,1.780218,0.709898,0.393801,0.242201,0.242201,569.294840
5,1.569199,1.585145,0.744596,0.350084,0.389931,0.389931,565.394638
6,1.549781,1.546739,0.740046,0.313400,0.413857,0.413857,569.570491
7,1.530834,1.642267,0.741183,0.120436,0.241185,0.241185,565.888842
8,1.510653,1.734220,0.741183,0.093384,0.174457,0.174457,571.612320
9,1.497743,1.520667,0.746303,0.442219,0.491843,0.491843,561.645596
10,1.485563,1.500562,0.754266,0.414374,0.480788,0.480788,566.856873
11,1.470333,1.686141,0.742321,0.118607,0.215903,0.215903,578.820400
12,1.455823,inf,0.740046,0.094564,0.132153,0.132153,577.955989
13,1.443401,1.504563,0.746871,0.470098,0.520061,0.520061,583.695647
14,1.433539,1.457047,0.753129,0.462962,0.537995,0.537995,586.048098
15,1.422078,1.476616,0.748009,0.494433,0.542575,0.542575,572.080283
16,1.407096,1.423917,0.758248,0.305946,0.482440,0.482440,567.137749
17,1.393582,1.397099,0.759954,0.463821,0.560559,0.560559,561.373355
18,1.380800,1.425691,0.761661,0.363187,0.484151,0.484151,566.373683
19,1.368631,1.364729,0.782708,0.522632,0.584610,0.584610,621.299737
20,1.351828,1.481804,0.751991,0.253976,0.388819,0.388819,641.143957
21,1.343334,1.412003,0.759954,0.299502,0.442817,0.442817,629.341028
22,1.329669,1.388569,0.770762,0.404933,0.493110,0.493110,644.175507
23,1.319636,1.342162,0.775313,0.503231,0.577181,0.577181,620.037360
24,1.306437,1.314131,0.787258,0.533931,0.607384,0.607384,629.382710
25,1.297098,1.298871,0.785552,0.602374,0.608370,0.608370,624.233152
26,1.289457,1.285484,0.782139,0.579923,0.649357,0.649357,651.937920
27,1.279245,1.297073,0.786121,0.520574,0.572294,0.572294,633.926857
28,1.268610,1.273261,0.778157,0.556802,0.633028,0.633028,645.572594
29,1.260468,1.272315,0.782708,0.570165,0.601514,0.601514,646.745840
30,1.250510,1.264124,0.803754,0.616603,0.650250,0.650250,656.768641
31,1.243850,1.559310,0.665529,0.438030,0.452755,0.452755,670.097768
32,1.234071,1.249355,0.786689,0.623471,0.678770,0.678770,675.601144
33,1.223559,1.223223,0.788965,0.565155,0.642480,0.642480,672.570097
34,1.219462,1.260062,0.788396,0.634225,0.606211,0.606211,671.375512
35,1.208153,1.358605,0.763367,0.304648,0.410650,0.410650,668.593592
36,1.198599,1.194948,0.803754,0.630329,0.682021,0.682021,681.153577
37,1.193219,1.293648,0.767918,0.608339,0.616770,0.616770,692.716992
38,1.181803,1.194842,0.799772,0.619650,0.657421,0.657421,692.519967
39,1.173213,1.218666,0.777588,0.629666,0.676721,0.676721,687.648204
40,1.167279,1.222356,0.791240,0.551621,0.608086,0.608086,681.310184
41,1.158932,1.293386,0.774175,0.391235,0.465241,0.465241,672.741391
42,1.154987,1.186704,0.796928,0.538802,0.603379,0.603379,679.696411
43,1.145301,1.209977,0.787827,0.580175,0.653623,0.653623,647.982413
44,1.136748,1.188480,0.781570,0.466410,0.555271,0.555271,597.706975
45,1.130013,1.137683,0.806598,0.638526,0.666786,0.666786,596.772069
46,1.122269,1.158304,0.791240,0.564143,0.605077,0.605077,603.832047
47,1.118481,1.138403,0.800910,0.590870,0.648233,0.648233,603.473264
48,1.112561,1.128161,0.799204,0.580873,0.645854,0.645854,605.541345
49,1.104473,1.182990,0.784414,0.533330,0.593809,0.593809,603.219479
50,1.098921,1.106232,0.802048,0.612790,0.658491,0.658491,591.664439
51,1.091419,1.136241,0.791240,0.604539,0.675372,0.675372,602.547755
52,1.085984,1.149289,0.790102,0.523970,0.596075,0.596075,601.757408
53,1.080336,1.076959,0.811149,0.649905,0.679960,0.679960,580.744032
54,1.070846,1.114389,0.792378,0.617426,0.666504,0.666504,578.012881
55,1.064074,1.153484,0.786689,0.626770,0.662830,0.662830,581.258814
56,1.061151,1.126099,0.795222,0.616233,0.683935,0.683935,579.501229
57,1.051681,1.067942,0.803754,0.654568,0.699479,0.699479,590.636933
58,1.046022,1.080196,0.807736,0.635167,0.672925,0.672925,578.559362
59,1.041674,1.376862,0.691695,0.547422,0.525835,0.525835,583.996637
60,1.035451,1.065653,0.807736,0.559580,0.631611,0.631611,584.506745
61,1.028158,1.056576,0.800341,0.602604,0.662612,0.662612,584.121911
62,1.023376,1.061233,0.810011,0.622863,0.664597,0.664597,553.352900
63,1.020055,1.040823,0.807167,0.660897,0.709463,0.709463,551.559272
64,1.012334,1.026826,0.816268,0.684814,0.711511,0.711511,533.906299
65,1.006670,1.040563,0.812856,0.657956,0.691372,0.691372,534.284662
66,1.002333,1.067212,0.796359,0.655393,0.677929,0.677929,540.292556
67,0.995974,1.049523,0.802048,0.606487,0.670044,0.670044,535.955321
68,0.988879,1.058624,0.805461,0.614794,0.656102,0.656102,530.659904
69,0.987161,1.014889,0.807167,0.644785,0.683560,0.683560,527.343660
70,0.982943,1.005933,0.811718,0.645863,0.686744,0.686744,536.598753
71,0.975540,1.130304,0.795222,0.535605,0.593952,0.593952,541.579235
72,0.968862,1.053889,0.795222,0.658946,0.682454,0.682454,533.588600
73,0.964204,1.013206,0.799204,0.682089,0.705142,0.705142,528.553289
74,0.961094,1.012885,0.794084,0.640845,0.671620,0.671620,543.771731
75,0.952577,1.001526,0.806030,0.661712,0.697271,0.697271,533.668643
76,0.946024,1.026766,0.792947,0.655518,0.671225,0.671225,532.798493
77,0.946096,0.993071,0.810011,0.642265,0.705468,0.705468,531.625147
78,0.941041,0.984693,0.818544,0.652586,0.677479,0.677479,526.732202
79,0.933513,0.969123,0.824801,0.693562,0.707851,0.707851,521.944818
80,0.925603,0.952514,0.816268,0.671244,0.706393,0.706393,523.369659
81,0.926310,1.023580,0.788396,0.672960,0.685646,0.685646,526.925692
82,0.918792,0.996490,0.802048,0.651891,0.689209,0.689209,568.333917
83,0.912984,0.974210,0.805461,0.630545,0.682320,0.682320,528.454594
84,0.911578,1.066246,0.748578,0.590384,0.604031,0.604031,531.439764
85,0.906838,1.187134,0.772469,0.516166,0.562702,0.562702,540.043700
86,0.904562,0.961093,0.803754,0.653415,0.700775,0.700775,542.834425
87,0.897196,0.964364,0.812856,0.635443,0.676745,0.676745,524.140048
88,0.891175,0.949189,0.810580,0.682611,0.715832,0.715832,524.739118
89,0.886662,1.036680,0.801479,0.542261,0.582664,0.582664,531.221847
90,0.885458,0.957774,0.799772,0.666431,0.731438,0.731438,540.185414
91,0.879623,0.939668,0.796928,0.653329,0.698532,0.698532,561.064558
92,0.873990,0.926208,0.812287,0.653989,0.717193,0.717193,558.603956
93,0.873002,0.917342,0.811149,0.669367,0.719095,0.719095,560.498630
94,0.867285,0.935421,0.811149,0.691859,0.720154,0.720154,559.665151
95,0.863863,0.947776,0.805461,0.651037,0.698145,0.698145,560.143836
96,0.858386,0.941250,0.811149,0.649820,0.692918,0.692918,561.957140
97,0.855987,0.914839,0.811149,0.634076,0.683202,0.683202,560.606657
98,0.850910,0.917997,0.805461,0.683455,0.705595,0.705595,558.700449
99,0.845369,0.965118,0.797497,0.669050,0.660966,0.660966,556.881310
100,0.843034,0.909237,0.812287,0.674575,0.709675,0.709675,557.011922
101,0.837065,0.909656,0.817975,0.696926,0.712358,0.712358,557.005706
102,0.836632,0.898766,0.817406,0.659714,0.677111,0.677111,560.243804
103,0.831801,0.936487,0.803754,0.585864,0.626031,0.626031,562.985847
104,0.826210,0.915432,0.803185,0.661937,0.679574,0.679574,566.084487
105,0.821515,0.891354,0.810011,0.668025,0.702683,0.702683,564.995973
106,0.821037,0.906528,0.804323,0.688655,0.715980,0.715980,563.531303
107,0.816981,0.867345,0.815700,0.699697,0.733471,0.733471,562.800735
108,0.812669,0.959065,0.796359,0.599332,0.656633,0.656633,564.391427
109,0.809675,0.866378,0.815700,0.697970,0.726081,0.726081,571.690390
110,0.801142,0.872841,0.811149,0.665201,0.709461,0.709461,574.721769
111,0.802454,0.904152,0.801479,0.659679,0.697405,0.697405,570.028945
112,0.797314,0.874180,0.815700,0.687279,0.707337,0.707337,574.868887
113,0.794735,0.899916,0.816837,0.638256,0.676598,0.676598,565.247451
114,0.788012,0.868363,0.821388,0.702048,0.729772,0.729772,564.524995
115,0.785224,0.889193,0.812287,0.633821,0.676732,0.676732,561.651057
116,0.784011,0.891022,0.802048,0.680948,0.693168,0.693168,564.026751
117,0.778565,0.880386,0.810011,0.668706,0.687522,0.687522,565.375426
118,0.772613,0.886645,0.802048,0.655734,0.672512,0.672512,562.936909
119,0.773348,0.860602,0.815700,0.665949,0.710872,0.710872,561.633525
120,0.765413,0.852224,0.813424,0.671026,0.699763,0.699763,579.067733
121,0.764664,0.852220,0.818544,0.699521,0.724937,0.724937,598.970949
122,0.763513,0.888128,0.795222,0.668816,0.702168,0.702168,603.804419
123,0.757059,0.875623,0.812856,0.690404,0.723139,0.723139,600.351526
124,0.756493,0.884042,0.814562,0.676010,0.680221,0.680221,594.543954
125,0.750738,0.927215,0.787258,0.670016,0.682929,0.682929,586.648112
126,0.748241,0.859666,0.810580,0.691928,0.715767,0.715767,587.194927
127,0.748001,0.852257,0.811149,0.657613,0.699941,0.699941,594.831273
128,0.738837,0.897077,0.787258,0.670905,0.670471,0.670471,597.103012
129,0.739722,0.848038,0.817406,0.691504,0.715261,0.715261,583.159988
130,0.734137,0.865140,0.816268,0.688096,0.718248,0.718248,624.026521
131,0.733622,0.878784,0.807167,0.706803,0.695496,0.695496,646.485404
132,0.729943,0.835940,0.821388,0.702219,0.719997,0.719997,643.116550
133,0.724352,0.838361,0.816268,0.702469,0.723741,0.723741,653.676907
134,0.720963,0.855031,0.810580,0.679417,0.712962,0.712962,654.646792
135,0.713767,0.837521,0.816268,0.680365,0.703282,0.703282,654.889457
136,0.714237,0.964896,0.762230,0.631721,0.650127,0.650127,656.521645
137,0.714786,0.888147,0.795222,0.678184,0.697061,0.697061,652.264641
138,0.704542,0.818864,0.812287,0.680520,0.717766,0.717766,798.034060
139,0.704130,0.852453,0.811718,0.679898,0.710791,0.710791,820.555775
140,0.702533,0.850136,0.815131,0.651120,0.685315,0.685315,778.017056
141,0.698828,0.855243,0.811718,0.657698,0.701605,0.701605,747.112221
142,0.696829,0.927861,0.778157,0.650890,0.672492,0.672492,806.109128
143,0.692973,0.855307,0.812287,0.688281,0.695270,0.695270,839.998196
144,0.691957,0.859295,0.806030,0.654978,0.685401,0.685401,826.406591
145,0.684804,0.819519,0.816268,0.699586,0.727412,0.727412,837.846585
146,0.684896,0.969779,0.804323,0.609367,0.649877,0.649877,813.403820
147,0.679787,0.853184,0.798066,0.654575,0.683143,0.683143,850.573989
148,0.677671,0.875321,0.816837,0.650437,0.680970,0.680970,831.003020
149,0.673045,0.891654,0.797497,0.626137,0.669557,0.669557,833.462321
150,0.671712,0.856712,0.792378,0.675031,0.683724,0.683724,847.041444
151,0.666347,0.838462,0.814562,0.700070,0.716122,0.716122,860.171987
152,0.666566,0.837296,0.811718,0.683637,0.714923,0.714923,852.723594
153,0.666161,0.896538,0.819113,0.702425,0.720210,0.720210,808.463438
154,0.659302,0.861338,0.810580,0.638689,0.686753,0.686753,723.513022
155,0.655875,0.874884,0.815700,0.696029,0.710965,0.710965,696.884606
156,0.653159,0.836595,0.810580,0.680731,0.702828,0.702828,740.771053
157,0.649867,inf,0.812287,0.667957,0.711531,0.711531,749.939484
158,0.647029,0.882934,0.792378,0.659287,0.671324,0.671324,746.601447
159,0.644049,0.866685,0.810011,0.688920,0.709603,0.709603,738.068023
160,0.642130,0.870214,0.795222,0.682328,0.703404,0.703404,750.254120
161,0.637632,0.870190,0.806030,0.672222,0.705932,0.705932,752.063830
162,0.636715,0.853420,0.796928,0.686838,0.683886,0.683886,738.805274
163,0.633323,0.887722,0.799204,0.646815,0.665403,0.665403,757.794182
164,0.630326,inf,0.806598,0.700728,0.721248,0.721248,751.022674
165,0.625356,0.847177,0.807736,0.688039,0.709852,0.709852,752.613561
166,0.626863,0.852955,0.824232,0.688907,0.707794,0.707794,743.898576
167,0.619222,0.869675,0.808874,0.690607,0.711128,0.711128,673.211047
168,0.621763,0.806595,0.812856,0.697266,0.734069,0.734069,633.858533
169,0.612461,0.851783,0.805461,0.693546,0.713390,0.713390,603.781835
170,0.608433,0.862787,0.803754,0.681780,0.705697,0.705697,621.735070
171,0.606810,0.879623,0.788965,0.675607,0.706773,0.706773,623.654589
172,0.606633,inf,0.813424,0.697560,0.709286,0.709286,614.015178
173,0.601748,0.926000,0.775313,0.655447,0.672959,0.672959,621.509847
174,0.604229,0.867084,0.812287,0.668154,0.694350,0.694350,630.485582
175,0.596445,0.898323,0.796928,0.680268,0.703731,0.703731,629.146963
176,0.594165,1.029724,0.698521,0.582954,0.608469,0.608469,603.595996
177,0.598913,0.875105,0.806030,0.683681,0.706366,0.706366,606.391891
178,0.588193,0.839541,0.802617,0.690694,0.725898,0.725898,602.183624
179,0.586226,0.850852,0.803754,0.642300,0.688321,0.688321,620.761545
180,0.585561,0.834206,0.803185,0.691751,0.709823,0.709823,598.772039
181,0.577678,0.919204,0.816268,0.646692,0.671122,0.671122,598.796811
182,0.577487,0.864845,0.806030,0.655013,0.676147,0.676147,593.173696
183,0.575778,0.888822,0.794653,0.671884,0.713565,0.713565,551.358603
184,0.573192,0.908361,0.808305,0.675821,0.703653,0.703653,542.597496
185,0.568918,0.905312,0.787827,0.683185,0.694515,0.694515,542.088874
186,0.566557,0.846250,0.810011,0.676396,0.699770,0.699770,556.945946
187,0.560933,0.875160,0.804892,0.670065,0.704280,0.704280,544.038020
188,0.556567,inf,0.810011,0.703008,0.716224,0.716224,555.793250
189,0.555735,0.920530,0.789534,0.667258,0.699212,0.699212,552.052414
190,0.557785,0.872317,0.811718,0.645406,0.693960,0.693960,544.475111
191,0.553132,0.883459,0.804323,0.681010,0.712049,0.712049,559.570970
192,0.543355,0.883361,0.804892,0.674130,0.707280,0.707280,576.204187
193,0.548818,0.890013,0.791240,0.676829,0.696286,0.696286,561.791689
194,0.543019,0.900656,0.782708,0.656211,0.676332,0.676332,557.186325
195,0.539521,0.857302,0.800341,0.694050,0.688817,0.688817,573.020968
196,0.539973,0.930924,0.800341,0.624945,0.651510,0.651510,558.979090
197,0.535860,0.926269,0.807736,0.679339,0.700034,0.700034,564.639330
198,0.536194,inf,0.796928,0.656913,0.692719,0.692719,561.439224
199,0.533573,0.890000,0.790671,0.670960,0.693938,0.693938,548.588047
200,0.527025,0.922988,0.796928,0.643875,0.678545,0.678545,544.855722
201,0.521640,0.944532,0.779863,0.651983,0.672842,0.672842,541.746418
202,0.523499,0.912089,0.787258,0.675470,0.691057,0.691057,543.661774
203,0.517555,inf,0.775882,0.681575,0.705833,0.705833,555.902488
204,0.518120,0.931736,0.792378,0.699701,0.711887,0.711887,545.350412
205,0.514404,0.952960,0.808874,0.684296,0.705946,0.705946,574.863756
206,0.510827,1.030676,0.801479,0.642216,0.664511,0.664511,566.235054
207,0.506955,0.929978,0.768487,0.657936,0.673725,0.673725,552.156787
208,0.510791,0.976487,0.765643,0.645419,0.652365,0.652365,524.826535
209,0.502081,0.909298,0.807167,0.684570,0.708543,0.708543,531.783519
210,0.498927,0.952236,0.783276,0.670948,0.687701,0.687701,539.553092
211,0.499316,0.904734,0.798066,0.691496,0.710847,0.710847,529.238374
212,0.492767,0.964911,0.769056,0.660671,0.683703,0.683703,531.684637
213,0.494889,1.252869,0.624573,0.529689,0.563229,0.563229,529.777333
214,0.489426,1.018758,0.789534,0.632854,0.663470,0.663470,526.726063
215,0.488233,0.963818,0.775882,0.631167,0.674762,0.674762,532.269082
216,0.481729,0.981769,0.762230,0.646986,0.675896,0.675896,528.422038
217,0.479799,0.993684,0.798635,0.650128,0.677760,0.677760,524.457090
218,0.479151,inf,0.795791,0.663094,0.694456,0.694456,524.196755
219,0.473544,inf,0.777019,0.681311,0.701062,0.701062,526.981371
220,0.473756,0.993521,0.753697,0.632531,0.644065,0.644065,529.737948
221,0.469387,inf,0.759386,0.655645,0.674064,0.674064,521.271477
222,0.470409,0.951779,0.794084,0.670258,0.696675,0.696675,528.904161
223,0.464440,0.986658,0.761092,0.642652,0.679075,0.679075,531.165861
224,0.460825,1.097774,0.739477,0.589394,0.631184,0.631184,524.512763
225,0.463498,1.036972,0.781001,0.633095,0.665704,0.665704,533.267478
226,0.457809,0.995260,0.750853,0.617485,0.651772,0.651772,540.337366
227,0.453988,0.995926,0.793515,0.660886,0.684682,0.684682,550.802468
228,0.454375,1.127227,0.800341,0.617417,0.637699,0.637699,539.129569
229,0.448889,1.015288,0.805461,0.690319,0.723076,0.723076,523.341343
230,0.451870,1.015191,0.786121,0.637960,0.674025,0.674025,526.357738
