epoch,train_loss,avg_valid_loss,valid_accuracy,valid_kappa,valid_kappa_exp,time
1,inf,3.699551,0.737770,0.000000,0.092300,2659.768405
2,3.713911,3.671509,0.737770,0.000000,0.095405,2468.820987
3,3.678270,3.628674,0.737770,0.000000,0.096973,2789.607953
4,3.648046,3.598726,0.737770,0.000000,0.120239,2832.355555
5,3.621984,3.573487,0.737770,0.000000,0.168834,2809.110270
6,3.600657,3.545332,0.737770,0.000000,0.170178,2901.712685
7,3.569252,3.513232,0.737770,0.027774,0.177125,2979.069286
8,3.543750,3.504251,0.737770,0.026353,0.180268,2868.227267
9,3.525376,3.468752,0.738339,0.038910,0.193187,2921.513351
10,3.497815,3.450876,0.738339,0.017725,0.158797,2917.910065
11,3.471188,3.422133,0.737201,0.015786,0.186361,2921.484561
12,3.452863,3.417873,0.738339,0.026542,0.192850,2836.626658
13,3.429262,3.379519,0.738339,0.027971,0.207403,2865.444915
14,3.412058,3.365843,0.738339,0.055987,0.234035,2822.867960
15,3.391061,3.360695,0.737201,0.042116,0.217634,2849.926768
16,3.368826,3.332032,0.737201,0.015786,0.210603,2897.359363
17,3.349803,3.304013,0.738339,0.040333,0.210352,3032.113004
18,3.327271,3.319895,0.737201,0.024592,0.203233,2941.395677
19,3.300973,3.267311,0.737201,0.043589,0.225252,2707.729084
20,3.287657,3.257050,0.734926,0.047025,0.211517,2882.861408
21,3.261996,3.222982,0.739477,0.083978,0.259333,2906.132119
22,3.246176,3.232802,0.738339,0.092803,0.207316,2893.579154
23,3.225616,3.303741,0.740046,0.059104,0.194339,2877.773290
24,3.199635,3.154132,0.743458,0.112886,0.331038,2932.147164
25,3.178119,3.161721,0.744027,0.128792,0.258945,2851.804893
26,3.160344,3.407114,0.737201,0.036942,0.181938,2945.899224
27,3.139398,3.090618,0.740614,0.169281,0.338558,2927.679050
28,3.115104,3.066377,0.742890,0.151800,0.317716,2819.414772
29,3.091758,3.277887,0.737201,0.086863,0.196937,2837.303863
30,3.073427,3.075858,0.743458,0.251998,0.346472,2865.212210
31,3.057859,3.139006,0.741183,0.244217,0.248114,2854.034877
32,3.041874,3.008043,0.738339,0.042116,0.272534,2842.615949
33,3.021625,3.195817,0.741183,0.077793,0.208307,2827.794547
34,2.989587,3.092297,0.748578,0.389361,0.336849,2820.469447
35,2.980461,3.004068,0.740614,0.080076,0.262822,2831.927210
36,2.956684,2.978983,0.736064,0.056714,0.281017,2870.510255
37,2.951589,2.917079,0.740614,0.222242,0.391951,2895.905834
38,2.925616,3.045851,0.743458,0.325867,0.283109,2914.584297
39,2.907556,2.910754,0.740046,0.186332,0.328601,2891.069590
40,2.884926,2.817247,0.745734,0.324943,0.430290,2886.066375
41,2.874662,2.891805,0.746303,0.221180,0.355328,3005.952114
42,2.846529,2.853030,0.751991,0.253974,0.349645,2898.505023
43,2.812811,2.817280,0.745734,0.367185,0.478534,2891.220976
44,2.787507,2.774800,0.749147,0.378544,0.459795,3010.735327
45,2.757836,2.759176,0.760523,0.444589,0.469330,2879.561330
46,2.726264,2.733336,0.754835,0.504594,0.540928,2949.266808
47,2.717849,2.709896,0.755973,0.303150,0.462220,2907.673048
48,2.692253,2.695268,0.765074,0.430171,0.459640,2993.274444
49,2.665750,2.629542,0.773038,0.499974,0.587712,2883.554811
50,2.638484,2.624063,0.766212,0.405241,0.542350,2947.084319
51,2.622074,2.602249,0.774175,0.451163,0.552760,2870.781122
52,2.596145,2.706638,0.761661,0.387162,0.455063,2844.000469
53,2.574476,2.610427,0.767349,0.547539,0.538158,2809.155984
54,2.552154,2.517476,0.779295,0.520804,0.586939,2717.300102
55,2.543536,2.670605,0.763367,0.303213,0.389735,2638.940051
56,2.523237,2.483310,0.783845,0.539222,0.592772,2890.765051
57,2.498609,2.525604,0.770762,0.460733,0.580637,2785.629391
58,2.484846,2.580011,0.763367,0.361396,0.469925,2547.222368
59,2.460631,2.449117,0.778726,0.452013,0.551221,2721.083441
60,2.448858,2.531332,0.781570,0.602960,0.595352,2522.670971
61,2.432178,2.460509,0.774175,0.548240,0.617209,2538.315405
62,2.419777,2.542970,0.768487,0.604671,0.589134,2535.291436
63,2.402128,2.455400,0.778157,0.547144,0.576053,2528.441174
64,2.379268,2.365562,0.781570,0.475265,0.585153,2520.147115
65,2.365787,2.311220,0.787827,0.502972,0.606829,2540.716223
66,2.344073,2.318304,0.798066,0.598396,0.651008,2528.510286
67,2.311005,2.259513,0.787258,0.576509,0.665112,2527.613145
68,2.287924,2.229237,0.799204,0.577269,0.653242,2529.005466
69,2.253425,2.217920,0.790102,0.488293,0.615271,2522.075424
70,2.227391,3.680934,0.498294,0.349951,0.329995,2527.825846
71,2.198683,2.226755,0.796928,0.537216,0.642839,2669.253573
72,2.183180,2.293896,0.795791,0.660582,0.655780,2524.616859
73,2.148844,2.214084,0.796359,0.544410,0.636322,2530.665821
74,2.140239,2.068897,0.819113,0.650034,0.708885,2522.905714
75,2.108909,2.260990,0.788965,0.467223,0.555419,2525.367097
76,2.104905,2.039184,0.824801,0.673588,0.741770,2523.003284
77,2.074550,2.051165,0.825370,0.664142,0.707432,2522.101595
78,2.065589,2.078380,0.815131,0.612600,0.673029,2523.719106
79,2.041224,1.977985,0.830489,0.712608,0.758903,2999.497635
80,2.026320,1.990787,0.819681,0.671334,0.727748,3334.612740
81,2.018026,1.954126,0.828783,0.726591,0.776649,3034.374744
82,2.012230,2.091717,0.807736,0.573846,0.644291,3428.305371
83,1.993839,1.933288,0.827076,0.725500,0.764961,3241.168001
84,1.980212,1.941965,0.826507,0.654298,0.749822,3119.949061
85,1.963489,1.984505,0.821957,0.711526,0.721677,3051.425895
86,1.954436,1.999984,0.814562,0.714837,0.716853,2767.089643
87,1.941200,1.918871,0.827076,0.686949,0.750155,2854.876374
88,1.922749,1.891688,0.834471,0.742028,0.763635,2786.267109
89,1.906889,1.888133,0.825370,0.709090,0.751582,2744.731861
90,1.897658,1.868784,0.822526,0.689023,0.736804,2798.817769
91,1.891557,1.839255,0.825939,0.701388,0.756374,2667.335087
92,1.881832,2.023186,0.816268,0.670509,0.709603,2707.055688
93,1.873569,1.865481,0.831058,0.714756,0.729286,2798.391764
94,1.868017,1.833079,0.825370,0.666568,0.748779,2782.247238
95,1.848532,1.840981,0.833902,0.723320,0.756768,2907.182374
96,1.835266,1.811703,0.832196,0.717655,0.773007,2751.207366
97,1.822223,1.809938,0.825370,0.675352,0.742946,2780.755178
98,1.825244,1.788151,0.829352,0.675885,0.734290,2704.870686
99,1.801007,1.756513,0.826507,0.721582,0.781441,2797.295269
100,1.802340,1.760948,0.833333,0.702744,0.764079,2784.683247
101,1.781651,1.766304,0.828783,0.694911,0.740520,2643.612903
102,1.780980,1.791937,0.830489,0.736630,0.758311,2802.842457
103,1.765694,1.742881,0.835040,0.731953,0.771390,2810.975501
104,1.765077,1.711884,0.835609,0.742123,0.787892,2885.243357
105,1.746597,1.833835,0.827076,0.700939,0.741310,2835.467136
106,1.747798,1.717289,0.836746,0.714152,0.768606,2821.817195
107,1.733392,1.700346,0.834471,0.737693,0.771947,2796.469847
108,1.721780,1.739435,0.832765,0.721725,0.778536,2882.424311
109,1.718000,1.750632,0.833333,0.674100,0.733531,3137.063973
110,1.704426,1.685889,0.838453,0.718893,0.766713,3040.515359
111,1.698138,1.709710,0.833902,0.744254,0.773852,2978.589472
112,1.684323,1.746207,0.835040,0.747832,0.764555,3045.910624
113,1.684788,1.650525,0.836177,0.735829,0.782355,3041.618207
114,1.668710,1.763271,0.821957,0.611725,0.659401,3019.139634
115,1.661287,1.674206,0.835609,0.704716,0.748796,3069.160044
116,1.660367,1.669389,0.828214,0.698744,0.742766,3032.117080
117,1.651668,1.628068,0.839590,0.733109,0.768390,3027.601836
118,1.650019,1.739550,0.831627,0.745223,0.755632,2984.565730
119,1.638372,1.671660,0.830489,0.738294,0.774926,2987.609635
120,1.623847,1.597292,0.845848,0.783221,0.791574,3073.757386
121,1.620088,1.582598,0.838453,0.756342,0.791233,3050.339980
122,1.608016,1.635341,0.828783,0.722057,0.763985,3026.878439
123,1.610715,1.598313,0.841297,0.754548,0.780016,3026.849705
124,1.589663,1.596272,0.832765,0.710951,0.759292,2956.371152
125,1.590762,1.565253,0.827076,0.695587,0.730966,2927.138921
126,1.585867,1.601670,0.825939,0.758192,0.789255,3020.755299
127,1.580087,1.574042,0.841866,0.758719,0.780319,2992.806808
128,1.568993,1.589009,0.830489,0.704138,0.756108,2947.126854
129,1.568897,1.633269,0.828783,0.725322,0.748468,2919.500647
130,1.550057,1.544869,0.838453,0.728771,0.768253,2969.844116
131,1.543401,1.602236,0.831627,0.724164,0.753791,2979.290126
132,1.546543,1.559968,0.836177,0.747436,0.787841,2924.318040
133,1.527128,1.535109,0.839590,0.758639,0.766875,3094.016569
134,1.534700,1.519195,0.840728,0.754153,0.786636,2875.522824
135,1.524160,1.617592,0.824801,0.721208,0.753433,2824.949181
136,1.517899,1.508135,0.836177,0.710430,0.772297,2893.452708
137,1.512922,1.523711,0.840159,0.737848,0.772513,2953.054624
138,1.511431,1.520645,0.833333,0.712653,0.768190,3020.094466
139,1.502510,1.595851,0.824232,0.666714,0.715537,2990.711455
140,1.489761,1.497508,0.834471,0.726298,0.751882,2972.565901
141,1.484918,1.515801,0.836177,0.713335,0.752810,3012.781950
142,1.476218,1.514593,0.837315,0.761160,0.795409,3058.783653
143,1.480511,1.523564,0.833902,0.693852,0.741159,3058.369585
144,1.469245,1.493809,0.833333,0.722981,0.741588,2993.829788
145,1.472080,1.532764,0.839590,0.754344,0.778374,2970.034023
146,1.457869,1.520211,0.837315,0.760320,0.765585,3060.453841
147,1.456984,1.464480,0.843572,0.755466,0.775834,3030.736964
148,1.446945,1.432690,0.848123,0.772901,0.789702,3066.145681
149,1.443781,1.443722,0.845848,0.777374,0.792985,3073.947676
150,1.438968,1.441984,0.839590,0.760540,0.803074,3061.740448
151,1.429248,1.492433,0.826507,0.661070,0.719788,3035.364275
152,1.429021,1.527313,0.841866,0.788771,0.786263,3063.870356
153,1.422015,1.451542,0.835040,0.711787,0.766290,3006.676519
154,1.413666,1.388896,0.838453,0.745066,0.784067,2985.702571
155,1.418286,1.450604,0.841866,0.752458,0.789431,3065.511680
156,1.400921,1.452719,0.842435,0.754054,0.786047,2986.082729
157,1.403448,1.422159,0.840159,0.734799,0.767870,3024.955230
158,1.393126,1.417815,0.834471,0.742987,0.784071,3003.260328
159,1.397439,1.437554,0.835609,0.753530,0.781159,3119.087573
160,1.389107,1.412116,0.846985,0.782284,0.807545,3186.779580
161,1.384582,1.463748,0.823663,0.677453,0.735179,2999.874434
162,1.383772,1.594629,0.827076,0.714159,0.746644,3301.310779
163,1.382005,1.430181,0.831058,0.735425,0.775245,3370.284967
164,1.370715,1.364420,0.839022,0.754000,0.787645,3362.822306
165,1.361015,1.397913,0.839022,0.737932,0.773744,3375.615333
166,1.375586,1.405871,0.837315,0.750722,0.775336,3324.110291
167,1.357155,1.371878,0.837315,0.757442,0.801865,3288.859051
168,1.347147,1.388743,0.840159,0.748321,0.784613,3308.489025
169,1.344095,1.368862,0.848692,0.764907,0.789183,3318.580267
170,1.342573,1.372063,0.842435,0.773168,0.809290,3303.361712
171,1.336072,1.453825,0.827645,0.726848,0.769672,3309.539304
172,1.336360,1.344409,0.845279,0.769747,0.807017,3337.323750
173,1.325850,1.392507,0.833333,0.756255,0.771147,3340.127690
174,1.324122,1.481565,0.827645,0.756366,0.750894,3384.504982
175,1.323809,1.340168,0.841866,0.744285,0.786614,3356.972462
176,1.309726,1.371358,0.835609,0.766646,0.800849,3369.352208
177,1.306806,1.394274,0.841866,0.753195,0.782892,3311.889552
178,1.310919,1.319931,0.844710,0.773210,0.803073,3374.405915
179,1.298093,1.398866,0.834471,0.688118,0.726093,3377.935436
180,1.300822,1.355748,0.838453,0.737094,0.776241,3403.359244
181,1.286730,1.350700,0.836746,0.766192,0.792571,3289.039253
182,1.290139,1.348290,0.838453,0.749982,0.775640,3037.976698
183,1.289085,1.328646,0.839590,0.750514,0.787716,3291.944693
184,1.286879,1.371502,0.833902,0.750662,0.758498,3229.917321
185,1.277775,1.479760,0.825939,0.745335,0.774561,3430.590018
186,1.276405,1.340711,0.843003,0.760591,0.788409,3409.219400
187,1.265908,1.287817,0.844710,0.762238,0.793948,3521.250941
188,1.263687,1.323548,0.840159,0.745371,0.766804,3544.796518
189,1.272362,1.290264,0.836746,0.738952,0.774827,3505.235284
190,1.260822,1.289171,0.832765,0.719414,0.764961,3459.391400
191,1.253972,1.312338,0.837315,0.758308,0.788508,3502.751774
192,1.252973,1.443745,0.833333,0.770158,0.769676,3421.617412
193,1.252473,1.289256,0.846985,0.764762,0.798059,3418.152048
194,1.249004,1.328464,0.844710,0.763258,0.786155,3516.857892
195,1.242260,1.320324,0.837884,0.730005,0.770006,3490.351892
196,1.232119,1.306749,0.835040,0.752797,0.806508,3551.543821
197,1.239470,1.301944,0.844141,0.745051,0.772972,3472.582318
198,1.229293,1.329499,0.834471,0.715728,0.743966,3549.844987
199,1.224805,1.260067,0.844141,0.762834,0.816629,3453.969241
200,1.233952,1.502087,0.818544,0.686731,0.711645,3557.343774
201,1.226175,1.318275,0.837315,0.766786,0.786749,3549.301115
202,1.214536,1.265607,0.840159,0.765224,0.788573,3548.490741
203,1.210933,1.304712,0.843003,0.769668,0.778398,3543.885486
204,1.219863,1.281974,0.838453,0.733539,0.766079,3570.738257
205,1.211133,1.247919,0.843572,0.721082,0.768567,3229.926897
206,1.205304,1.311167,0.837315,0.738059,0.762836,3317.916128
207,1.204941,1.312515,0.840728,0.744968,0.765869,3470.588547
208,1.194071,1.253007,0.841866,0.772563,0.814638,3563.058080
209,1.202055,1.240816,0.845848,0.776480,0.801403,3491.140548
210,1.188956,1.252396,0.840728,0.746491,0.793986,3611.624582
211,1.187509,1.309640,0.834471,0.708310,0.745257,3623.752123
212,1.181172,1.259764,0.837884,0.736262,0.770238,3640.726301
213,1.191045,1.258991,0.833333,0.683625,0.726638,3619.446605
214,1.177537,1.254651,0.832196,0.762558,0.799005,3626.567280
215,1.175804,1.246865,0.839590,0.771933,0.803457,3599.211387
216,1.175937,1.218176,0.840728,0.766685,0.798247,3517.157259
217,1.171510,1.214481,0.840728,0.776543,0.788957,3575.599942
218,1.171749,1.208915,0.841866,0.754727,0.797284,3457.149840
219,1.161714,1.220756,0.843003,0.756199,0.787954,3577.273084
220,1.162635,1.268761,0.838453,0.751184,0.770396,3584.186578
221,1.163225,1.265249,0.846416,0.750229,0.766650,3530.971095
222,1.156062,1.256705,0.842435,0.747587,0.795754,3569.793794
223,1.153886,1.295781,0.837884,0.729952,0.764024,3598.511122
224,1.153444,1.261494,0.839590,0.782895,0.794081,3458.691997
225,1.152087,1.193287,0.843572,0.772424,0.797255,3247.350930
226,1.145984,1.205549,0.849261,0.792664,0.814027,3428.097422
227,1.150618,1.194944,0.846416,0.756936,0.792483,3566.705039
228,1.140556,1.218034,0.842435,0.761958,0.803978,3623.914402
229,1.134274,1.234698,0.843003,0.770082,0.784045,3543.117351
230,1.136138,1.253989,0.841297,0.777909,0.799270,3573.263536
231,1.133678,1.277422,0.844141,0.759488,0.787810,3440.905582
232,1.128931,1.227703,0.841866,0.762893,0.775687,3452.111563
233,1.132510,1.242552,0.836746,0.747718,0.802100,3496.404815
234,1.129070,1.226012,0.841866,0.768475,0.808641,3551.203743
235,1.126486,1.228339,0.839022,0.772997,0.779594,3496.177100
236,1.121425,1.191912,0.843003,0.755279,0.799620,3479.994948
237,1.119803,1.183959,0.841866,0.783860,0.803358,3506.145635
238,1.112161,1.258067,0.839590,0.711182,0.742144,3550.979337
239,1.114235,1.273421,0.843003,0.758019,0.782040,3559.014645
240,1.110999,1.241529,0.851536,0.792037,0.800520,3564.340277
241,1.109472,1.271287,0.836177,0.764178,0.785001,3496.545313
242,1.106729,1.232394,0.839022,0.766999,0.788645,3533.879804
243,1.106270,1.227594,0.840159,0.773403,0.798957,3525.781402
244,1.102861,1.223541,0.836746,0.759188,0.787255,3455.001223
245,1.100718,1.223829,0.842435,0.751608,0.783068,3539.972680
