epoch,train_loss,train_xent,valid_xent,valid_emd,valid_xent_accuracy,valid_exp_accuracy,valid_xent_qwk,valid_exp_qwk,learning_rate,time
1,1.943670,7.939896,1.901696,0.119926,0.353499,0.293003,0.406340,0.337923,0.010000,340.297949
2,1.559821,1.663621,1.511531,0.086299,0.376822,0.360787,0.664678,0.689547,0.010000,329.518284
3,1.381558,1.469669,1.370231,0.071435,0.503644,0.441691,0.734101,0.759506,0.010000,339.783728
4,1.270106,1.461130,1.281925,0.068356,0.514577,0.462099,0.736408,0.793810,0.010000,327.482059
5,1.175494,1.314454,1.512746,0.086866,0.453353,0.419825,0.646679,0.683487,0.010000,331.819641
6,1.097520,1.236032,1.327946,0.069053,0.474490,0.449708,0.725785,0.782118,0.010000,330.024475
7,1.024584,1.192392,1.269493,0.063624,0.530612,0.472303,0.784007,0.800751,0.010000,328.541747
8,0.967283,1.121152,1.161135,0.061550,0.569971,0.481778,0.796561,0.817437,0.010000,331.379712
9,0.921281,1.078238,1.885080,0.116247,0.414723,0.383382,0.518487,0.590218,0.010000,331.898071
10,0.865062,1.057876,1.234538,0.060291,0.552478,0.503644,0.796892,0.836870,0.010000,334.794694
11,0.827024,0.991613,1.107985,0.053453,0.601312,0.559767,0.847270,0.868508,0.010000,335.396365
12,0.765912,0.958518,1.199813,0.059538,0.593294,0.534257,0.801061,0.845628,0.010000,333.456499
13,0.740525,0.935158,1.060486,0.050096,0.585277,0.577259,0.856470,0.873544,0.010000,336.957624
14,0.700721,0.892552,1.097812,0.052132,0.620991,0.594752,0.847478,0.873065,0.010000,361.262130
15,0.662933,0.886291,1.415393,0.062842,0.522595,0.505831,0.796888,0.811672,0.010000,359.895043
16,0.628865,0.864264,1.186215,0.056362,0.572886,0.553936,0.836315,0.856332,0.010000,358.013626
17,0.612892,0.782043,1.172865,0.058719,0.612245,0.561953,0.809214,0.855913,0.010000,348.212234
18,0.577170,0.812108,0.966035,0.045799,0.660350,0.643586,0.855543,0.886405,0.010000,342.065870
19,0.525317,0.710934,1.041643,0.049657,0.640671,0.614431,0.825480,0.849644,0.010000,351.096445
20,0.515564,0.699527,0.902859,0.041387,0.689504,0.675656,0.863983,0.888939,0.010000,344.956353
21,0.474836,0.680850,1.045019,0.048109,0.663265,0.642857,0.842855,0.863843,0.010000,333.455475
22,0.477626,0.654395,1.084493,0.047538,0.651603,0.620991,0.858483,0.877645,0.010000,331.496477
23,0.437283,0.591383,0.838155,0.038078,0.710641,0.691691,0.892132,0.909021,0.010000,328.507181
24,0.430705,0.669148,1.307218,0.051271,0.643586,0.633382,0.854840,0.874482,0.010000,327.092106
25,0.393948,0.613989,0.876576,0.037140,0.741983,0.718659,0.883541,0.905891,0.010000,327.820013
26,0.384531,0.609353,1.000342,0.043829,0.672741,0.661808,0.869241,0.893842,0.010000,331.616879
27,0.355923,0.510825,0.986138,0.042703,0.706997,0.689504,0.853049,0.872828,0.010000,330.066555
28,0.348516,0.570619,0.983969,0.043348,0.687318,0.658163,0.888614,0.898890,0.010000,327.060966
29,0.333778,0.583877,0.991835,0.037644,0.711370,0.714286,0.900741,0.911151,0.010000,332.664335
30,0.309941,0.545780,1.027767,0.040030,0.690233,0.689504,0.896922,0.910146,0.010000,331.110925
31,0.290856,0.499787,1.186413,0.044008,0.691691,0.684402,0.864059,0.882126,0.010000,336.767538
32,0.280897,0.454319,0.961916,0.040899,0.707726,0.691691,0.882894,0.905274,0.010000,332.438630
33,0.255531,0.366305,0.973521,0.040453,0.725948,0.711370,0.870397,0.890578,0.010000,339.634814
34,0.252184,0.453155,1.069734,0.047020,0.673469,0.663265,0.854821,0.877691,0.010000,333.445510
35,0.250525,0.405057,1.059025,0.040211,0.699708,0.681487,0.891530,0.906967,0.010000,330.011045
36,0.231864,0.356616,1.155522,0.047959,0.701166,0.696793,0.837890,0.868125,0.010000,338.711272
37,0.232524,0.384573,1.044474,0.039987,0.723032,0.716472,0.889616,0.899666,0.010000,331.864332
38,0.208428,0.367322,1.138945,0.038621,0.725948,0.717930,0.893935,0.906714,0.010000,336.200834
39,0.192959,0.358903,1.208799,0.044045,0.714286,0.698251,0.865474,0.875900,0.010000,330.667490
40,0.189837,0.360850,0.982439,0.036532,0.739067,0.728134,0.904525,0.920360,0.010000,330.220688
41,0.189416,0.368894,1.106076,0.037121,0.742711,0.728134,0.912942,0.916610,0.010000,336.396265
42,0.178188,0.306474,1.412541,0.054307,0.678571,0.668367,0.818997,0.837448,0.010000,330.004393
43,0.183674,0.313753,1.008719,0.040747,0.731050,0.714286,0.870465,0.890017,0.010000,329.118159
44,0.166578,0.288336,1.221003,0.041265,0.722303,0.712099,0.889007,0.900195,0.010000,329.844450
45,0.151260,0.298493,0.972358,0.034757,0.755102,0.750729,0.906694,0.920600,0.010000,341.469662
46,0.129442,0.234970,1.442808,0.043736,0.690962,0.676385,0.897466,0.905155,0.010000,330.335312
47,0.138372,0.264976,1.082864,0.038275,0.755831,0.752915,0.887883,0.903057,0.010000,329.487591
48,0.129371,0.256898,1.024115,0.036439,0.750729,0.751458,0.897576,0.910652,0.010000,328.937092
49,0.133052,0.223054,1.089981,0.038261,0.757289,0.746356,0.872884,0.892320,0.010000,333.026861
50,0.131897,0.243003,1.006930,0.035696,0.758017,0.742711,0.905881,0.914813,0.010000,341.140437
51,0.110872,0.199712,1.049878,0.036264,0.756560,0.748542,0.901940,0.920384,0.010000,329.779180
52,0.098710,0.167418,0.980749,0.033797,0.759475,0.755102,0.913584,0.922871,0.010000,329.203659
53,0.106729,0.165334,1.017755,0.034596,0.763120,0.755831,0.911880,0.923154,0.010000,329.657778
54,0.114064,0.246888,1.136763,0.037090,0.753644,0.750729,0.900205,0.913107,0.010000,329.606472
55,0.106663,0.217988,1.122205,0.034200,0.756560,0.758017,0.911410,0.922137,0.010000,331.939799
56,0.083084,0.151090,1.188725,0.038713,0.744169,0.741254,0.900208,0.909784,0.010000,329.254850
57,0.110533,0.230167,1.001167,0.033468,0.767493,0.763120,0.908338,0.918781,0.010000,329.755104
58,0.094300,0.172706,1.018484,0.034672,0.777697,0.759475,0.906541,0.915040,0.010000,330.025650
59,0.077920,0.145289,1.085097,0.036760,0.761662,0.757289,0.896347,0.913614,0.010000,329.269724
60,0.086536,0.176201,1.022340,0.032086,0.780612,0.761662,0.918122,0.925461,0.010000,331.714146
61,0.073720,0.134610,1.095607,0.033410,0.772595,0.768222,0.913604,0.922432,0.010000,329.929579
62,0.071183,0.127018,1.196084,0.038600,0.741983,0.731050,0.897238,0.906780,0.010000,328.667566
63,0.081515,0.176170,0.946956,0.032518,0.779883,0.767493,0.910198,0.921708,0.010000,328.979170
64,0.070923,0.126369,0.967358,0.032718,0.786443,0.782070,0.915498,0.923412,0.010000,337.111058
65,0.086789,0.162624,0.936498,0.035722,0.768222,0.755831,0.893381,0.910342,0.010000,328.343215
66,0.077567,0.137069,1.309062,0.039071,0.752915,0.752187,0.884340,0.905937,0.010000,329.306557
67,0.080208,0.129105,1.196665,0.036125,0.754373,0.741254,0.915183,0.923198,0.010000,331.213067
68,0.069724,0.125065,1.137565,0.036375,0.762391,0.761662,0.902247,0.912011,0.010000,328.707491
69,0.068174,0.125310,1.304374,0.036662,0.741254,0.728863,0.916911,0.923979,0.010000,333.868458
70,0.047639,0.093844,1.032287,0.033325,0.781341,0.769679,0.912508,0.923222,0.010000,329.798666
71,0.049562,0.087625,1.220956,0.035543,0.771137,0.773324,0.909666,0.914618,0.010000,329.685996
72,0.058699,0.100071,1.100515,0.033771,0.775510,0.763120,0.915687,0.922883,0.010000,330.021369
73,0.064223,0.119971,1.270196,0.039022,0.750729,0.742711,0.889707,0.903296,0.010000,327.564082
74,0.064851,0.135688,1.172795,0.036600,0.767493,0.769679,0.903249,0.914697,0.010000,349.623031
75,0.058153,0.098785,1.116423,0.031886,0.782799,0.778426,0.927366,0.928423,0.010000,330.939040
76,0.045064,0.074779,1.012609,0.034623,0.777697,0.771866,0.906331,0.917642,0.010000,325.108026
77,0.054225,0.103791,1.039055,0.033118,0.776239,0.770408,0.912878,0.919413,0.010000,319.713349
78,0.061327,0.104355,1.083283,0.032480,0.788630,0.778426,0.917216,0.923578,0.010000,327.947665
79,0.054434,0.086397,1.147714,0.032778,0.783528,0.774052,0.919594,0.927408,0.010000,332.159319
80,0.057065,0.106775,1.318392,0.036580,0.753644,0.747085,0.913826,0.919962,0.010000,328.149971
81,0.041027,0.072840,1.162955,0.034324,0.782070,0.776968,0.904977,0.915390,0.010000,328.876359
82,0.042093,0.080295,1.045386,0.031530,0.793003,0.793732,0.911884,0.920873,0.010000,329.049239
83,0.047189,0.118838,1.426077,0.036642,0.754373,0.753644,0.913130,0.922613,0.010000,336.680397
84,0.038575,0.070354,1.153719,0.035594,0.769679,0.763120,0.913598,0.918000,0.010000,334.622915
85,0.044861,0.074488,1.061177,0.031170,0.786443,0.779883,0.920668,0.928980,0.010000,327.936285
86,0.042388,0.080425,1.167485,0.035940,0.764577,0.760204,0.899475,0.914324,0.010000,328.593235
87,0.044741,0.072231,1.018216,0.030252,0.790816,0.782799,0.919569,0.930779,0.010000,328.239245
88,0.037866,0.061846,1.173612,0.033459,0.782799,0.775510,0.910910,0.917970,0.010000,335.127688
89,0.039242,0.067396,1.055755,0.033742,0.783528,0.776968,0.902633,0.915077,0.010000,329.113608
90,0.037057,0.049727,1.166920,0.034028,0.781341,0.780612,0.894676,0.913392,0.010000,329.738166
91,0.034010,0.059008,1.195015,0.033646,0.779883,0.779155,0.917330,0.923367,0.010000,329.308262
92,0.029099,0.049690,1.026710,0.029137,0.804665,0.807580,0.922595,0.936787,0.010000,327.748326
93,0.032529,0.058688,1.137614,0.035105,0.771137,0.763120,0.905948,0.918230,0.010000,332.616445
94,0.037623,0.082099,1.319813,0.036733,0.769679,0.766764,0.894544,0.903709,0.010000,330.042374
95,0.036463,0.063256,1.352047,0.034356,0.760933,0.759475,0.921228,0.925509,0.010000,332.136913
96,0.036309,0.064418,0.998517,0.030507,0.805394,0.803936,0.913166,0.926329,0.010000,329.657656
97,0.026891,0.034494,0.958360,0.029489,0.803207,0.798834,0.919015,0.929838,0.010000,337.384659
98,0.028290,0.044586,1.163195,0.031937,0.790816,0.781341,0.916013,0.927274,0.010000,329.871619
99,0.037244,0.073298,1.056319,0.031181,0.798105,0.795190,0.905285,0.922790,0.010000,329.117313
100,0.030859,0.056109,1.083157,0.031268,0.792274,0.782070,0.918975,0.926108,0.010000,329.273943
