epoch,train_loss,train_xent,valid_loss,valid_xent,valid_emd,valid_xent_accuracy,valid_exp_accuracy,valid_xent_qwk,valid_exp_qwk,learning_rate,mb_time,time
1,1.843151,1.425633,1.806070,1.021973,0.091293,0.655094,0.294536,0.336334,0.266741,0.010000,0.145565,296.625970
2,1.769887,1.180998,1.787591,1.126949,0.107319,0.573990,0.278884,0.340043,0.258704,0.010000,0.126100,288.317015
3,1.735704,1.120183,1.708977,0.888600,0.073021,0.723677,0.536141,0.312841,0.375078,0.010000,0.125776,288.741359
4,1.713061,1.108639,1.711684,0.969471,0.084572,0.666477,0.428002,0.412580,0.371730,0.010000,0.125935,289.503759
5,1.692479,1.085402,1.672354,0.910740,0.076347,0.700341,0.471827,0.392801,0.390314,0.010000,0.126356,291.915047
6,1.672363,1.031175,1.723678,0.887142,0.073677,0.715993,0.525612,0.424180,0.426880,0.010000,0.125696,292.249194
7,1.658640,1.044824,1.657117,0.912014,0.070219,0.742459,0.689812,0.303946,0.379436,0.010000,0.125589,292.314716
8,1.642251,1.007552,1.652588,0.870586,0.071297,0.715424,0.557484,0.451403,0.460078,0.010000,0.125762,292.371560
9,1.625500,1.003847,1.630790,0.865475,0.068562,0.739044,0.686682,0.341244,0.411874,0.010000,0.125772,292.232439
10,1.610165,0.941820,1.623479,0.856852,0.067698,0.738475,0.669038,0.392427,0.450925,0.010000,0.125919,292.576931
11,1.593426,0.972668,1.591253,0.843874,0.068376,0.716847,0.584519,0.508226,0.511378,0.010000,0.126323,292.361664
12,1.581695,0.963616,1.588198,0.864700,0.071386,0.707171,0.549801,0.522574,0.507060,0.010000,0.125944,292.424323
13,1.568959,0.935773,1.565885,0.863947,0.071204,0.704895,0.532726,0.522596,0.492683,0.010000,0.125727,292.647395
14,1.551824,0.944999,1.566956,0.818966,0.063511,0.745020,0.663631,0.464593,0.499611,0.010000,0.125836,292.310580
15,1.539494,0.877654,1.556810,0.812125,0.063151,0.744451,0.658224,0.481813,0.521039,0.010000,0.125871,291.923220
16,1.523245,0.948472,1.519821,0.794316,0.061867,0.743597,0.622652,0.521111,0.550375,0.010000,0.125957,291.665521
17,1.512943,0.871134,1.532559,0.790688,0.061092,0.740751,0.648549,0.522300,0.556311,0.010000,0.125744,291.812137
18,1.500985,0.849154,1.506335,0.797615,0.061160,0.743597,0.706602,0.476289,0.552308,0.010000,0.125956,291.677225
19,1.490488,0.886318,1.494833,0.803774,0.063500,0.730222,0.606431,0.575123,0.585983,0.010000,0.125891,291.910317
20,1.479509,0.837795,1.493088,0.810942,0.064336,0.725384,0.602447,0.599109,0.589473,0.010000,0.126472,291.646184
21,1.470739,0.869159,1.494134,0.793998,0.062056,0.735060,0.641434,0.571838,0.597154,0.010000,0.126361,291.392534
22,1.459887,0.831727,1.464133,0.777744,0.058748,0.748719,0.697496,0.542100,0.584045,0.010000,0.125852,291.067808
23,1.452622,0.841653,1.450247,0.758433,0.057578,0.745589,0.690097,0.572325,0.614347,0.010000,0.126033,291.158129
24,1.439501,0.821433,1.453427,0.781962,0.059778,0.747297,0.642573,0.570779,0.590335,0.010000,0.126039,291.239762
25,1.427999,0.830703,1.444081,0.767610,0.058272,0.745304,0.666477,0.573781,0.599354,0.010000,0.126357,291.972207
26,1.422527,0.821195,1.427770,0.759019,0.056945,0.758395,0.687820,0.570832,0.609864,0.010000,0.126189,292.156357
27,1.412129,0.804535,1.424077,0.764663,0.058186,0.745874,0.689243,0.590322,0.620105,0.010000,0.126047,292.042813
28,1.404311,0.824292,1.412163,0.758515,0.056820,0.747012,0.672738,0.601087,0.616594,0.010000,0.125986,291.831023
29,1.396845,0.790395,1.419067,0.761410,0.058384,0.741890,0.654525,0.613217,0.628553,0.010000,0.126009,291.695764
30,1.385821,0.789060,1.389012,0.747181,0.056498,0.749004,0.684974,0.541477,0.595289,0.010000,0.126246,291.501625
31,1.378681,0.793384,1.389809,0.756173,0.056381,0.756972,0.703756,0.548754,0.601793,0.010000,0.126857,292.387442
32,1.369153,0.796362,1.383268,0.750169,0.056250,0.750142,0.688674,0.597384,0.616888,0.010000,0.127152,292.178200
33,1.363303,0.803726,1.366038,0.747443,0.055299,0.760102,0.710871,0.562776,0.616200,0.010000,0.126035,292.015679
34,1.357263,0.792091,1.366433,0.754996,0.056491,0.749004,0.664200,0.624339,0.638758,0.010000,0.126078,291.736156
35,1.346588,0.774218,1.352684,0.742678,0.055572,0.747866,0.676153,0.634328,0.651183,0.010000,0.126073,291.726623
36,1.340203,0.795619,1.360042,0.748863,0.055441,0.755265,0.709448,0.577630,0.619252,0.010000,0.125980,291.662894
37,1.332387,0.767275,1.345541,0.754120,0.055139,0.762948,0.729653,0.579262,0.612896,0.010000,0.125916,291.994736
38,1.326732,0.779429,1.351550,0.768704,0.058766,0.739898,0.632612,0.650976,0.633127,0.010000,0.126105,292.339703
39,1.319146,0.776552,1.325782,0.733271,0.054259,0.755834,0.722254,0.599954,0.634071,0.010000,0.126100,292.031717
40,1.311197,0.766606,1.327756,0.764852,0.055725,0.758964,0.741320,0.535563,0.596506,0.010000,0.126060,292.596855
41,1.304586,0.762449,1.318499,0.743172,0.056040,0.745020,0.685544,0.636378,0.647254,0.010000,0.126267,292.469908
42,1.295423,0.755410,1.317623,0.743352,0.054514,0.759533,0.702334,0.611266,0.634650,0.010000,0.125927,291.675904
43,1.291866,0.774536,1.308485,0.749326,0.056265,0.750711,0.655094,0.639023,0.642476,0.010000,0.125907,291.724967
44,1.284359,0.750407,1.301130,0.758295,0.057811,0.744735,0.645703,0.632464,0.618087,0.010000,0.126218,292.977877
45,1.275482,0.752472,1.303962,0.757573,0.055429,0.757257,0.727661,0.561023,0.616850,0.010000,0.126823,292.181308
46,1.268988,0.756236,1.298093,0.753316,0.055506,0.763802,0.721116,0.537324,0.587098,0.010000,0.126808,292.068288
47,1.262430,0.761927,1.280055,0.732403,0.053190,0.763802,0.712294,0.614118,0.640814,0.010000,0.126671,292.071024
48,1.256768,0.751746,1.260399,0.719729,0.052363,0.760102,0.732214,0.609250,0.659200,0.010000,0.126682,292.177577
49,1.251478,0.749313,1.265857,0.733285,0.054242,0.757257,0.713147,0.587650,0.628799,0.010000,0.126664,292.112076
50,1.244664,0.748051,1.259782,0.726270,0.053834,0.753557,0.710302,0.613245,0.649655,0.010000,0.126766,292.729184
51,1.238047,0.750400,1.262634,0.738190,0.054763,0.761810,0.721685,0.539430,0.601487,0.010000,0.126762,292.313978
52,1.232195,0.759233,1.256285,0.736018,0.054982,0.750711,0.698634,0.650155,0.662183,0.010000,0.126833,292.214032
53,1.223113,0.744017,1.241822,0.729237,0.053681,0.760102,0.692658,0.639025,0.665288,0.010000,0.126579,292.127502
54,1.218510,0.745825,1.244655,0.736135,0.054846,0.749004,0.696927,0.612312,0.647047,0.010000,0.126847,292.301071
55,1.213371,0.736078,1.225022,0.721300,0.052958,0.752419,0.704610,0.639213,0.669040,0.010000,0.126501,292.115822
56,1.208977,0.749516,1.222494,0.720123,0.052834,0.762379,0.712578,0.583342,0.634782,0.010000,0.126581,292.365614
57,1.203629,0.737638,1.240706,0.753864,0.053941,0.763802,0.738190,0.587037,0.632905,0.010000,0.126593,291.883039
58,1.195902,0.733660,1.221325,0.737279,0.054424,0.757826,0.660785,0.662520,0.655563,0.010000,0.126564,291.916273
59,1.192577,0.735954,1.226090,0.747121,0.055227,0.754411,0.722538,0.606392,0.637723,0.010000,0.126661,291.973986
60,1.185365,0.734425,1.220938,0.737627,0.053337,0.761241,0.732499,0.614394,0.652087,0.010000,0.126757,292.614678
61,1.179445,0.745357,1.226746,0.759017,0.056481,0.755265,0.713432,0.586549,0.620395,0.010000,0.126900,292.629372
62,1.175183,0.753275,1.203364,0.725396,0.052895,0.764940,0.705748,0.632658,0.660281,0.010000,0.126684,292.975320
63,1.170676,0.730614,1.202253,0.730112,0.053540,0.764656,0.682982,0.650054,0.657367,0.010000,0.126839,292.377699
64,1.163187,0.726105,1.199838,0.756360,0.053749,0.766648,0.753557,0.570961,0.619966,0.010000,0.126569,292.588163
65,1.158513,0.736919,1.185777,0.724210,0.052393,0.764087,0.722538,0.625135,0.657972,0.010000,0.126641,291.966315
66,1.156517,0.734661,1.177825,0.725362,0.053350,0.756972,0.705748,0.646227,0.672602,0.010000,0.126897,292.197161
67,1.146267,0.722762,1.171552,0.721486,0.052677,0.754696,0.684405,0.668470,0.683913,0.010000,0.126553,292.033044
68,1.143536,0.727734,1.174605,0.724350,0.052623,0.764087,0.697211,0.650205,0.665590,0.010000,0.126677,292.437549
69,1.139199,0.720770,1.159034,0.711438,0.051408,0.762664,0.727376,0.638711,0.667120,0.010000,0.126728,292.122187
70,1.130345,0.734034,1.158432,0.716912,0.051557,0.765225,0.723677,0.639755,0.664347,0.010000,0.126734,292.238438
71,1.128339,0.722263,1.159498,0.722328,0.052758,0.758964,0.720831,0.618402,0.656425,0.010000,0.127186,292.430960
72,1.121062,0.715042,1.149833,0.714842,0.050956,0.766648,0.733921,0.648127,0.677277,0.010000,0.127119,292.176921
73,1.120166,0.734290,1.145182,0.717305,0.052064,0.766079,0.735344,0.597917,0.653487,0.010000,0.126512,292.012074
74,1.112823,0.720573,1.156524,0.733262,0.053129,0.761810,0.717701,0.631402,0.652466,0.010000,0.126659,292.194481
75,1.107014,0.721362,1.149830,0.736764,0.054270,0.754126,0.713717,0.630549,0.668045,0.010000,0.126650,292.103999
76,1.103468,0.711275,1.126490,0.711774,0.051553,0.768640,0.719977,0.619940,0.654863,0.010000,0.126573,292.355576
77,1.100184,0.721942,1.132959,0.722107,0.053318,0.758395,0.694935,0.640183,0.664905,0.010000,0.126588,292.215448
78,1.092554,0.701430,1.116735,0.712913,0.051233,0.768071,0.742459,0.606684,0.661387,0.010000,0.126819,292.359137
79,1.088958,0.724126,1.137341,0.734676,0.054575,0.752134,0.706033,0.644741,0.669256,0.010000,0.126656,293.360078
80,1.088878,0.718425,1.105376,0.706076,0.051904,0.765794,0.709448,0.638639,0.669177,0.010000,0.126946,294.577557
81,1.082752,0.729174,1.106761,0.712347,0.051558,0.762664,0.711155,0.670843,0.682815,0.010000,0.126965,293.886389
82,1.073467,0.703159,1.113492,0.718656,0.052813,0.757257,0.709732,0.656926,0.678263,0.010000,0.127063,293.852053
83,1.074035,0.709832,1.112512,0.722060,0.051573,0.772908,0.737052,0.625219,0.656440,0.010000,0.126875,295.012071
84,1.068532,0.705886,1.090023,0.701645,0.050549,0.771770,0.741320,0.609394,0.654730,0.010000,0.126897,293.857352
85,1.061137,0.721013,1.104316,0.719299,0.052437,0.760956,0.717985,0.659586,0.671514,0.010000,0.126930,293.394740
86,1.057958,0.715369,1.109877,0.730477,0.053676,0.753273,0.713432,0.650508,0.675407,0.010000,0.127144,294.614181
87,1.055904,0.706636,1.090865,0.711934,0.050953,0.766363,0.727945,0.658746,0.675536,0.010000,0.126895,293.576513
88,1.048251,0.705655,1.104100,0.763834,0.053191,0.767786,0.759818,0.581356,0.619400,0.010000,0.127385,294.427002
89,1.047501,0.712896,1.087678,0.713812,0.052133,0.762379,0.699488,0.631232,0.655357,0.010000,0.127008,296.370759
90,1.039428,0.705923,1.083681,0.722507,0.051982,0.766363,0.743028,0.601953,0.645473,0.010000,0.126916,294.442775
91,1.037140,0.708198,1.072137,0.725795,0.053597,0.759533,0.674161,0.672202,0.664216,0.010000,0.127055,294.649383
92,1.032004,0.699677,1.070494,0.707367,0.050328,0.768924,0.733352,0.657916,0.687191,0.010000,0.126834,294.542059
93,1.027301,0.689429,1.067786,0.711441,0.050614,0.770916,0.738759,0.631202,0.664909,0.010000,0.126989,295.791383
94,1.026990,0.699730,1.058318,0.709699,0.050186,0.774331,0.747012,0.640074,0.670343,0.010000,0.126599,293.973688
95,1.022264,0.699510,1.065418,0.724012,0.050660,0.770063,0.753842,0.621245,0.667290,0.010000,0.127032,294.496550
96,1.018191,0.699003,1.055825,0.708573,0.051335,0.766079,0.730507,0.653436,0.684892,0.010000,0.127151,293.965968
97,1.013714,0.696612,1.056183,0.713096,0.050885,0.766932,0.743312,0.638248,0.672549,0.010000,0.127510,294.388639
98,1.008918,0.690933,1.064657,0.723678,0.051001,0.768355,0.742743,0.628224,0.663862,0.010000,0.126772,294.750326
99,1.002917,0.697850,1.070174,0.743292,0.052779,0.772624,0.758964,0.562795,0.627895,0.010000,0.126785,294.100426
100,1.003853,0.704870,1.036498,0.701759,0.050555,0.770916,0.714001,0.673838,0.698033,0.010000,0.126772,292.853810
1,0.977693,0.643590,1.032909,0.695542,0.049342,0.774047,0.737906,0.661765,0.689424,0.001000,0.143854,304.965468
2,0.968910,0.635773,1.033728,0.696089,0.049423,0.771485,0.747581,0.670914,0.693447,0.001000,0.126367,302.592295
3,0.967265,0.635292,1.039691,0.700730,0.049038,0.773193,0.747012,0.659585,0.694009,0.001000,0.126181,299.072783
4,0.964783,0.632895,1.046714,0.709464,0.049602,0.772055,0.747866,0.664767,0.691612,0.001000,0.126252,301.318545
5,0.961698,0.630349,1.033569,0.697357,0.048575,0.774900,0.747297,0.676090,0.699613,0.001000,0.126153,305.173621
6,0.962573,0.631517,1.034524,0.696520,0.048602,0.774900,0.746727,0.671272,0.697102,0.001000,0.126123,304.198194
7,0.961406,0.630580,1.047763,0.712267,0.049904,0.772624,0.748435,0.660946,0.694999,0.001000,0.126188,303.546775
8,0.958443,0.628078,1.039967,0.703067,0.048907,0.776323,0.746158,0.676614,0.703593,0.001000,0.126046,305.315512
9,0.959215,0.629097,1.031975,0.698342,0.048571,0.772908,0.754980,0.652738,0.703670,0.001000,0.126410,309.747747
10,0.956240,0.627209,1.039898,0.703810,0.049228,0.770063,0.733921,0.682611,0.697729,0.001000,0.126250,310.895134
11,0.956197,0.627617,1.036004,0.703611,0.049216,0.781446,0.749858,0.669438,0.692542,0.001000,0.126375,310.360736
12,0.956084,0.628623,1.034513,0.700621,0.049162,0.777177,0.750142,0.675760,0.699604,0.001000,0.126547,297.669527
13,0.953827,0.625694,1.040606,0.708635,0.049535,0.771770,0.739898,0.673222,0.694588,0.001000,0.126211,303.519291
14,0.953772,0.626226,1.040621,0.708295,0.049675,0.770347,0.740467,0.672378,0.691372,0.001000,0.126398,302.551011
15,0.954260,0.626403,1.034262,0.699422,0.049161,0.772908,0.741320,0.675167,0.700371,0.001000,0.126476,311.733334
16,0.952525,0.625922,1.039899,0.708283,0.049384,0.774900,0.754411,0.652867,0.689970,0.001000,0.126445,312.720849
17,0.950656,0.623974,1.027968,0.696139,0.048718,0.778031,0.745020,0.672168,0.696864,0.001000,0.126141,301.771124
18,0.949164,0.623950,1.048456,0.717348,0.049527,0.772908,0.745874,0.668006,0.685919,0.001000,0.126191,307.327141
19,0.948708,0.622469,1.039385,0.707876,0.049722,0.772624,0.738475,0.679667,0.697794,0.001000,0.126527,315.331379
20,0.948574,0.623075,1.030817,0.698246,0.048847,0.771201,0.750996,0.672665,0.705078,0.001000,0.126277,306.327224
21,0.947759,0.621991,1.032456,0.703275,0.049254,0.772624,0.742459,0.673656,0.692953,0.001000,0.126454,300.026554
22,0.948545,0.623669,1.034988,0.703327,0.049106,0.774047,0.746158,0.679295,0.705327,0.001000,0.126529,301.053846
23,0.947794,0.623425,1.045247,0.716114,0.050119,0.767786,0.743028,0.670007,0.693974,0.001000,0.126276,308.480290
24,0.943960,0.620145,1.039773,0.713690,0.049760,0.775185,0.744166,0.668746,0.690890,0.001000,0.126313,309.973853
25,0.944142,0.620759,1.039720,0.711653,0.049507,0.774047,0.746158,0.677235,0.697577,0.001000,0.126246,293.594785
26,0.942917,0.620125,1.036906,0.711643,0.048991,0.775470,0.751850,0.673282,0.696406,0.001000,0.126203,304.363945
27,0.943089,0.621265,1.036953,0.708724,0.048898,0.776892,0.759533,0.650915,0.691441,0.001000,0.126176,303.967869
28,0.943250,0.621377,1.035460,0.710347,0.048874,0.776608,0.758680,0.672882,0.706599,0.001000,0.126351,305.814838
29,0.942429,0.619977,1.037517,0.710470,0.049619,0.773193,0.745589,0.660287,0.692622,0.001000,0.126180,302.837657
30,0.941022,0.619845,1.036664,0.708724,0.049492,0.774047,0.738190,0.675828,0.701163,0.001000,0.126412,304.773493
31,0.937236,0.617294,1.043506,0.715961,0.049779,0.774331,0.749858,0.657627,0.688502,0.001000,0.126276,312.171178
32,0.939488,0.619025,1.031918,0.704474,0.048287,0.776323,0.753273,0.658686,0.696834,0.001000,0.126344,306.413605
33,0.937008,0.616482,1.034049,0.707369,0.048814,0.774616,0.749289,0.675486,0.698441,0.001000,0.126465,310.006628
34,0.938740,0.619177,1.042315,0.715857,0.049314,0.774331,0.755265,0.653481,0.695653,0.001000,0.127166,319.085885
35,0.935162,0.615371,1.036669,0.711433,0.048840,0.772908,0.747581,0.673562,0.695927,0.001000,0.126834,315.105461
36,0.936291,0.617083,1.037578,0.713030,0.048704,0.772908,0.756118,0.660212,0.699129,0.001000,0.126487,306.824862
37,0.932533,0.613891,1.039272,0.710671,0.049191,0.776323,0.750142,0.672991,0.698042,0.001000,0.126485,311.270971
38,0.933991,0.616668,1.030148,0.707381,0.048871,0.777746,0.758964,0.669679,0.694954,0.001000,0.126891,326.082006
39,0.931779,0.614639,1.034440,0.711580,0.050065,0.771485,0.740182,0.689546,0.704051,0.001000,0.126616,317.339489
40,0.929736,0.612729,1.044584,0.720492,0.049407,0.778600,0.743597,0.675277,0.695297,0.001000,0.126249,298.110793
41,0.929205,0.613502,1.044654,0.720507,0.049669,0.770916,0.742174,0.681225,0.699160,0.001000,0.126517,307.401068
42,0.928366,0.611064,1.046262,0.720074,0.050010,0.772624,0.741320,0.675931,0.690582,0.001000,0.126343,306.921749
43,0.929187,0.613006,1.030608,0.706739,0.049174,0.782015,0.742743,0.672950,0.691252,0.001000,0.126560,307.433819
44,0.927986,0.612226,1.050032,0.728065,0.049998,0.773762,0.744451,0.660526,0.681974,0.001000,0.126685,315.886447
45,0.927936,0.613547,1.044415,0.721245,0.050201,0.774331,0.741605,0.664900,0.689597,0.001000,0.126861,325.916471
46,0.926199,0.611291,1.027861,0.705289,0.049658,0.770632,0.744735,0.660515,0.684948,0.001000,0.126245,310.374258
47,0.924825,0.611039,1.039786,0.717131,0.048271,0.774900,0.752988,0.675058,0.702591,0.001000,0.126327,302.889560
48,0.924709,0.609425,1.036576,0.717679,0.050075,0.773478,0.744451,0.659600,0.682989,0.001000,0.126652,316.489434
49,0.928060,0.614006,1.026581,0.703321,0.048753,0.780023,0.751850,0.673060,0.698213,0.001000,0.126523,302.231540
50,0.923497,0.609205,1.030614,0.708365,0.049363,0.769778,0.757826,0.652538,0.698470,0.001000,0.126936,309.436934
51,0.919221,0.605573,1.040123,0.722762,0.049687,0.774047,0.753842,0.661417,0.687836,0.001000,0.126808,301.728691
52,0.922153,0.609154,1.036680,0.715753,0.049130,0.776892,0.747297,0.673308,0.702825,0.001000,0.126203,297.569625
53,0.919578,0.606684,1.025659,0.706403,0.048639,0.779454,0.748719,0.690939,0.705533,0.001000,0.126188,306.087129
54,0.918096,0.606585,1.044756,0.725709,0.049315,0.772055,0.742459,0.672948,0.693857,0.001000,0.126779,321.682899
55,0.918635,0.607435,1.045996,0.728369,0.049513,0.775754,0.750427,0.678137,0.693409,0.001000,0.126413,304.487395
56,0.916292,0.604591,1.046569,0.725643,0.049471,0.775754,0.757541,0.664014,0.700448,0.001000,0.126787,315.610875
57,0.916852,0.606459,1.056625,0.738454,0.050117,0.776608,0.752419,0.642350,0.685639,0.001000,0.126816,326.210108
58,0.915470,0.604290,1.048901,0.728586,0.050229,0.772339,0.731076,0.671814,0.689140,0.001000,0.126672,315.751577
59,0.917475,0.607884,1.057221,0.738515,0.049730,0.780592,0.748435,0.676540,0.695855,0.001000,0.127268,336.322332
60,0.917336,0.607344,1.038564,0.723815,0.049226,0.774047,0.755549,0.669628,0.693453,0.001000,0.126836,316.397859
61,0.913225,0.603556,1.055984,0.740458,0.051123,0.771485,0.739613,0.662791,0.678162,0.001000,0.126579,316.684002
62,0.911914,0.602661,1.039829,0.719075,0.049464,0.775470,0.743882,0.672772,0.696364,0.001000,0.126538,309.600928
63,0.914344,0.605857,1.054445,0.737968,0.050809,0.769778,0.736198,0.673753,0.682805,0.001000,0.126498,312.903997
64,0.911025,0.602339,1.040615,0.725907,0.049527,0.773478,0.747866,0.672997,0.705477,0.001000,0.126859,322.691929
65,0.912441,0.604934,1.042367,0.725797,0.049142,0.768640,0.750142,0.672917,0.700313,0.001000,0.126907,322.791899
66,0.910526,0.602379,1.041344,0.727248,0.049189,0.776608,0.745304,0.676908,0.695372,0.001000,0.126640,318.043784
67,0.908668,0.602780,1.032450,0.720448,0.049441,0.778315,0.742459,0.675969,0.691770,0.001000,0.125730,298.890778
68,0.907528,0.600529,1.045068,0.728744,0.049673,0.775470,0.736198,0.678961,0.691798,0.001000,0.126032,293.778508
69,0.908021,0.603855,1.036568,0.724583,0.048524,0.783438,0.749573,0.673003,0.695196,0.001000,0.125538,293.515264
70,0.906019,0.599375,1.036520,0.724844,0.050137,0.776323,0.741320,0.676032,0.691716,0.001000,0.126167,294.661565
71,0.903122,0.597294,1.051825,0.739091,0.051021,0.769209,0.742743,0.666994,0.689439,0.001000,0.125593,293.626177
72,0.903825,0.597863,1.045536,0.734213,0.049422,0.781446,0.748435,0.650875,0.682995,0.001000,0.125602,293.571420
73,0.901212,0.598505,1.056567,0.743311,0.050860,0.770347,0.741890,0.674746,0.686102,0.001000,0.125475,293.569711
74,0.900382,0.597191,1.051038,0.742665,0.049990,0.772339,0.741605,0.675947,0.695403,0.001000,0.125640,293.734496
75,0.898651,0.594767,1.055206,0.746896,0.050807,0.764087,0.730222,0.686316,0.696398,0.001000,0.125569,293.733127
76,0.901646,0.599302,1.031377,0.720128,0.049192,0.782299,0.744166,0.682729,0.697251,0.001000,0.125539,293.941556
77,0.901584,0.598232,1.039207,0.723721,0.050329,0.774047,0.733921,0.668887,0.692146,0.001000,0.125564,293.557844
78,0.896189,0.593013,1.038976,0.724479,0.049669,0.776323,0.739328,0.668591,0.695028,0.001000,0.125333,292.477918
79,0.894884,0.591680,1.043831,0.735606,0.050532,0.773762,0.736767,0.665775,0.686882,0.001000,0.125719,292.614707
80,0.898049,0.595589,1.026182,0.714803,0.049355,0.770632,0.743028,0.667560,0.692738,0.001000,0.125622,293.044934
81,0.895233,0.592419,1.047205,0.735811,0.049408,0.779454,0.758680,0.664625,0.694541,0.001000,0.125700,292.559498
82,0.893513,0.593054,1.079253,0.766106,0.050896,0.773478,0.743597,0.662768,0.683826,0.001000,0.126249,293.222697
83,0.894949,0.593534,1.040193,0.730603,0.050020,0.780023,0.744451,0.670780,0.686084,0.001000,0.125574,292.520418
84,0.891920,0.590784,1.038008,0.729494,0.050118,0.772055,0.745020,0.665465,0.700196,0.001000,0.125485,292.684560
85,0.889816,0.591536,1.051832,0.749133,0.051557,0.769209,0.726238,0.676351,0.681745,0.001000,0.125301,292.607377
86,0.890749,0.591414,1.045149,0.739107,0.050427,0.771770,0.753557,0.667278,0.704096,0.001000,0.125602,292.565600
87,0.891325,0.593945,1.048655,0.741161,0.050194,0.775754,0.736767,0.679917,0.692471,0.001000,0.125419,292.252050
88,0.888871,0.591155,1.068040,0.758285,0.050918,0.774616,0.740467,0.673589,0.678141,0.001000,0.125542,293.461827
89,0.888220,0.589673,1.066499,0.758258,0.051705,0.771770,0.719693,0.687654,0.681823,0.001000,0.125489,292.576666
90,0.885736,0.589559,1.069279,0.767063,0.051126,0.773478,0.737052,0.641330,0.661430,0.001000,0.125482,293.248549
91,0.882697,0.584421,1.057948,0.750440,0.051065,0.767501,0.733637,0.670451,0.689092,0.001000,0.125534,292.962964
92,0.883712,0.586160,1.048246,0.740558,0.049883,0.770632,0.752419,0.669324,0.690600,0.001000,0.125477,293.328425
93,0.878743,0.581757,1.064800,0.759853,0.050433,0.774616,0.749858,0.669189,0.693386,0.001000,0.125597,293.070318
94,0.884430,0.589726,1.052892,0.748694,0.049995,0.775185,0.756118,0.676383,0.688449,0.001000,0.125436,293.451145
95,0.878867,0.583895,1.077452,0.776673,0.050180,0.772908,0.755265,0.659528,0.691243,0.001000,0.125451,292.521483
96,0.881212,0.585487,1.050421,0.744493,0.050288,0.768640,0.749573,0.648185,0.678428,0.001000,0.125661,292.679178
97,0.880445,0.584485,1.050685,0.742039,0.050497,0.774616,0.747012,0.650297,0.681331,0.001000,0.125423,292.539437
98,0.874944,0.580023,1.067537,0.761778,0.050639,0.769493,0.747866,0.667340,0.690591,0.001000,0.125522,292.452486
99,0.870955,0.580867,1.069128,0.768360,0.050742,0.778315,0.756403,0.643246,0.674035,0.001000,0.125577,292.577308
100,0.873702,0.580744,1.056502,0.751749,0.050747,0.774616,0.744735,0.671976,0.696173,0.001000,0.125491,292.726161
101,0.888700,0.596511,1.053458,0.751696,0.050346,0.778884,0.744451,0.673976,0.685692,0.001000,0.125280,292.331323
102,0.887896,0.596626,1.060136,0.757688,0.050709,0.777746,0.743597,0.661823,0.680024,0.001000,0.125567,292.118354
103,0.886993,0.593557,1.053492,0.754176,0.050225,0.772055,0.752419,0.653061,0.681994,0.001000,0.125669,292.218330
104,0.882712,0.590213,1.078837,0.774609,0.050653,0.774616,0.752703,0.647165,0.677418,0.001000,0.125558,292.262792
105,0.882893,0.592053,1.046602,0.747049,0.049039,0.782584,0.755265,0.668320,0.686056,0.001000,0.125595,292.316431
106,0.883857,0.592532,1.057378,0.758539,0.049953,0.778600,0.741036,0.677290,0.691546,0.001000,0.125619,292.508294
107,0.881158,0.589902,1.070194,0.777041,0.050929,0.777462,0.747297,0.626923,0.669990,0.001000,0.126042,292.123784
108,0.882584,0.593330,1.048492,0.749480,0.051018,0.768640,0.738475,0.656555,0.689022,0.001000,0.125451,291.955324
109,0.879760,0.587905,1.053060,0.750710,0.051002,0.772908,0.741320,0.661525,0.689269,0.001000,0.125576,291.846808
110,0.880679,0.590334,1.066574,0.765804,0.051202,0.772624,0.737336,0.667191,0.685697,0.001000,0.125679,292.730962
111,0.880429,0.592955,1.066751,0.765115,0.051129,0.772624,0.739044,0.658391,0.680985,0.001000,0.125593,292.431859
112,0.876775,0.587071,1.050467,0.753937,0.051000,0.774331,0.744166,0.662013,0.678832,0.001000,0.125486,292.569407
113,0.876286,0.584789,1.071423,0.773627,0.050597,0.771201,0.743312,0.659207,0.680945,0.001000,0.125476,293.319029
114,0.876506,0.590603,1.075397,0.779234,0.051251,0.775754,0.745020,0.669777,0.673064,0.001000,0.125570,292.475610
115,0.875581,0.587689,1.068588,0.778445,0.049950,0.771770,0.754980,0.658506,0.689929,0.001000,0.125410,292.222554
116,0.875473,0.589063,1.075658,0.784623,0.051246,0.774331,0.753557,0.660215,0.687246,0.001000,0.125674,292.439353
117,0.871592,0.585160,1.069559,0.780395,0.051080,0.772908,0.746727,0.672631,0.687347,0.001000,0.125537,292.451645
118,0.874398,0.587959,1.052792,0.753540,0.050216,0.773193,0.747866,0.668451,0.688739,0.001000,0.125403,292.189105
119,0.873042,0.587608,1.059165,0.762487,0.051055,0.774616,0.744735,0.671685,0.686794,0.001000,0.125682,292.474711
120,0.868336,0.580266,1.070021,0.776759,0.050667,0.776608,0.749289,0.658850,0.679864,0.001000,0.125637,292.685371
121,0.867804,0.581689,1.060341,0.764444,0.050642,0.780023,0.751565,0.660778,0.685007,0.001000,0.125584,292.480050
122,0.869449,0.583801,1.075177,0.776990,0.051672,0.764940,0.731076,0.675115,0.691010,0.001000,0.125362,292.557244
123,0.866118,0.580143,1.079443,0.784124,0.051056,0.774047,0.746727,0.672499,0.682370,0.001000,0.125590,292.597320
124,0.868124,0.583996,1.056014,0.758686,0.050583,0.770916,0.738475,0.671868,0.693502,0.001000,0.125640,292.784420
125,0.866876,0.585133,1.067340,0.773170,0.050959,0.769209,0.741320,0.658702,0.687490,0.001000,0.125623,292.995069
126,0.864689,0.582768,1.079227,0.778963,0.051577,0.774047,0.734206,0.670174,0.676923,0.001000,0.125575,292.411239
127,0.864632,0.583252,1.083742,0.791024,0.051570,0.776608,0.745304,0.650909,0.675242,0.001000,0.125478,292.146806
128,0.864520,0.581915,1.070467,0.774916,0.051082,0.772624,0.739044,0.666231,0.685389,0.001000,0.125814,292.321372
129,0.861245,0.580267,1.064505,0.778640,0.051279,0.773762,0.743882,0.643496,0.669376,0.001000,0.125715,291.554964
130,0.861563,0.579639,1.068373,0.774749,0.051038,0.771770,0.737336,0.659124,0.681992,0.001000,0.125545,292.087121
131,0.861424,0.582085,1.070961,0.771072,0.050854,0.776039,0.745874,0.659380,0.677690,0.001000,0.125544,291.477726
132,0.860311,0.581211,1.058390,0.766771,0.050173,0.774616,0.748719,0.683147,0.694181,0.001000,0.125580,291.296780
133,0.860172,0.578377,1.067153,0.771662,0.051240,0.774047,0.743312,0.661142,0.678784,0.001000,0.125495,290.844702
134,0.856955,0.576601,1.090937,0.797127,0.052616,0.770916,0.733352,0.658222,0.678057,0.001000,0.125321,290.779447
135,0.855759,0.576775,1.078660,0.788597,0.051248,0.768071,0.747297,0.670291,0.688457,0.001000,0.125674,290.748378
136,0.856476,0.576943,1.072800,0.783109,0.050645,0.768924,0.743882,0.671013,0.686638,0.001000,0.125785,290.812960
137,0.855683,0.577603,1.087507,0.802153,0.050932,0.774331,0.752419,0.669663,0.690680,0.001000,0.125384,291.082451
138,0.855910,0.576156,1.081433,0.799199,0.051007,0.774047,0.758110,0.637760,0.672590,0.001000,0.125321,291.676988
139,0.854134,0.577887,1.074529,0.788203,0.051413,0.769209,0.749858,0.655864,0.678117,0.001000,0.125738,291.160796
140,0.855146,0.577754,1.075521,0.786618,0.051662,0.771770,0.741320,0.657152,0.668185,0.001000,0.125419,290.825542
141,0.850175,0.572634,1.067365,0.786784,0.050476,0.774047,0.754980,0.659767,0.686568,0.001000,0.125620,289.095171
142,0.851218,0.572888,1.096820,0.806227,0.051902,0.769209,0.743882,0.649493,0.675070,0.001000,0.125536,279.453127
143,0.851861,0.576152,1.094769,0.803316,0.052820,0.769778,0.741320,0.644758,0.666896,0.001000,0.126111,280.130810
144,0.847046,0.569773,1.067891,0.775589,0.049596,0.774331,0.749004,0.672567,0.698726,0.001000,0.125948,279.562805
145,0.850568,0.577637,1.074961,0.784431,0.051446,0.770063,0.736198,0.662211,0.678953,0.001000,0.126193,280.004977
146,0.848016,0.574533,1.068390,0.782740,0.051853,0.773762,0.740751,0.662743,0.686678,0.001000,0.126164,279.758804
147,0.846486,0.572149,1.097461,0.806515,0.051498,0.774331,0.744166,0.669264,0.676664,0.001000,0.126198,279.564407
148,0.847910,0.575158,1.075248,0.789979,0.052256,0.769209,0.738475,0.662349,0.681933,0.001000,0.126120,280.380654
149,0.845342,0.569920,1.060638,0.774257,0.049699,0.780876,0.752703,0.679174,0.695589,0.001000,0.126045,279.696194
150,0.845689,0.571594,1.108616,0.823374,0.053057,0.774331,0.737621,0.653882,0.671367,0.001000,0.126125,280.439347
151,0.844746,0.570956,1.085430,0.796988,0.050614,0.773478,0.745874,0.682571,0.700417,0.001000,0.125996,279.844629
152,0.843490,0.570644,1.069250,0.783794,0.050908,0.775754,0.750711,0.631630,0.668657,0.001000,0.126249,280.429057
153,0.840236,0.568398,1.108836,0.830505,0.051467,0.774616,0.742459,0.679760,0.687501,0.001000,0.125632,279.850198
154,0.839921,0.567652,1.098748,0.816577,0.051411,0.775754,0.744451,0.655441,0.676581,0.001000,0.125730,280.046853
155,0.839104,0.567349,1.099569,0.814765,0.052246,0.768640,0.752703,0.650797,0.677813,0.001000,0.125970,279.742857
156,0.839201,0.565744,1.081034,0.797895,0.051794,0.770347,0.749004,0.651923,0.678340,0.001000,0.125986,280.137319
157,0.838402,0.568331,1.097445,0.806676,0.051891,0.768924,0.736483,0.657955,0.671522,0.001000,0.125712,280.330965
158,0.836179,0.565343,1.095531,0.807897,0.052331,0.768924,0.744735,0.657446,0.679383,0.001000,0.125523,279.409567
159,0.837313,0.569176,1.096550,0.808206,0.052249,0.766648,0.730791,0.660071,0.680344,0.001000,0.125929,279.598833
160,0.836578,0.568464,1.073995,0.786310,0.050249,0.777746,0.752419,0.687287,0.696065,0.001000,0.126257,279.746251
161,0.829956,0.560935,1.086829,0.798102,0.052700,0.767217,0.727661,0.663614,0.674376,0.001000,0.126366,280.217061
162,0.833077,0.564918,1.105743,0.818487,0.051313,0.772339,0.752988,0.654273,0.675974,0.001000,0.126088,279.901147
163,0.830733,0.561789,1.108555,0.833118,0.052304,0.773762,0.738475,0.649462,0.665747,0.001000,0.126512,280.515042
164,0.833935,0.566127,1.100651,0.823725,0.052435,0.773478,0.731645,0.659161,0.687469,0.001000,0.125683,279.846211
165,0.833802,0.566370,1.092216,0.805355,0.051648,0.771201,0.746158,0.633966,0.675555,0.001000,0.125644,279.433421
166,0.834464,0.566918,1.111739,0.824456,0.052529,0.766648,0.726238,0.667113,0.675030,0.001000,0.125711,280.006674
167,0.828654,0.559576,1.126611,0.841237,0.052280,0.776039,0.744451,0.652477,0.663678,0.001000,0.125654,279.649596
168,0.829059,0.562372,1.098150,0.811922,0.051183,0.766648,0.733921,0.671229,0.679436,0.001000,0.125636,279.571846
169,0.827116,0.566625,1.115107,0.834767,0.054428,0.761810,0.745020,0.642965,0.675917,0.001000,0.125728,279.697083
170,0.826912,0.561358,1.120588,0.836345,0.052557,0.766932,0.737621,0.664100,0.673118,0.001000,0.125714,279.877084
171,0.825144,0.560554,1.128551,0.844408,0.052534,0.769778,0.744451,0.639120,0.665752,0.001000,0.125748,280.159097
172,0.828011,0.566126,1.109546,0.829982,0.052785,0.773478,0.743312,0.633424,0.657437,0.001000,0.125501,279.643565
173,0.825377,0.562796,1.119281,0.837878,0.052355,0.770063,0.739613,0.669972,0.681925,0.001000,0.125632,279.750281
174,0.823663,0.559625,1.103230,0.823943,0.050834,0.776608,0.750711,0.675824,0.699258,0.001000,0.125497,279.659007
175,0.825469,0.559776,1.101008,0.825037,0.051266,0.776608,0.744166,0.654382,0.679183,0.001000,0.125532,279.541703
176,0.822068,0.555839,1.113061,0.838194,0.052455,0.767786,0.737906,0.670281,0.675005,0.001000,0.125607,280.451603
177,0.820774,0.558172,1.102865,0.811104,0.051786,0.769209,0.743597,0.661716,0.684764,0.001000,0.125667,279.542707
178,0.816730,0.554717,1.136891,0.854118,0.052551,0.770347,0.745589,0.664074,0.679818,0.001000,0.125658,279.702842
179,0.818979,0.560168,1.143081,0.862476,0.051852,0.773193,0.740751,0.665729,0.678004,0.001000,0.125576,279.568820
180,0.821569,0.563239,1.114546,0.835815,0.052516,0.768924,0.731076,0.663205,0.677860,0.001000,0.125713,279.729929
181,0.816783,0.556789,1.100412,0.821751,0.051133,0.775470,0.746727,0.662463,0.679198,0.001000,0.125553,279.612739
182,0.815171,0.553660,1.115450,0.848930,0.051929,0.775470,0.752419,0.645776,0.677629,0.001000,0.125621,280.018687
183,0.818379,0.559621,1.108008,0.843314,0.051079,0.774331,0.748719,0.660191,0.677526,0.001000,0.125747,279.688632
184,0.816225,0.557336,1.100649,0.825794,0.052905,0.765794,0.742743,0.657557,0.678077,0.001000,0.125538,279.632367
185,0.811772,0.551194,1.109827,0.830206,0.052860,0.764656,0.734491,0.642026,0.665383,0.001000,0.125445,279.748991
186,0.811939,0.552920,1.133133,0.862716,0.052572,0.769778,0.744166,0.658241,0.674357,0.001000,0.125582,279.768985
187,0.811681,0.553232,1.145314,0.862122,0.052992,0.766932,0.737621,0.657272,0.684379,0.001000,0.125516,279.663100
188,0.815202,0.554307,1.110004,0.817551,0.052528,0.765509,0.734491,0.673203,0.680094,0.001000,0.125729,280.144583
189,0.811144,0.554642,1.108566,0.828321,0.051825,0.766648,0.743597,0.672458,0.684034,0.001000,0.125560,279.950755
190,0.807415,0.548122,1.119070,0.833837,0.053762,0.760102,0.737052,0.630363,0.668967,0.001000,0.125569,279.891778
191,0.806431,0.548493,1.166914,0.893460,0.054253,0.770063,0.738190,0.641885,0.647709,0.001000,0.125384,279.558782
192,0.807546,0.549987,1.133554,0.853966,0.052509,0.769493,0.741605,0.653970,0.675601,0.001000,0.125853,279.786404
193,0.807944,0.552219,1.118835,0.836288,0.052405,0.767217,0.741320,0.678786,0.688211,0.001000,0.125600,279.775745
194,0.804245,0.548216,1.160162,0.889133,0.053526,0.770063,0.747581,0.629957,0.653703,0.001000,0.125444,279.453162
195,0.808236,0.555284,1.119513,0.845794,0.051560,0.770916,0.738759,0.656574,0.676969,0.001000,0.125878,280.006897
196,0.803744,0.549317,1.123629,0.847979,0.051883,0.775185,0.741890,0.655068,0.678745,0.001000,0.125594,279.433493
197,0.799008,0.545385,1.109032,0.832274,0.052196,0.769209,0.741605,0.669519,0.684254,0.001000,0.125554,279.498300
198,0.803532,0.549910,1.147806,0.867041,0.054014,0.765509,0.732499,0.642822,0.660963,0.001000,0.126223,279.523055
199,0.802279,0.548593,1.158602,0.885370,0.054053,0.762664,0.736483,0.641672,0.658462,0.001000,0.125656,279.600577
200,0.799157,0.545798,1.160595,0.882567,0.053756,0.767217,0.733352,0.659278,0.666323,0.001000,0.125654,279.802274
