epoch,train_loss,train_xent,valid_loss,valid_xent,valid_emd,valid_xent_accuracy,valid_exp_accuracy,valid_xent_qwk,valid_exp_qwk,learning_rate,mb_time,time
1,2.375420,13.311094,1.824609,1.007882,0.085542,0.745304,0.069152,0.000000,-0.002164,0.010000,0.299758,333.784132
2,1.776893,0.940379,1.711601,0.867378,0.081597,0.745304,0.067160,0.000000,0.000000,0.010000,0.281881,326.208965
3,1.706178,0.880662,1.670501,0.841051,0.080267,0.745304,0.416335,0.000000,0.095321,0.010000,0.281865,326.333917
4,1.671427,0.851962,1.635927,0.821176,0.077800,0.745304,0.418042,0.000000,0.138815,0.010000,0.281990,329.133838
5,1.622622,0.821703,1.597906,0.784304,0.073056,0.744166,0.573990,0.048372,0.261365,0.010000,0.281686,328.647609
6,1.591956,0.828022,1.573897,0.767647,0.070854,0.746158,0.589072,0.114499,0.318766,0.010000,0.281784,328.338954
7,1.568785,0.795331,1.556870,0.766753,0.070884,0.743597,0.516221,0.226330,0.344454,0.010000,0.281936,328.476390
8,1.550266,0.801677,1.541436,0.750008,0.068223,0.754696,0.615253,0.250984,0.367037,0.010000,0.281961,328.290577
9,1.530702,0.800720,1.527237,0.748165,0.068559,0.748150,0.573990,0.270803,0.385165,0.010000,0.282114,328.449944
10,1.512967,0.787836,1.514401,0.737547,0.066818,0.757257,0.617245,0.317505,0.408741,0.010000,0.282066,328.404026
11,1.494304,0.945543,1.493143,0.810397,0.079816,0.714855,0.459590,0.384838,0.396902,0.010000,0.281916,328.485706
12,1.478122,0.785549,1.477944,0.807003,0.077180,0.717701,0.513090,0.398157,0.430303,0.010000,0.281850,328.176014
13,1.463900,0.840896,1.470757,0.740311,0.067928,0.749289,0.559476,0.414275,0.451321,0.010000,0.282103,328.306967
14,1.447635,0.828580,1.465797,0.719382,0.065341,0.760387,0.598179,0.358478,0.443033,0.010000,0.281944,328.426225
15,1.434397,0.781377,1.431991,0.694423,0.061583,0.768071,0.660785,0.408839,0.488888,0.010000,0.282657,329.308896
16,1.418034,0.787804,1.420339,0.697365,0.062108,0.767786,0.620945,0.480250,0.505052,0.010000,0.281884,328.109653
17,1.403424,0.783983,1.407840,0.679201,0.059972,0.767501,0.663347,0.455752,0.531122,0.010000,0.282150,328.402642
18,1.386374,0.807939,1.393831,0.738516,0.065191,0.768640,0.728799,0.348331,0.433472,0.010000,0.281818,328.234018
19,1.372478,0.860662,1.382407,0.677646,0.059528,0.770916,0.642003,0.522145,0.556116,0.010000,0.281641,328.595427
20,1.358968,0.711972,1.371580,0.671079,0.058546,0.776323,0.668469,0.518672,0.568004,0.010000,0.282004,328.628713
21,1.347896,0.710314,1.355480,0.752499,0.072118,0.741036,0.561184,0.484970,0.515378,0.010000,0.281959,328.310318
22,1.336093,0.706276,1.346010,0.659279,0.056811,0.783438,0.705179,0.506074,0.556771,0.010000,0.282099,328.431246
23,1.327532,0.719310,1.333563,0.644898,0.055441,0.778884,0.673876,0.541204,0.604749,0.010000,0.282069,328.278657
24,1.315260,0.716846,1.328802,0.652497,0.055464,0.785145,0.715709,0.511317,0.559928,0.010000,0.282035,328.366651
25,1.305580,0.706531,1.322818,0.660080,0.057359,0.774047,0.651394,0.549211,0.592870,0.010000,0.281924,328.612109
26,1.295988,0.676664,1.303452,0.636762,0.053429,0.793682,0.702334,0.542662,0.586412,0.010000,0.281973,328.754294
27,1.285555,0.689209,1.297904,0.645268,0.055014,0.784861,0.719977,0.524113,0.592113,0.010000,0.281844,328.407711
28,1.277915,0.725392,1.286597,0.635592,0.053003,0.789698,0.733637,0.569705,0.619337,0.010000,0.281973,328.173479
29,1.267403,0.700993,1.282537,0.635841,0.053542,0.793113,0.674445,0.584603,0.608484,0.010000,0.281794,328.734534
30,1.258955,0.700083,1.262449,0.627661,0.052076,0.793967,0.661924,0.595638,0.613277,0.010000,0.282072,328.382712
31,1.249072,0.663475,1.269662,0.634003,0.052961,0.793967,0.717701,0.542216,0.602473,0.010000,0.282214,328.395804
32,1.240172,0.663485,1.255633,0.626340,0.051968,0.793398,0.704326,0.591779,0.629616,0.010000,0.281969,327.961837
33,1.233485,0.668273,1.246418,0.620651,0.051634,0.797666,0.710871,0.582955,0.630087,0.010000,0.281934,327.980017
34,1.225970,0.679102,1.236717,0.622163,0.051804,0.801081,0.707171,0.587338,0.627035,0.010000,0.282174,328.333606
35,1.216772,0.668632,1.234320,0.622953,0.052210,0.797097,0.685828,0.614042,0.636954,0.010000,0.282100,328.157760
36,1.211013,0.655395,1.227434,0.622369,0.051390,0.798236,0.712294,0.575896,0.620274,0.010000,0.282214,328.381630
37,1.202979,0.650655,1.218518,0.622547,0.051381,0.795674,0.714570,0.595011,0.638195,0.010000,0.281890,328.372734
38,1.194384,0.668422,1.210194,0.632806,0.052676,0.793967,0.689812,0.615595,0.655230,0.010000,0.282156,328.740904
39,1.186010,0.654324,1.205544,0.613852,0.050195,0.804212,0.745020,0.600456,0.642711,0.010000,0.281664,368.952627
40,1.178851,0.627513,1.190884,0.605792,0.050160,0.801935,0.731076,0.585972,0.641921,0.010000,0.281370,364.185313
41,1.170676,0.662058,1.197821,0.629758,0.052802,0.792260,0.683267,0.616290,0.649389,0.010000,0.282035,339.780052
42,1.162928,0.639584,1.204545,0.633949,0.053530,0.794821,0.723108,0.547649,0.592020,0.010000,0.281076,348.511972
43,1.157210,0.621641,1.177470,0.607601,0.050236,0.803358,0.737621,0.592740,0.636335,0.010000,0.282608,329.647633
44,1.150961,0.654624,1.181156,0.695546,0.062058,0.762664,0.624929,0.576765,0.594681,0.010000,0.281749,328.693275
45,1.142635,0.639538,1.171057,0.639581,0.054321,0.787137,0.680137,0.598767,0.637196,0.010000,0.281772,328.482187
46,1.135376,0.617611,1.169247,0.634083,0.052718,0.797097,0.657086,0.603331,0.618576,0.010000,0.281876,328.144820
47,1.130368,0.623542,1.158255,0.616357,0.051250,0.801366,0.743882,0.564330,0.624497,0.010000,0.282079,328.181048
48,1.123454,0.636422,1.150769,0.604458,0.049123,0.808765,0.723108,0.636837,0.654224,0.010000,0.282089,327.912827
49,1.118794,0.622861,1.135958,0.601332,0.048848,0.803358,0.741605,0.611349,0.657054,0.010000,0.281973,327.718988
50,1.110281,0.618877,1.126117,0.594249,0.048020,0.809334,0.747581,0.612795,0.653520,0.010000,0.281775,328.143076
51,1.104342,0.635208,1.129767,0.599692,0.049313,0.800512,0.735913,0.608958,0.654997,0.010000,0.281913,327.758985
52,1.097023,0.611984,1.126993,0.604248,0.049399,0.801651,0.713147,0.623494,0.661988,0.010000,0.281858,327.996063
53,1.088128,0.607861,1.115523,0.612415,0.050870,0.798520,0.682698,0.640097,0.664479,0.010000,0.281769,327.698251
54,1.086340,0.615255,1.116943,0.611504,0.050916,0.798520,0.699203,0.622100,0.656045,0.010000,0.281751,327.955057
55,1.081407,0.603275,1.100098,0.589865,0.047644,0.809619,0.735344,0.636664,0.671443,0.010000,0.282236,327.668980
56,1.073241,0.619173,1.115364,0.610476,0.050236,0.799943,0.720546,0.607121,0.642974,0.010000,0.281893,327.618109
57,1.068186,0.599643,1.092672,0.595115,0.048880,0.805919,0.746727,0.596896,0.647073,0.010000,0.281876,327.614479
58,1.060276,0.613156,1.092485,0.623200,0.052136,0.789129,0.663347,0.604893,0.635565,0.010000,0.281996,328.287462
59,1.054727,0.621294,1.097422,0.602548,0.049592,0.802504,0.725953,0.632797,0.677379,0.010000,0.282029,329.836084
60,1.051213,0.595494,1.085775,0.604262,0.049554,0.803358,0.733352,0.629045,0.655716,0.010000,0.281156,345.865705
61,1.042774,0.604168,1.089741,0.606617,0.049620,0.806204,0.733637,0.596817,0.635220,0.010000,0.282271,330.964487
62,1.037387,0.610837,1.080629,0.611934,0.049691,0.803073,0.716847,0.637924,0.668228,0.010000,0.282445,331.237952
63,1.032527,0.596787,1.066827,0.591952,0.048109,0.809903,0.721116,0.640494,0.666101,0.010000,0.282231,330.847697
64,1.030720,0.608064,1.063642,0.602474,0.048517,0.802220,0.736767,0.629150,0.667264,0.010000,0.282071,329.952298
65,1.022301,0.597289,1.050734,0.588115,0.047382,0.810188,0.733921,0.653171,0.681190,0.010000,0.282257,329.399581
66,1.017131,0.629121,1.048712,0.585814,0.046680,0.811042,0.754696,0.653167,0.678882,0.010000,0.281896,329.094771
67,1.011072,0.591828,1.045463,0.592433,0.047842,0.807627,0.746158,0.611104,0.665987,0.010000,0.281930,329.806634
68,1.006797,0.603399,1.042427,0.590100,0.047738,0.803643,0.746158,0.645357,0.693501,0.010000,0.282041,330.092272
69,1.000930,0.598791,1.027731,0.587228,0.047326,0.810757,0.714855,0.638068,0.671247,0.010000,0.281987,329.328185
70,0.995080,0.588105,1.033064,0.586565,0.047932,0.807911,0.735629,0.645121,0.678250,0.010000,0.281903,329.203351
71,0.991958,0.588904,1.032598,0.592285,0.047654,0.810188,0.732783,0.649114,0.685995,0.010000,0.281862,329.117856
72,0.985681,0.588912,1.028538,0.593471,0.047623,0.806773,0.754980,0.617939,0.671509,0.010000,0.282144,329.728065
73,0.979463,0.593724,1.014047,0.581435,0.046741,0.811895,0.731929,0.651933,0.685634,0.010000,0.281894,331.251462
74,0.975421,0.593133,1.015946,0.589124,0.047556,0.809619,0.729084,0.648169,0.683309,0.010000,0.282000,330.866417
75,0.971672,0.587995,1.024887,0.604601,0.049409,0.799943,0.722823,0.642680,0.676753,0.010000,0.281774,329.647411
76,0.966659,0.587628,1.015038,0.595745,0.047945,0.810188,0.749858,0.622952,0.669230,0.010000,0.281685,329.522338
77,0.960427,0.584332,1.016300,0.598871,0.048396,0.804212,0.740182,0.625335,0.676970,0.010000,0.282265,329.847177
78,0.957240,0.574588,1.002945,0.593238,0.047615,0.809334,0.748435,0.652866,0.680200,0.010000,0.281912,330.426067
79,0.952042,0.591718,1.006604,0.601775,0.048756,0.807627,0.733352,0.651332,0.671433,0.010000,0.282156,331.037373
80,0.948305,0.572453,0.993576,0.589087,0.048397,0.805635,0.730507,0.642217,0.674171,0.010000,0.282091,330.019830
81,0.943464,0.596514,0.986691,0.585725,0.046964,0.811042,0.754411,0.625808,0.665302,0.010000,0.282005,329.517204
82,0.936000,0.589857,0.984950,0.590973,0.047724,0.811326,0.732499,0.661234,0.696319,0.010000,0.281905,329.639555
83,0.935088,0.598420,0.983003,0.592032,0.047765,0.811611,0.754696,0.612668,0.658241,0.010000,0.281749,329.622538
84,0.932218,0.585762,0.969336,0.581564,0.046350,0.816448,0.757826,0.645169,0.672919,0.010000,0.281700,329.900318
85,0.921946,0.565733,0.984769,0.605934,0.049683,0.802504,0.718554,0.644941,0.672099,0.010000,0.281823,331.023468
86,0.919525,0.584523,0.985980,0.603697,0.048208,0.813603,0.747297,0.652146,0.680159,0.010000,0.281620,330.282894
87,0.915681,0.567978,0.967702,0.582841,0.046508,0.812464,0.737621,0.657861,0.689641,0.010000,0.281725,328.741327
88,0.912897,0.575651,0.964851,0.589630,0.047210,0.811042,0.755549,0.642806,0.677188,0.010000,0.281941,330.317119
89,0.906647,0.571525,0.976526,0.600716,0.048908,0.809050,0.740751,0.608579,0.654765,0.010000,0.282029,331.048978
90,0.900669,0.565653,0.958336,0.590847,0.047447,0.811326,0.728230,0.652874,0.679231,0.010000,0.282201,329.594922
91,0.899837,0.576166,0.953310,0.588102,0.046865,0.813603,0.735629,0.662696,0.698992,0.010000,0.282026,331.177806
92,0.893492,0.580937,0.958825,0.591420,0.047686,0.808765,0.741320,0.653408,0.687428,0.010000,0.282282,332.361148
93,0.887462,0.561770,0.945302,0.581368,0.045458,0.818441,0.750427,0.663693,0.687588,0.010000,0.280868,337.688798
94,0.884318,0.556018,0.948427,0.588699,0.046909,0.815026,0.737052,0.650148,0.683757,0.010000,0.280417,333.060578
95,0.883174,0.565717,0.928806,0.578100,0.045624,0.819010,0.755834,0.663756,0.688210,0.010000,0.279895,329.380817
96,0.880274,0.573298,0.943427,0.601792,0.047602,0.811042,0.765509,0.625542,0.673283,0.010000,0.280487,331.048161
97,0.871344,0.556455,0.945896,0.621219,0.049932,0.808765,0.770347,0.585040,0.624168,0.010000,0.279961,330.702245
98,0.868188,0.571155,0.935817,0.592134,0.046900,0.815595,0.762664,0.644273,0.689455,0.010000,0.280413,330.448815
99,0.865466,0.566106,0.942815,0.603277,0.048875,0.806204,0.761241,0.597354,0.654801,0.010000,0.280308,330.460268
100,0.860046,0.562787,0.930502,0.585677,0.046713,0.811895,0.748435,0.664768,0.686819,0.010000,0.280135,332.767831
1,0.831447,0.494290,0.909171,0.566531,0.044291,0.819579,0.754696,0.681619,0.705974,0.001000,0.601660,476.792038
2,0.826319,0.489477,0.907021,0.565961,0.044556,0.817871,0.747012,0.674065,0.709263,0.001000,0.568514,464.911062
3,0.820926,0.485385,0.911977,0.570399,0.044524,0.820433,0.756403,0.677735,0.705357,0.001000,0.566676,468.112748
4,0.817397,0.481555,0.922270,0.580010,0.045584,0.816448,0.746158,0.673896,0.698567,0.001000,0.568705,466.270082
5,0.818776,0.484242,0.916001,0.577041,0.044391,0.819863,0.755265,0.691678,0.716721,0.001000,0.568452,466.596603
6,0.813560,0.479399,0.924409,0.583980,0.045103,0.813887,0.752419,0.669903,0.707431,0.001000,0.567980,466.622820
7,0.815069,0.481282,0.921470,0.582142,0.045226,0.815026,0.756972,0.683341,0.707471,0.001000,0.568515,463.611245
8,0.813042,0.479398,0.926554,0.586857,0.045262,0.812180,0.755834,0.676392,0.709923,0.001000,0.568896,456.800286
9,0.811172,0.478983,0.922130,0.583035,0.044657,0.821002,0.761810,0.685599,0.706083,0.001000,0.568996,456.726186
10,0.808852,0.477773,0.926381,0.585154,0.045225,0.819294,0.763517,0.683852,0.707860,0.001000,0.568793,456.405874
11,0.810989,0.479220,0.924930,0.586245,0.045652,0.815310,0.752703,0.683689,0.709464,0.001000,0.569065,456.379805
12,0.808102,0.476507,0.909629,0.567970,0.044175,0.818725,0.764656,0.681593,0.709414,0.001000,0.568338,456.760836
13,0.806788,0.476706,0.919866,0.583188,0.045403,0.814172,0.756118,0.680771,0.707024,0.001000,0.567750,457.068316
14,0.806724,0.475276,0.921665,0.582285,0.045363,0.815026,0.757541,0.678208,0.710870,0.001000,0.568803,455.764442
15,0.805270,0.475773,0.908893,0.572653,0.044056,0.818156,0.761241,0.693679,0.726586,0.001000,0.568517,455.624229
16,0.806196,0.477686,0.914641,0.577086,0.044425,0.817302,0.764656,0.680234,0.704911,0.001000,0.568658,455.715451
17,0.804518,0.475424,0.915338,0.578124,0.044573,0.821571,0.770063,0.682232,0.713919,0.001000,0.568658,455.163737
18,0.799388,0.470899,0.922504,0.585797,0.045421,0.813887,0.764087,0.668299,0.709736,0.001000,0.568390,455.040761
19,0.798274,0.469761,0.925595,0.592891,0.045921,0.815595,0.766648,0.674071,0.711254,0.001000,0.569120,455.180145
20,0.798181,0.469676,0.919577,0.583139,0.045465,0.812749,0.759249,0.679657,0.706078,0.001000,0.568558,455.491098
21,0.796279,0.468566,0.926870,0.588720,0.045095,0.815595,0.761241,0.676331,0.714851,0.001000,0.568563,455.599152
22,0.798518,0.471917,0.929853,0.594831,0.045258,0.817018,0.762948,0.694763,0.713726,0.001000,0.567787,457.027847
23,0.797448,0.471430,0.935170,0.602677,0.047064,0.811326,0.747581,0.673575,0.696216,0.001000,0.568176,457.089154
24,0.795380,0.469276,0.927890,0.594300,0.046120,0.814172,0.757826,0.671610,0.700041,0.001000,0.568877,456.118144
25,0.792157,0.466750,0.932024,0.597202,0.046429,0.814456,0.761241,0.678487,0.692510,0.001000,0.568444,456.400050
26,0.793107,0.467345,0.921909,0.588549,0.045373,0.815879,0.757541,0.669126,0.702197,0.001000,0.568419,455.588988
27,0.791689,0.466741,0.919941,0.585295,0.044634,0.817871,0.768355,0.676688,0.710263,0.001000,0.568234,455.774850
28,0.792578,0.467689,0.929184,0.594752,0.045562,0.816448,0.758110,0.687259,0.706421,0.001000,0.568001,456.202452
29,0.789612,0.466799,0.933113,0.599355,0.045782,0.815026,0.753557,0.681086,0.704277,0.001000,0.568143,456.107465
30,0.788131,0.465669,0.929640,0.598686,0.046008,0.814456,0.760672,0.675532,0.708242,0.001000,0.568367,456.548194
31,0.785601,0.464234,0.936413,0.606689,0.046698,0.812180,0.747012,0.674312,0.695131,0.001000,0.568129,456.348266
32,0.784835,0.462176,0.919828,0.590496,0.045427,0.816733,0.756118,0.676207,0.703643,0.001000,0.566781,458.005679
33,0.786156,0.463493,0.929912,0.598200,0.045232,0.814456,0.765509,0.677198,0.715555,0.001000,0.567613,456.848965
34,0.788038,0.467707,0.929555,0.597002,0.045539,0.811326,0.760672,0.672781,0.704619,0.001000,0.568213,455.205816
35,0.782040,0.461134,0.930512,0.600097,0.046393,0.811326,0.758680,0.663546,0.700913,0.001000,0.568286,455.108998
36,0.784078,0.463502,0.926265,0.593854,0.045481,0.813034,0.756118,0.670101,0.708797,0.001000,0.568249,454.947766
37,0.782125,0.462438,0.925998,0.594910,0.045411,0.816164,0.758964,0.677355,0.706628,0.001000,0.568374,454.963627
38,0.779286,0.459732,0.929352,0.599144,0.045690,0.814456,0.752988,0.684559,0.704245,0.001000,0.568321,454.810572
39,0.778989,0.459837,0.922141,0.592944,0.045027,0.821286,0.756972,0.694062,0.707054,0.001000,0.568533,455.143132
40,0.775974,0.457387,0.937178,0.608221,0.046637,0.812464,0.753273,0.677662,0.697531,0.001000,0.568570,454.845164
41,0.776096,0.458082,0.933925,0.602896,0.045952,0.809619,0.756688,0.664612,0.710611,0.001000,0.568448,455.863263
42,0.777606,0.458949,0.940314,0.611731,0.046968,0.812180,0.765794,0.658841,0.692378,0.001000,0.566923,457.262199
43,0.776079,0.458352,0.927899,0.602059,0.046230,0.806488,0.749858,0.653301,0.698445,0.001000,0.568455,455.195407
44,0.774204,0.456887,0.927418,0.598623,0.045725,0.815026,0.752134,0.685227,0.702708,0.001000,0.568483,455.629711
45,0.771621,0.455510,0.932568,0.603290,0.046254,0.813318,0.752134,0.680337,0.700188,0.001000,0.569106,455.997646
46,0.770589,0.454334,0.943830,0.619276,0.047241,0.807342,0.749289,0.669524,0.694823,0.001000,0.568692,454.826121
47,0.768547,0.454191,0.930999,0.605339,0.046149,0.817302,0.758964,0.683848,0.702774,0.001000,0.568912,455.419976
48,0.766956,0.451984,0.938790,0.614228,0.046727,0.811611,0.761525,0.667926,0.701478,0.001000,0.568675,455.212811
49,0.767184,0.452779,0.939151,0.611666,0.045777,0.816733,0.768355,0.677415,0.696612,0.001000,0.568604,455.050045
50,0.766761,0.452438,0.931447,0.604463,0.045229,0.817018,0.765225,0.696227,0.710913,0.001000,0.568548,455.040476
51,0.765233,0.450919,0.945869,0.618904,0.047054,0.811326,0.755834,0.661097,0.689175,0.001000,0.568423,455.998373
52,0.764180,0.450981,0.941618,0.617763,0.047041,0.813318,0.751850,0.680123,0.698228,0.001000,0.567466,456.739533
53,0.759334,0.446729,0.936554,0.614120,0.046540,0.812464,0.758964,0.678799,0.709192,0.001000,0.568623,455.312254
54,0.761253,0.448386,0.939799,0.616695,0.046243,0.812180,0.758680,0.680326,0.702150,0.001000,0.568557,455.470779
55,0.762531,0.450638,0.928798,0.600856,0.044858,0.814172,0.768071,0.677022,0.711920,0.001000,0.568642,454.556323
56,0.759987,0.447633,0.941836,0.618595,0.047212,0.807342,0.748150,0.685827,0.705759,0.001000,0.568443,453.791648
57,0.762022,0.450285,0.937411,0.617216,0.046578,0.815595,0.757541,0.679655,0.698072,0.001000,0.568662,454.272075
58,0.755643,0.445209,0.940213,0.619713,0.046558,0.815879,0.758110,0.681294,0.707167,0.001000,0.568177,453.740213
59,0.756246,0.446829,0.937848,0.612679,0.046788,0.812464,0.754696,0.683001,0.704689,0.001000,0.568464,453.712453
60,0.757092,0.450811,0.953282,0.637000,0.048837,0.805635,0.749004,0.656220,0.679435,0.001000,0.568442,454.278332
61,0.753345,0.443708,0.939258,0.619731,0.046423,0.811895,0.760387,0.684765,0.696928,0.001000,0.568192,455.380496
62,0.749836,0.443596,0.939748,0.623242,0.046437,0.812180,0.757826,0.681008,0.705231,0.001000,0.567846,455.243943
63,0.747716,0.440101,0.944125,0.625038,0.047426,0.806488,0.758680,0.671452,0.703555,0.001000,0.568714,454.274213
64,0.751029,0.444631,0.938765,0.618314,0.046002,0.818441,0.758964,0.699092,0.710115,0.001000,0.568474,454.101932
65,0.747861,0.441834,0.944994,0.628145,0.046235,0.808480,0.756972,0.694661,0.713436,0.001000,0.568550,454.047245
66,0.747384,0.442760,0.958503,0.634956,0.047433,0.810757,0.751565,0.667377,0.685765,0.001000,0.568561,454.115703
67,0.747103,0.439775,0.940871,0.621336,0.046572,0.812180,0.754696,0.673874,0.700032,0.001000,0.568772,454.629392
68,0.744182,0.438751,0.947064,0.627762,0.047141,0.807057,0.756403,0.679822,0.707379,0.001000,0.568659,454.635185
69,0.743473,0.442100,0.935236,0.617835,0.045983,0.810188,0.758395,0.676587,0.700934,0.001000,0.568782,454.579923
70,0.741362,0.435790,0.946088,0.627309,0.047210,0.808196,0.753557,0.692302,0.709632,0.001000,0.568604,454.800057
71,0.740565,0.438506,0.949117,0.632041,0.047186,0.809903,0.750996,0.683654,0.709463,0.001000,0.567817,456.234812
72,0.741622,0.437999,0.948895,0.634954,0.047058,0.812749,0.758680,0.681862,0.702628,0.001000,0.568010,455.100023
73,0.736964,0.436217,0.942945,0.629427,0.047473,0.811611,0.750711,0.684367,0.693881,0.001000,0.568840,454.660654
74,0.737021,0.435825,0.960090,0.642539,0.047927,0.804212,0.751565,0.669990,0.691630,0.001000,0.568866,454.523726
75,0.735275,0.437094,0.958020,0.640014,0.047076,0.812749,0.762664,0.691896,0.703873,0.001000,0.568581,454.586971
76,0.733718,0.433540,0.952362,0.638415,0.047427,0.808196,0.747866,0.683959,0.705661,0.001000,0.568169,453.351057
77,0.734943,0.435860,0.965314,0.649094,0.048065,0.801935,0.758680,0.678728,0.705130,0.001000,0.568174,453.641509
78,0.733407,0.433864,0.952591,0.637932,0.047151,0.807057,0.755834,0.670725,0.706164,0.001000,0.568057,453.411223
79,0.731107,0.430239,0.956308,0.639748,0.047316,0.809050,0.760956,0.680324,0.705137,0.001000,0.567980,453.302636
80,0.728132,0.428796,0.956243,0.640583,0.047213,0.809903,0.754696,0.688554,0.699530,0.001000,0.568197,453.316315
81,0.729034,0.431182,0.952403,0.637715,0.047736,0.807057,0.753273,0.665826,0.697302,0.001000,0.566723,455.178266
82,0.726485,0.428159,0.954731,0.637640,0.046881,0.811042,0.758964,0.672766,0.699959,0.001000,0.567916,453.801368
83,0.724505,0.427330,0.951169,0.632918,0.046433,0.814172,0.763517,0.688373,0.709980,0.001000,0.568241,454.089889
84,0.725267,0.430442,0.950216,0.638846,0.047443,0.810472,0.760956,0.678000,0.701410,0.001000,0.567925,453.894830
85,0.720505,0.425704,0.965706,0.655362,0.049015,0.803643,0.749289,0.668338,0.693917,0.001000,0.568521,454.062413
86,0.721826,0.429716,0.961122,0.655460,0.048154,0.809334,0.751565,0.689937,0.702634,0.001000,0.568140,453.992480
87,0.717838,0.422163,0.961607,0.648851,0.048310,0.801081,0.747297,0.675263,0.695896,0.001000,0.568370,454.069342
88,0.721503,0.427836,0.954108,0.640665,0.047484,0.807911,0.769778,0.676149,0.702826,0.001000,0.568399,453.995699
89,0.715612,0.420416,0.975635,0.662461,0.049836,0.801651,0.756972,0.653360,0.689189,0.001000,0.568486,454.838637
90,0.714056,0.420383,0.958429,0.644147,0.046353,0.814172,0.766648,0.673897,0.701137,0.001000,0.568529,454.753474
91,0.712549,0.418364,0.967600,0.655476,0.048495,0.800228,0.750996,0.667841,0.698327,0.001000,0.567090,456.864476
92,0.709944,0.423238,0.979819,0.669793,0.048947,0.805350,0.757257,0.673858,0.691576,0.001000,0.568484,454.728100
93,0.707983,0.416094,0.974383,0.661007,0.047894,0.807911,0.758395,0.684545,0.698762,0.001000,0.568304,454.595592
94,0.706157,0.416224,0.977064,0.664489,0.049033,0.808765,0.761810,0.670335,0.693766,0.001000,0.568442,454.630477
95,0.708363,0.415950,0.949933,0.643985,0.046726,0.806773,0.764940,0.691517,0.717189,0.001000,0.568412,454.922316
96,0.706550,0.416358,0.976906,0.669030,0.048924,0.799943,0.753557,0.668000,0.688482,0.001000,0.568479,454.927824
97,0.703137,0.413970,0.968021,0.661331,0.048577,0.807342,0.765794,0.659414,0.681915,0.001000,0.568347,455.125536
98,0.698458,0.412017,0.970710,0.663775,0.048290,0.807911,0.760102,0.673815,0.699091,0.001000,0.568333,454.371149
99,0.698804,0.413990,0.988842,0.680269,0.049780,0.801935,0.765225,0.661546,0.686141,0.001000,0.568470,454.225449
100,0.697027,0.411188,0.977572,0.672641,0.049736,0.798236,0.752134,0.669331,0.689997,0.001000,0.568143,454.602150
101,0.711368,0.427799,0.982702,0.670406,0.049206,0.804781,0.748435,0.660948,0.679052,0.001000,0.567207,455.699188
102,0.707399,0.421295,0.987331,0.683000,0.050498,0.797097,0.756688,0.650552,0.689280,0.001000,0.568564,454.386597
103,0.711064,0.427290,0.985625,0.677668,0.048884,0.797097,0.756118,0.661064,0.692163,0.001000,0.568444,454.311737
104,0.703145,0.417830,0.987172,0.682278,0.049354,0.809334,0.759533,0.646641,0.674085,0.001000,0.568564,454.487792
105,0.706805,0.421828,0.979662,0.671468,0.049986,0.800797,0.757541,0.633445,0.671092,0.001000,0.568751,454.320512
106,0.702046,0.417893,0.974598,0.664823,0.047796,0.805350,0.767217,0.676027,0.698954,0.001000,0.568436,454.411808
107,0.703895,0.422658,0.979428,0.676616,0.048835,0.804781,0.754980,0.650440,0.676051,0.001000,0.568342,454.453305
108,0.699881,0.417352,0.984646,0.678264,0.049121,0.801081,0.753557,0.675241,0.698328,0.001000,0.568462,454.208100
109,0.699818,0.419124,0.984373,0.671362,0.049184,0.804212,0.762664,0.661046,0.685971,0.001000,0.569031,454.529152
110,0.698429,0.418860,0.991406,0.686396,0.049452,0.801366,0.755549,0.666478,0.701608,0.001000,0.568489,455.828892
111,0.698777,0.418200,0.978170,0.675888,0.048180,0.803643,0.753273,0.680732,0.703010,0.001000,0.567820,455.004010
112,0.693184,0.413674,0.988131,0.678996,0.049283,0.798520,0.755549,0.655225,0.691919,0.001000,0.568412,454.128397
113,0.695045,0.414412,0.993810,0.688080,0.049309,0.803358,0.762094,0.668218,0.692876,0.001000,0.568422,453.925587
114,0.690795,0.411995,0.975042,0.669451,0.048276,0.802220,0.761525,0.662286,0.696669,0.001000,0.568275,454.031986
115,0.690198,0.412736,0.985035,0.686412,0.048749,0.802789,0.762664,0.675166,0.700268,0.001000,0.568302,454.086195
116,0.690764,0.412695,0.996429,0.694908,0.050073,0.799943,0.765509,0.656102,0.680540,0.001000,0.568013,454.022396
117,0.686503,0.410655,0.995203,0.688243,0.049471,0.801366,0.754126,0.671761,0.695860,0.001000,0.568245,453.945449
118,0.686985,0.410862,0.989650,0.681152,0.048592,0.809050,0.760672,0.670341,0.694420,0.001000,0.568395,454.395218
119,0.683200,0.408315,1.009628,0.712076,0.049959,0.796528,0.749004,0.676751,0.693286,0.001000,0.568273,453.944257
120,0.685733,0.410615,0.999446,0.699968,0.050008,0.804496,0.758964,0.669182,0.684475,0.001000,0.567655,455.735841
121,0.679885,0.409007,0.996936,0.695720,0.049286,0.806488,0.760102,0.682274,0.690766,0.001000,0.567726,455.164098
122,0.679016,0.408105,1.002819,0.700834,0.050230,0.797097,0.751281,0.666542,0.697985,0.001000,0.568419,454.492770
123,0.677431,0.408615,0.980853,0.682586,0.048595,0.803643,0.761525,0.677489,0.690093,0.001000,0.568614,454.013330
124,0.676736,0.404265,1.007326,0.706462,0.050022,0.799374,0.759533,0.674036,0.692295,0.001000,0.568537,454.321915
125,0.679448,0.409664,1.004621,0.706265,0.051038,0.792260,0.747297,0.660227,0.682925,0.001000,0.568759,453.831098
126,0.679964,0.411600,1.013419,0.714051,0.051575,0.796244,0.749858,0.648922,0.676246,0.001000,0.568776,454.935676
127,0.673851,0.403626,0.990574,0.688139,0.048717,0.802504,0.764087,0.663846,0.688016,0.001000,0.568913,455.006762
128,0.672559,0.402836,1.011333,0.721151,0.050455,0.797097,0.757541,0.665372,0.693467,0.001000,0.568959,454.799323
129,0.671149,0.403364,1.005827,0.708667,0.050949,0.796244,0.751850,0.659879,0.682558,0.001000,0.568920,455.125944
130,0.667640,0.397701,1.005482,0.714042,0.051722,0.793682,0.750142,0.654896,0.670602,0.001000,0.567864,456.585914
131,0.667281,0.397608,1.011516,0.706489,0.051446,0.788845,0.751850,0.629701,0.680366,0.001000,0.568151,454.793156
132,0.662407,0.393652,1.001954,0.703415,0.048865,0.801935,0.758110,0.682244,0.702236,0.001000,0.568749,455.266879
133,0.663556,0.394019,1.006270,0.708173,0.050325,0.796813,0.748150,0.661984,0.681683,0.001000,0.568675,455.036742
134,0.664299,0.394130,1.028274,0.732654,0.051840,0.793967,0.746443,0.665936,0.682921,0.001000,0.568570,455.565956
135,0.660999,0.395411,1.007301,0.705763,0.049576,0.799374,0.756688,0.678927,0.692432,0.001000,0.568747,455.319581
136,0.659121,0.392267,1.015288,0.718097,0.050606,0.801366,0.761525,0.657545,0.669762,0.001000,0.568703,455.544649
137,0.658846,0.393988,1.016124,0.723375,0.051382,0.793967,0.754980,0.658724,0.689698,0.001000,0.568420,456.318895
138,0.656033,0.394881,1.026783,0.729062,0.050639,0.799659,0.754126,0.656664,0.673343,0.001000,0.568535,455.842784
139,0.652498,0.392450,1.028894,0.737757,0.051224,0.795674,0.746727,0.660553,0.681250,0.001000,0.568732,455.471996
140,0.656219,0.395218,1.014070,0.726091,0.050648,0.794252,0.757826,0.678952,0.694672,0.001000,0.566986,456.315514
141,0.654893,0.394053,1.028143,0.736354,0.051304,0.797951,0.759533,0.660162,0.678825,0.001000,0.568498,454.092194
142,0.650077,0.385352,1.040204,0.749118,0.051663,0.794252,0.749573,0.663929,0.680483,0.001000,0.568410,454.284366
143,0.647272,0.389300,1.016258,0.729977,0.050214,0.800797,0.764940,0.673520,0.688926,0.001000,0.568627,454.526206
144,0.648486,0.392655,1.015089,0.720648,0.050244,0.793682,0.748150,0.670827,0.690890,0.001000,0.568894,454.754221
145,0.646881,0.387395,1.030572,0.735370,0.051695,0.789698,0.750142,0.661313,0.686951,0.001000,0.568435,455.218734
146,0.642190,0.383835,1.028783,0.738985,0.052706,0.789698,0.752703,0.641097,0.666433,0.001000,0.568071,453.778478
147,0.640527,0.384333,1.024558,0.734189,0.050504,0.797097,0.749858,0.662291,0.683631,0.001000,0.568292,453.929155
148,0.641133,0.386478,1.046973,0.762226,0.052458,0.791690,0.748719,0.670157,0.688939,0.001000,0.568215,454.756996
149,0.638696,0.380994,1.046068,0.755519,0.051681,0.789129,0.751565,0.652361,0.682317,0.001000,0.567955,455.559964
150,0.634211,0.378216,1.029114,0.738725,0.050133,0.798236,0.753273,0.677467,0.694963,0.001000,0.566886,456.538153
151,0.636147,0.383839,1.044008,0.749790,0.052010,0.793113,0.749573,0.662379,0.680776,0.001000,0.568572,454.781058
152,0.635270,0.381819,1.055583,0.761545,0.052105,0.791975,0.753557,0.659828,0.671555,0.001000,0.569188,454.953169
153,0.633008,0.381093,1.071126,0.791221,0.056015,0.777462,0.735060,0.632602,0.658945,0.001000,0.568933,454.611457
154,0.629318,0.373111,1.028460,0.741413,0.051685,0.793967,0.747297,0.645167,0.668611,0.001000,0.568221,454.343544
155,0.629971,0.381138,1.059383,0.777259,0.052950,0.791121,0.757826,0.649119,0.673184,0.001000,0.568316,454.343700
156,0.626746,0.377431,1.059957,0.771943,0.053444,0.791406,0.740467,0.644896,0.668596,0.001000,0.568274,455.023387
157,0.625636,0.378447,1.054743,0.768727,0.053075,0.795105,0.750142,0.639104,0.665414,0.001000,0.568325,454.968515
158,0.628303,0.381369,1.069359,0.802016,0.054998,0.776892,0.731929,0.656038,0.670107,0.001000,0.568587,455.044613
159,0.626994,0.375901,1.070033,0.791097,0.053577,0.785999,0.747012,0.650888,0.674175,0.001000,0.568039,455.719702
160,0.621998,0.373002,1.065413,0.787224,0.054470,0.781161,0.741320,0.644444,0.665336,0.001000,0.567345,455.932512
161,0.617563,0.371420,1.063325,0.783126,0.053464,0.786568,0.744451,0.648406,0.671825,0.001000,0.568685,455.333985
162,0.615931,0.369421,1.069383,0.780033,0.052609,0.795674,0.752703,0.661404,0.682697,0.001000,0.568213,454.999629
163,0.616892,0.372403,1.045296,0.760074,0.051840,0.784291,0.749573,0.667884,0.687167,0.001000,0.568331,453.913255
164,0.612420,0.366172,1.082935,0.796020,0.053938,0.783722,0.749858,0.644087,0.667969,0.001000,0.568352,453.748760
165,0.613204,0.368344,1.068984,0.788393,0.053431,0.785714,0.749289,0.631801,0.672636,0.001000,0.568127,453.810552
166,0.612059,0.371110,1.069582,0.790468,0.053950,0.790552,0.740467,0.650242,0.667158,0.001000,0.568518,453.941275
167,0.608112,0.366572,1.077335,0.788592,0.052558,0.794536,0.752419,0.661873,0.675573,0.001000,0.568234,453.831181
168,0.603960,0.361659,1.087957,0.797324,0.053770,0.785714,0.745304,0.641500,0.659037,0.001000,0.568612,454.070267
169,0.604076,0.365048,1.066254,0.780709,0.054325,0.792544,0.750711,0.662153,0.673102,0.001000,0.567802,455.091943
170,0.602032,0.357530,1.099203,0.815198,0.055637,0.779738,0.739613,0.633207,0.660094,0.001000,0.567496,454.999720
171,0.608183,0.366790,1.105900,0.824938,0.055142,0.779454,0.738190,0.642963,0.659423,0.001000,0.568364,454.435733
172,0.598422,0.355065,1.106188,0.820053,0.055235,0.783722,0.737906,0.628086,0.651267,0.001000,0.568331,454.741741
173,0.594513,0.358122,1.100081,0.819655,0.055065,0.779169,0.740182,0.651267,0.672858,0.001000,0.568504,455.688928
174,0.597579,0.360125,1.102212,0.818370,0.053997,0.783722,0.746443,0.657850,0.670318,0.001000,0.568634,455.063575
175,0.597980,0.360120,1.082407,0.802141,0.053237,0.788275,0.754980,0.651668,0.676307,0.001000,0.568665,454.775960
176,0.590040,0.358012,1.091084,0.809971,0.054978,0.784576,0.744451,0.630805,0.661453,0.001000,0.568695,454.629789
177,0.594558,0.356635,1.086875,0.804454,0.052251,0.795959,0.759818,0.684674,0.695470,0.001000,0.569035,454.726381
178,0.591108,0.357861,1.111308,0.832440,0.054000,0.787991,0.758964,0.630536,0.659745,0.001000,0.568651,454.546683
179,0.589319,0.354210,1.108950,0.833186,0.053829,0.788275,0.760672,0.650699,0.674408,0.001000,0.567268,457.056266
180,0.584068,0.350140,1.103642,0.825040,0.053943,0.785714,0.747012,0.651680,0.672911,0.001000,0.567945,455.404140
181,0.583681,0.350814,1.119065,0.826341,0.054889,0.776892,0.741605,0.635993,0.664688,0.001000,0.568585,455.427211
182,0.585856,0.355834,1.110015,0.824844,0.053718,0.784576,0.744451,0.651699,0.675770,0.001000,0.568937,456.261329
183,0.581995,0.349691,1.101771,0.827196,0.054176,0.778884,0.740182,0.644867,0.673613,0.001000,0.568553,455.492378
184,0.578334,0.349388,1.127228,0.855410,0.055453,0.780876,0.748435,0.644097,0.665670,0.001000,0.568269,455.859135
185,0.575989,0.346735,1.134731,0.844837,0.057206,0.768071,0.727661,0.636785,0.657757,0.001000,0.568177,455.401259
186,0.574044,0.341045,1.114644,0.834313,0.053336,0.784576,0.755834,0.651855,0.671422,0.001000,0.567985,455.797896
187,0.571078,0.341584,1.152909,0.887107,0.057388,0.772055,0.735060,0.640129,0.664925,0.001000,0.568150,455.146565
188,0.568530,0.345222,1.124553,0.841677,0.055734,0.781161,0.735913,0.643993,0.669069,0.001000,0.567809,454.696081
189,0.567937,0.342344,1.115470,0.839063,0.054404,0.784576,0.745589,0.657663,0.674805,0.001000,0.566676,456.902473
190,0.574809,0.346558,1.133075,0.851162,0.054664,0.783438,0.748150,0.633703,0.660525,0.001000,0.567762,454.179264
191,0.564969,0.338539,1.133052,0.853777,0.055148,0.781161,0.746727,0.635833,0.662567,0.001000,0.567815,454.144414
192,0.567838,0.344083,1.133194,0.852178,0.054058,0.782299,0.752134,0.656522,0.681957,0.001000,0.568320,455.500355
193,0.563180,0.337618,1.124971,0.854315,0.055957,0.776039,0.731929,0.632768,0.665426,0.001000,0.567974,454.986761
194,0.563524,0.335982,1.119840,0.854061,0.054199,0.788845,0.754126,0.646884,0.661402,0.001000,0.568161,454.123698
195,0.562766,0.338392,1.149597,0.873491,0.055878,0.786853,0.756688,0.626446,0.648380,0.001000,0.568209,454.356643
196,0.558856,0.336853,1.155578,0.876424,0.055118,0.782299,0.743597,0.650765,0.668730,0.001000,0.568509,454.701058
197,0.553505,0.328713,1.170525,0.899204,0.057235,0.769493,0.742174,0.634608,0.656009,0.001000,0.568527,454.770014
198,0.554597,0.330710,1.163544,0.891960,0.058282,0.765509,0.733068,0.625911,0.642215,0.001000,0.568339,454.888986
199,0.550987,0.334935,1.169402,0.891855,0.055888,0.786853,0.755834,0.644358,0.660720,0.001000,0.567314,455.740644
200,0.552504,0.334630,1.143514,0.869089,0.054911,0.784861,0.750142,0.647718,0.669735,0.001000,0.568403,454.512877
