epoch,train_loss,train_xent,valid_xent,valid_emd,valid_xent_accuracy,valid_exp_accuracy,valid_xent_qwk,valid_exp_qwk,learning_rate,time
1,1.621648,98.135162,0.915368,0.086118,0.682413,0.324986,0.312538,0.261936,0.001000,443.773395
2,1.331415,1.203024,0.857181,0.086790,0.723961,0.257826,0.390805,0.324922,0.001000,434.629318
3,1.155273,1.086835,1.064766,0.087268,0.746727,0.742459,0.021829,0.052219,0.001000,435.176764
4,1.043012,0.909828,0.887661,0.077423,0.753273,0.715424,0.132020,0.183771,0.001000,435.622378
5,0.970208,0.896892,0.870375,0.087597,0.701195,0.329254,0.442796,0.391760,0.001000,435.713940
6,0.914229,1.001604,0.828031,0.073249,0.758964,0.742174,0.184000,0.270416,0.001000,435.651278
7,0.873926,1.011683,0.729838,0.063255,0.766932,0.566875,0.448281,0.469723,0.001000,435.835495
8,0.839860,0.837285,0.704012,0.061900,0.771201,0.707740,0.392396,0.478620,0.001000,435.961069
9,0.811289,0.817130,0.752669,0.062959,0.762094,0.680137,0.539076,0.544364,0.001000,435.985641
10,0.799404,0.794084,0.808119,0.065835,0.734206,0.521343,0.576752,0.570547,0.001000,436.198655
11,0.781499,0.786461,0.691740,0.058838,0.782869,0.721400,0.470696,0.525215,0.001000,435.958794
12,0.771986,0.794280,0.709149,0.063169,0.771770,0.542971,0.563821,0.570683,0.001000,436.022921
13,0.757938,0.790938,0.814276,0.076822,0.702618,0.409505,0.441832,0.454459,0.001000,435.921076
14,0.742989,0.723533,0.747398,0.069739,0.756972,0.420319,0.564300,0.518143,0.001000,435.735582
15,0.739630,0.704530,0.676608,0.056703,0.780876,0.659647,0.576454,0.602123,0.001000,435.795307
16,0.727816,0.719504,0.740642,0.064854,0.769209,0.746443,0.307745,0.387637,0.001000,435.857450
17,0.717753,0.766711,0.671448,0.056788,0.788275,0.745020,0.478361,0.522667,0.001000,436.005081
18,0.715913,0.723245,0.682453,0.056743,0.782869,0.749858,0.453381,0.530218,0.001000,435.983606
19,0.706389,0.675259,0.653953,0.056137,0.790552,0.624644,0.584656,0.619380,0.001000,436.094249
20,0.699176,0.706000,0.694866,0.056641,0.780592,0.684974,0.524379,0.557564,0.001000,436.118271
21,0.696318,0.774024,0.649374,0.055449,0.786283,0.699488,0.570663,0.620578,0.001000,436.112631
22,0.688602,0.731177,0.651042,0.054396,0.792544,0.761525,0.504248,0.574756,0.001000,436.044201
23,0.683410,0.709549,0.697442,0.058901,0.782584,0.761810,0.437597,0.503085,0.001000,436.028288
24,0.679938,0.676043,0.665632,0.054747,0.797951,0.752419,0.487718,0.532096,0.001000,436.031339
25,0.673598,0.691259,0.618107,0.051672,0.798236,0.707740,0.577181,0.614627,0.001000,436.169779
26,0.670336,0.664753,0.631175,0.053661,0.790552,0.750711,0.475347,0.562362,0.001000,435.995763
27,0.664701,0.706034,0.636244,0.053207,0.791121,0.751850,0.535131,0.590760,0.001000,436.648598
28,0.661555,0.703822,0.621298,0.051552,0.795105,0.678145,0.601377,0.650900,0.001000,437.245723
29,0.656678,0.672144,0.618715,0.051279,0.799089,0.678714,0.611962,0.635694,0.001000,443.669063
30,0.656479,0.644728,0.637723,0.053293,0.796813,0.758110,0.504141,0.572304,0.001000,436.747986
31,0.653492,0.646285,0.718878,0.059561,0.787137,0.766363,0.450914,0.514422,0.001000,436.456701
32,0.650778,0.663032,0.653870,0.054208,0.791975,0.729937,0.579001,0.626424,0.001000,436.425248
33,0.647885,0.670943,0.663035,0.055208,0.790552,0.764656,0.509480,0.566183,0.001000,436.443204
34,0.647077,0.642443,0.690508,0.057758,0.788275,0.762094,0.430558,0.492456,0.001000,436.312953
35,0.642881,0.700619,0.681957,0.058691,0.783438,0.532442,0.629782,0.600943,0.001000,436.222317
36,0.641159,0.652702,0.612842,0.050052,0.805919,0.703472,0.609991,0.625378,0.001000,436.034976
37,0.642503,0.644160,0.623235,0.051701,0.794536,0.666477,0.628685,0.652272,0.001000,436.176782
38,0.638222,0.675115,0.680063,0.058200,0.788560,0.564883,0.646456,0.629703,0.001000,436.030797
39,0.634341,0.666100,0.686682,0.059806,0.778600,0.619806,0.612982,0.629267,0.001000,435.749141
40,0.632789,0.643160,0.684606,0.058255,0.784861,0.760672,0.415605,0.500362,0.001000,435.800752
41,0.634080,0.661424,0.621590,0.051238,0.802504,0.660785,0.640103,0.657183,0.001000,435.942163
42,0.630162,0.648909,0.626654,0.052211,0.800512,0.740467,0.548296,0.589068,0.001000,435.829828
43,0.628471,0.618887,0.614434,0.049804,0.803927,0.765225,0.579877,0.614421,0.001000,435.856816
44,0.627460,0.626815,0.862852,0.086338,0.699772,0.369380,0.519243,0.496801,0.001000,436.078888
45,0.627728,0.638800,0.609992,0.049117,0.803358,0.751281,0.616889,0.660122,0.001000,436.122280
46,0.623940,0.640401,0.673132,0.057816,0.788275,0.548947,0.623718,0.608243,0.001000,435.897104
47,0.626279,0.639640,0.699235,0.059117,0.787422,0.770916,0.414859,0.490398,0.001000,435.987447
48,0.626095,0.616756,0.587522,0.046941,0.810188,0.741036,0.601624,0.668696,0.001000,435.984780
49,0.623375,0.617402,0.675147,0.054852,0.798236,0.767217,0.535146,0.570725,0.001000,435.957049
50,0.622027,0.632509,0.607513,0.048907,0.810188,0.763233,0.608407,0.655354,0.001000,435.997837
51,0.620574,0.612332,0.610886,0.049900,0.800228,0.741605,0.606746,0.648775,0.001000,436.038106
52,0.622013,0.621587,0.595650,0.048977,0.804212,0.739613,0.601137,0.653033,0.001000,436.528363
53,0.617118,0.610526,0.600194,0.049383,0.803643,0.727376,0.629599,0.665281,0.001000,436.366700
54,0.618490,0.621547,0.601408,0.049429,0.805635,0.732214,0.615199,0.653813,0.001000,452.084144
55,0.619542,0.614862,0.620623,0.049623,0.808196,0.777177,0.612302,0.642574,0.001000,482.985036
56,0.617399,0.629731,0.629054,0.050657,0.799089,0.749004,0.580675,0.624605,0.001000,450.968410
57,0.616111,0.615600,0.623969,0.052825,0.795674,0.763802,0.490245,0.568712,0.001000,436.253848
58,0.615055,0.627501,0.585575,0.046830,0.808480,0.737336,0.637637,0.680067,0.001000,436.115702
59,0.616296,0.643576,0.612071,0.050691,0.797951,0.759249,0.583252,0.634587,0.001000,435.952894
60,0.613461,0.613553,0.580020,0.047331,0.810757,0.741890,0.617409,0.649341,0.001000,435.978232
61,0.611630,0.614290,0.625293,0.051165,0.798805,0.745589,0.587537,0.629294,0.001000,436.021670
62,0.614563,0.633299,0.600958,0.047783,0.811326,0.752134,0.634532,0.667037,0.001000,436.175652
63,0.610882,0.613338,0.590447,0.047989,0.811042,0.721685,0.615113,0.649878,0.001000,435.987896
64,0.610424,0.594327,0.603176,0.049008,0.805350,0.722823,0.623169,0.664625,0.001000,436.274699
65,0.610828,0.639142,0.804078,0.075728,0.718270,0.455037,0.551382,0.537891,0.001000,436.307959
66,0.610978,0.637430,0.618301,0.049410,0.810188,0.779738,0.583567,0.623615,0.001000,436.349553
67,0.607883,0.622479,0.603748,0.047314,0.810757,0.745589,0.629344,0.653872,0.001000,436.318366
68,0.610035,0.595097,0.615766,0.049715,0.803643,0.765794,0.560478,0.620155,0.001000,436.133375
69,0.608042,0.590336,0.587670,0.047184,0.813318,0.739328,0.643243,0.667675,0.001000,435.999741
70,0.606099,0.596676,0.709291,0.064489,0.765509,0.533011,0.599516,0.596532,0.001000,436.075118
71,0.607179,0.601388,0.644216,0.051509,0.800512,0.774331,0.581280,0.620548,0.001000,436.074276
72,0.607030,0.615507,0.589289,0.047443,0.812464,0.743312,0.635404,0.655778,0.001000,435.981123
73,0.607114,0.634176,0.595432,0.047394,0.812749,0.765794,0.597433,0.646031,0.001000,436.038996
74,0.604433,0.619299,0.606080,0.050333,0.803643,0.721969,0.649806,0.669959,0.001000,436.135748
75,0.608978,0.603911,0.631305,0.053163,0.787991,0.643142,0.629583,0.665670,0.001000,436.157144
76,0.605296,0.599364,0.590100,0.048436,0.807627,0.735344,0.592876,0.651739,0.001000,436.382893
77,0.601104,0.600140,0.580627,0.046709,0.806488,0.751850,0.615823,0.682382,0.001000,436.167773
78,0.605454,0.583302,0.583948,0.047101,0.808765,0.719124,0.639624,0.686218,0.001000,436.427331
79,0.604125,0.590106,0.616831,0.049952,0.805350,0.667046,0.649541,0.655195,0.001000,436.482480
80,0.603940,0.608530,0.588769,0.047212,0.811326,0.742459,0.651556,0.684000,0.001000,436.601956
81,0.604391,0.622896,0.594467,0.047716,0.810188,0.764940,0.617563,0.663640,0.001000,436.385120
82,0.601428,0.625914,0.646404,0.054739,0.793113,0.622937,0.639411,0.643304,0.001000,436.404230
83,0.601628,0.591767,0.591841,0.047081,0.812749,0.697211,0.675657,0.691959,0.001000,436.393034
84,0.600897,0.585899,0.628159,0.052536,0.797097,0.635174,0.632724,0.646461,0.001000,436.128357
85,0.602494,0.597805,0.621146,0.052415,0.797951,0.685828,0.639545,0.667752,0.001000,436.123687
86,0.601692,0.595686,0.596209,0.048060,0.809334,0.759818,0.633022,0.675208,0.001000,436.265835
87,0.600416,0.582807,0.596555,0.048937,0.805635,0.730791,0.619051,0.651306,0.001000,436.133489
88,0.598443,0.593765,0.626456,0.050550,0.805065,0.770632,0.565193,0.619695,0.001000,436.357101
89,0.599242,0.606926,0.598129,0.049242,0.802504,0.707740,0.619493,0.654816,0.001000,436.306648
90,0.599959,0.579646,0.594691,0.048019,0.813318,0.714286,0.622585,0.658072,0.001000,436.346174
91,0.598320,0.615041,0.821575,0.063916,0.784007,0.766079,0.425178,0.466123,0.001000,436.369795
92,0.596927,0.598238,0.720214,0.065189,0.763802,0.547809,0.610226,0.616702,0.001000,436.344760
93,0.595960,0.603257,0.587007,0.046801,0.813603,0.766363,0.638027,0.670598,0.001000,436.515157
94,0.599940,0.590912,0.623272,0.051402,0.801935,0.770347,0.555063,0.618029,0.001000,436.547240
95,0.598201,0.594018,0.636198,0.051269,0.804212,0.778031,0.558748,0.605350,0.001000,436.494958
96,0.596667,0.590926,0.611295,0.048025,0.811326,0.772055,0.625735,0.667787,0.001000,436.703729
97,0.596432,0.590669,0.581631,0.046657,0.813603,0.749289,0.618435,0.652528,0.001000,436.703771
98,0.594513,0.572615,0.585946,0.047084,0.811326,0.754126,0.615191,0.664793,0.001000,436.776664
99,0.595259,0.592964,0.601689,0.050341,0.803073,0.728799,0.563881,0.620787,0.001000,436.774784
100,0.597013,0.605521,0.590810,0.047239,0.809903,0.705748,0.659875,0.683803,0.001000,436.702628
101,0.592844,0.584781,0.579840,0.046799,0.811611,0.719977,0.662302,0.694109,0.001000,436.703318
102,0.593214,0.576600,0.583873,0.047202,0.808196,0.744451,0.624250,0.683482,0.001000,436.755595
103,0.592606,0.573888,0.581257,0.046655,0.812464,0.762948,0.629281,0.655635,0.001000,436.837587
104,0.593918,0.579254,0.596487,0.048059,0.810757,0.761525,0.599808,0.642704,0.001000,436.859961
105,0.593904,0.595500,0.612949,0.050177,0.799659,0.676153,0.645793,0.662278,0.001000,436.801188
106,0.595945,0.584703,0.570315,0.045459,0.814456,0.726522,0.664522,0.692059,0.001000,436.888720
107,0.593190,0.588663,0.617498,0.050665,0.797951,0.783722,0.556927,0.644373,0.001000,437.337341
108,0.591817,0.579422,0.588118,0.047815,0.806773,0.761810,0.634386,0.694186,0.001000,436.875822
109,0.590357,0.587914,0.601540,0.050444,0.798236,0.692658,0.637689,0.673009,0.001000,437.158666
110,0.591522,0.576870,0.587014,0.047456,0.803927,0.720831,0.642387,0.688029,0.001000,436.931534
111,0.591800,0.572278,0.584013,0.047261,0.813034,0.719124,0.638639,0.665670,0.001000,437.654337
112,0.591440,0.581655,0.573005,0.046053,0.809619,0.740182,0.637228,0.690107,0.001000,437.632637
113,0.590728,0.577729,0.594159,0.048530,0.803643,0.733921,0.650304,0.698269,0.001000,437.307492
114,0.592283,0.582070,0.643624,0.054786,0.791121,0.601594,0.630542,0.635061,0.001000,437.465877
115,0.589353,0.594186,0.637158,0.051259,0.805635,0.779454,0.553527,0.605732,0.001000,436.821092
116,0.591695,0.585462,0.574687,0.046039,0.819010,0.745874,0.647304,0.674268,0.001000,436.616336
117,0.591051,0.586187,0.579353,0.046789,0.811611,0.716562,0.666084,0.691810,0.001000,436.517304
118,0.588252,0.572902,0.600197,0.048923,0.810757,0.710017,0.665836,0.685992,0.001000,436.484480
119,0.592506,0.593385,0.594621,0.047979,0.808480,0.754696,0.631054,0.662440,0.001000,436.295900
120,0.588780,0.573368,0.599359,0.048792,0.804496,0.704610,0.642886,0.685106,0.001000,436.503394
121,0.589671,0.583971,0.588193,0.047442,0.808480,0.690097,0.636811,0.668791,0.001000,436.961064
122,0.588051,0.583542,0.599878,0.048767,0.806204,0.694935,0.659541,0.677415,0.001000,436.941124
123,0.587248,0.583082,0.626967,0.048535,0.811611,0.776892,0.622821,0.642074,0.001000,436.919636
124,0.588942,0.587413,0.598418,0.049268,0.805635,0.679283,0.651603,0.654319,0.001000,436.869749
125,0.586718,0.571604,0.591005,0.047573,0.805635,0.700057,0.673749,0.697880,0.001000,437.138326
126,0.587361,0.572242,0.571743,0.045422,0.815310,0.740182,0.644157,0.675970,0.001000,437.415198
127,0.587761,0.564450,0.580848,0.046161,0.814172,0.752134,0.629246,0.669173,0.001000,437.165807
128,0.587395,0.569300,0.600205,0.048168,0.815595,0.699203,0.661185,0.665129,0.001000,437.153142
129,0.586206,0.569050,0.595235,0.048867,0.807627,0.718554,0.642025,0.692139,0.001000,437.304325
130,0.584801,0.572845,0.594999,0.048097,0.809334,0.766079,0.616684,0.653408,0.001000,437.291013
131,0.584903,0.596315,0.648313,0.055534,0.780592,0.609562,0.624447,0.637330,0.001000,437.259738
132,0.584897,0.571389,0.674078,0.057855,0.781446,0.622652,0.643903,0.648664,0.001000,437.511408
133,0.586784,0.582325,0.603823,0.050127,0.801935,0.679567,0.629124,0.660114,0.001000,437.400453
134,0.583730,0.560436,0.564001,0.045226,0.817871,0.746443,0.656200,0.695155,0.001000,437.251290
135,0.585335,0.566583,0.591659,0.047641,0.814741,0.774900,0.605324,0.640015,0.001000,437.401819
136,0.586181,0.578019,0.568144,0.045240,0.817587,0.706318,0.690241,0.701573,0.001000,437.407822
137,0.583707,0.566089,0.590543,0.048586,0.808765,0.713432,0.659080,0.686955,0.001000,437.846667
138,0.585450,0.580565,0.604657,0.048060,0.807057,0.765509,0.623223,0.671127,0.001000,437.678251
139,0.582533,0.592593,0.619981,0.051233,0.802504,0.773762,0.538408,0.602808,0.001000,437.577232
140,0.583988,0.570116,0.581107,0.047056,0.809619,0.761810,0.630166,0.681931,0.001000,437.739902
141,0.582960,0.592536,0.572143,0.045099,0.817871,0.762094,0.652846,0.693290,0.001000,437.952950
142,0.582015,0.554779,0.582032,0.046650,0.812749,0.712578,0.673635,0.691099,0.001000,437.893496
143,0.581554,0.561466,0.577492,0.045901,0.816164,0.770916,0.675967,0.699528,0.001000,438.058918
144,0.581567,0.554625,0.578365,0.047235,0.808765,0.715139,0.666514,0.691251,0.001000,438.269820
145,0.583921,0.562050,0.573303,0.045280,0.813034,0.739613,0.678767,0.705836,0.001000,438.193828
146,0.580777,0.572104,0.593865,0.047327,0.805635,0.726807,0.668052,0.691169,0.001000,438.148133
147,0.584169,0.564446,0.689820,0.055494,0.797097,0.782015,0.505610,0.551415,0.001000,438.196750
148,0.584531,0.564134,0.589176,0.047144,0.813603,0.690097,0.706614,0.714200,0.001000,438.199829
149,0.579990,0.557608,0.569835,0.045531,0.816164,0.771201,0.627387,0.673838,0.001000,438.170835
150,0.580454,0.568513,0.563507,0.044639,0.821286,0.757826,0.651063,0.668822,0.001000,438.595407
151,0.580589,0.573622,0.577152,0.046127,0.816448,0.713717,0.689514,0.713675,0.001000,437.141602
152,0.583897,0.573812,0.603727,0.049240,0.809903,0.778600,0.558619,0.607432,0.001000,437.643296
153,0.581204,0.575092,0.597198,0.048729,0.809050,0.763233,0.576877,0.629383,0.001000,437.430638
154,0.579535,0.574543,0.697315,0.057200,0.791690,0.772055,0.461258,0.524014,0.001000,437.262525
155,0.581198,0.582133,0.612227,0.049492,0.809050,0.780307,0.563784,0.623466,0.001000,437.017057
156,0.579825,0.558804,0.568438,0.045439,0.816733,0.729937,0.676206,0.699504,0.001000,437.014225
157,0.581350,0.562276,0.576588,0.046681,0.808196,0.769493,0.623735,0.679611,0.001000,437.057467
158,0.580163,0.568849,0.583041,0.047110,0.809903,0.702049,0.678162,0.699269,0.001000,436.985605
159,0.581202,0.571742,0.587561,0.046806,0.811611,0.738190,0.615833,0.649944,0.001000,437.001024
160,0.582309,0.580732,0.586093,0.046207,0.810472,0.766363,0.630822,0.673215,0.001000,437.516819
161,0.575782,0.574196,0.567958,0.045071,0.815026,0.749573,0.659930,0.698452,0.001000,437.718421
162,0.578285,0.560413,0.594801,0.047913,0.804496,0.700057,0.647571,0.675153,0.001000,437.632888
163,0.577542,0.558882,0.568666,0.045652,0.819294,0.751565,0.634012,0.669722,0.001000,437.564598
164,0.580097,0.564084,0.592697,0.048001,0.810188,0.697211,0.676503,0.692477,0.001000,437.638441
165,0.577354,0.554308,0.599804,0.047537,0.812180,0.773762,0.620874,0.653373,0.001000,438.005294
166,0.576037,0.563477,0.755229,0.069466,0.738190,0.511952,0.584592,0.587801,0.001000,437.665073
167,0.578606,0.595881,0.608344,0.049817,0.807627,0.780023,0.551281,0.610999,0.001000,438.559786
168,0.580254,0.557621,0.566828,0.044554,0.819863,0.751850,0.664619,0.698027,0.001000,438.454800
169,0.578184,0.564857,0.586045,0.048050,0.805350,0.769209,0.611869,0.662401,0.001000,438.474121
170,0.578935,0.566656,0.647730,0.054581,0.787137,0.662777,0.622193,0.658322,0.001000,438.467214
171,0.578686,0.565236,0.598246,0.047806,0.806204,0.747866,0.612220,0.665800,0.001000,438.371534
172,0.577413,0.566024,0.572476,0.045852,0.812749,0.718839,0.662319,0.690416,0.001000,438.222175
173,0.579499,0.559565,0.596108,0.047292,0.809334,0.751281,0.646966,0.684683,0.001000,438.230026
174,0.577987,0.574302,0.593452,0.047844,0.805919,0.716278,0.648313,0.678805,0.001000,438.801192
175,0.578240,0.568724,0.690742,0.060802,0.765225,0.593341,0.610980,0.621766,0.001000,438.037982
176,0.576329,0.563447,0.646419,0.051632,0.803927,0.772055,0.547409,0.598750,0.001000,437.525697
177,0.576902,0.573510,0.559565,0.044664,0.816448,0.760956,0.654981,0.693902,0.001000,437.799581
178,0.576881,0.546430,0.587155,0.046248,0.810188,0.773478,0.656254,0.695608,0.001000,437.209534
179,0.575841,0.558805,0.573391,0.045435,0.819010,0.752988,0.660687,0.687449,0.001000,436.811620
180,0.577425,0.561191,0.620604,0.053449,0.791975,0.708025,0.608963,0.671787,0.001000,436.894287
181,0.575967,0.562685,0.605301,0.049316,0.807911,0.668184,0.654115,0.664662,0.001000,436.898706
182,0.576203,0.579952,0.668242,0.053888,0.798236,0.775185,0.558641,0.598973,0.001000,436.981209
183,0.573264,0.561668,0.574713,0.046321,0.812180,0.772339,0.617133,0.667614,0.001000,437.142109
184,0.576040,0.553682,0.614798,0.047774,0.811611,0.785714,0.616844,0.670570,0.001000,438.076000
185,0.572288,0.544258,0.582913,0.046615,0.812180,0.736767,0.655202,0.690012,0.001000,437.430111
186,0.576881,0.575198,0.566767,0.044485,0.818725,0.756118,0.652087,0.689353,0.001000,437.686222
187,0.574413,0.559345,0.585853,0.046647,0.808765,0.756403,0.643505,0.691401,0.001000,437.982035
188,0.576462,0.563166,0.556898,0.044182,0.816164,0.749004,0.668237,0.699875,0.001000,437.102927
189,0.575974,0.565046,0.564920,0.045254,0.813034,0.745304,0.662076,0.706648,0.001000,437.334720
190,0.574750,0.551659,0.613694,0.048434,0.810188,0.777462,0.620271,0.659143,0.001000,437.503850
191,0.576200,0.560517,0.581666,0.046167,0.811895,0.765225,0.616798,0.673442,0.001000,437.266627
192,0.576805,0.553630,0.563288,0.044049,0.822709,0.760672,0.679715,0.709570,0.001000,437.665316
193,0.574581,0.556852,0.663036,0.056870,0.780592,0.673022,0.635393,0.665515,0.001000,438.435478
194,0.575795,0.560949,0.749468,0.070598,0.723961,0.518213,0.559444,0.565093,0.001000,438.167376
195,0.575153,0.551096,0.584661,0.047544,0.803927,0.717701,0.665205,0.684130,0.001000,437.902559
196,0.574369,0.554007,0.621928,0.049291,0.809619,0.779169,0.600715,0.638079,0.001000,439.563883
197,0.574480,0.550883,0.641237,0.053812,0.790552,0.631474,0.667586,0.662478,0.001000,437.962978
198,0.574490,0.567216,0.570122,0.045504,0.813603,0.767217,0.660851,0.701920,0.001000,437.732917
199,0.575238,0.563472,0.606958,0.048171,0.809334,0.781161,0.616928,0.651719,0.001000,437.713587
200,0.573660,0.556233,0.618879,0.050997,0.796528,0.664200,0.671836,0.676949,0.001000,437.861787
201,0.571123,0.570323,0.578965,0.046251,0.819294,0.731929,0.661456,0.671205,0.001000,436.929398
202,0.574664,0.549788,0.578298,0.046605,0.809334,0.766932,0.614953,0.666363,0.001000,437.403314
203,0.570724,0.543752,0.587070,0.047589,0.804496,0.695219,0.662058,0.682929,0.001000,437.091390
204,0.571098,0.544266,0.674951,0.058846,0.767217,0.592772,0.580800,0.599353,0.001000,437.099164
205,0.575219,0.564981,0.653532,0.050386,0.809334,0.780876,0.608869,0.639059,0.001000,438.062861
206,0.571570,0.551477,0.585361,0.047984,0.811895,0.719124,0.659335,0.685837,0.001000,437.967283
207,0.570482,0.562488,0.602571,0.048238,0.805065,0.702618,0.651220,0.671455,0.001000,437.541856
208,0.570458,0.556514,0.699327,0.061537,0.763802,0.589072,0.622033,0.629916,0.001000,438.107329
209,0.573677,0.583196,0.569386,0.045524,0.811611,0.735629,0.675544,0.710040,0.001000,437.739709
210,0.568697,0.545246,0.632005,0.050464,0.799943,0.772055,0.595095,0.644311,0.001000,437.605893
211,0.568579,0.558587,0.583008,0.046306,0.806488,0.745020,0.670010,0.701506,0.001000,439.323119
212,0.572107,0.554158,0.564923,0.044705,0.815879,0.772624,0.647846,0.693433,0.001000,440.841802
213,0.570498,0.550336,0.586634,0.045484,0.817302,0.757541,0.653480,0.693084,0.001000,437.402951
214,0.572101,0.557041,0.584854,0.047515,0.808480,0.736767,0.636522,0.675774,0.001000,438.701909
215,0.575837,0.550300,0.584384,0.046045,0.810757,0.757541,0.637643,0.684806,0.001000,439.850779
216,0.572575,0.555123,0.588314,0.047641,0.807627,0.691804,0.680682,0.706352,0.001000,442.724990
