epoch,train_loss,train_xent,valid_loss,valid_xent,valid_xent_accuracy,valid_exp_accuracy,valid_xent_qwk,valid_exp_qwk,learning_rate,mb_time,time
1,1.644626,0.871005,1.470160,0.808370,0.745874,0.616392,0.135553,0.296754,0.001000,0.074176,451.647419
2,1.357618,0.795201,1.233866,0.759561,0.750142,0.549516,0.225756,0.356401,0.001000,0.069096,317.952920
3,1.182905,0.772810,1.120319,0.765538,0.749004,0.689812,0.117496,0.287563,0.001000,0.069145,318.347930
4,1.068293,0.753913,1.021485,0.742302,0.756403,0.614969,0.296574,0.401461,0.001000,0.069149,318.267745
5,0.991321,0.737420,0.956559,0.725552,0.742174,0.536426,0.415553,0.449972,0.001000,0.069163,318.725295
6,0.929435,0.715905,0.906887,0.708395,0.762948,0.700911,0.373840,0.472953,0.001000,0.069184,318.940495
7,0.881926,0.696022,0.868453,0.693783,0.767501,0.697496,0.376764,0.466267,0.001000,0.069230,319.004690
8,0.851208,0.684972,0.852712,0.695042,0.759818,0.600740,0.493380,0.537476,0.001000,0.069196,318.638031
9,0.820467,0.670211,0.817061,0.673342,0.781446,0.681275,0.540409,0.575000,0.001000,0.069144,318.802811
10,0.805136,0.666520,0.813759,0.679794,0.782869,0.676437,0.518438,0.566544,0.001000,0.069142,319.296057
11,0.790584,0.661340,0.786241,0.660961,0.785430,0.702334,0.528267,0.577075,0.001000,0.068981,318.034156
12,0.776510,0.654852,0.788521,0.669568,0.770063,0.619806,0.569752,0.584693,0.001000,0.069143,318.299371
13,0.759667,0.646530,0.760527,0.651567,0.772624,0.643995,0.527385,0.564235,0.001000,0.069120,319.193860
14,0.747323,0.640807,0.749571,0.646495,0.789698,0.710017,0.502344,0.564762,0.001000,0.069155,319.326581
15,0.742534,0.641729,0.757754,0.658869,0.785999,0.692373,0.547927,0.593113,0.001000,0.069143,319.447158
16,0.731808,0.635317,0.735998,0.641361,0.795390,0.691804,0.551419,0.583905,0.001000,0.069147,319.361489
17,0.720975,0.630051,0.733359,0.644813,0.774331,0.663062,0.539597,0.583414,0.001000,0.069117,318.957913
18,0.718307,0.631529,0.715837,0.631603,0.794252,0.724530,0.554427,0.611797,0.001000,0.069135,319.285317
19,0.706506,0.624621,0.713241,0.633615,0.793967,0.712863,0.579056,0.638112,0.001000,0.069146,319.018999
20,0.698484,0.620952,0.706096,0.630491,0.797666,0.693796,0.601147,0.627201,0.001000,0.069172,319.442475
21,0.692388,0.618006,0.694266,0.621560,0.801651,0.737052,0.594592,0.633110,0.001000,0.069094,318.560033
22,0.685547,0.614323,0.686850,0.617273,0.799659,0.727092,0.576766,0.636265,0.001000,0.069166,319.050158
23,0.682828,0.614419,0.688048,0.620819,0.795105,0.694935,0.558216,0.613912,0.001000,0.069120,318.923177
24,0.678818,0.612661,0.685870,0.621015,0.801366,0.709732,0.582042,0.633858,0.001000,0.069231,318.821088
25,0.671301,0.607554,0.680065,0.617290,0.804781,0.693227,0.610992,0.627474,0.001000,0.069135,319.906130
26,0.667886,0.606136,0.681152,0.620187,0.797666,0.729937,0.527080,0.584532,0.001000,0.069259,320.754864
27,0.666335,0.606128,0.667284,0.607888,0.804212,0.727376,0.616197,0.653766,0.001000,0.069182,319.705590
28,0.662091,0.603428,0.661472,0.603598,0.799943,0.739898,0.606546,0.664696,0.001000,0.069223,319.859474
29,0.657257,0.599961,0.654579,0.597942,0.808196,0.726522,0.630720,0.658104,0.001000,0.068747,316.018005
30,0.657112,0.601099,0.660972,0.605691,0.806204,0.723961,0.609372,0.656344,0.001000,0.069041,318.892366
31,0.652659,0.597882,0.661965,0.607756,0.801935,0.752988,0.568082,0.634595,0.001000,0.069150,319.380147
32,0.649405,0.595758,0.654220,0.601040,0.799374,0.745874,0.596732,0.653155,0.001000,0.069143,319.633320
33,0.646678,0.593941,0.661059,0.608799,0.803927,0.735913,0.608668,0.655613,0.001000,0.069121,319.056178
34,0.645458,0.593662,0.648109,0.596773,0.805350,0.756403,0.619478,0.667915,0.001000,0.069167,319.516611
35,0.642965,0.592002,0.661257,0.610746,0.803358,0.711155,0.627602,0.654077,0.001000,0.069076,318.738072
36,0.639567,0.589502,0.651730,0.601940,0.807911,0.738475,0.612876,0.651294,0.001000,0.069129,319.254999
37,0.639427,0.589924,0.645248,0.595990,0.807057,0.747297,0.614782,0.665506,0.001000,0.069109,319.788661
38,0.635475,0.586462,0.644481,0.595724,0.807342,0.719693,0.629587,0.667122,0.001000,0.069186,318.079808
39,0.632153,0.583756,0.658141,0.609948,0.796813,0.713147,0.628469,0.664554,0.001000,0.069497,315.949583
40,0.629342,0.581404,0.637972,0.590309,0.813887,0.741890,0.639272,0.679714,0.001000,0.069077,312.730318
41,0.630347,0.582869,0.645404,0.598114,0.803073,0.703472,0.632674,0.666618,0.001000,0.069316,316.378449
42,0.626121,0.579044,0.655848,0.608972,0.807342,0.694650,0.625894,0.646016,0.001000,0.069387,315.796009
43,0.625426,0.578707,0.643349,0.596893,0.807342,0.739044,0.624932,0.678659,0.001000,0.069405,315.965413
44,0.625785,0.579595,0.640901,0.594965,0.790552,0.676437,0.610989,0.643122,0.001000,0.069316,315.808299
45,0.622932,0.577001,0.647445,0.601569,0.804496,0.722254,0.631204,0.669670,0.001000,0.069420,318.590591
46,0.624368,0.578678,0.630001,0.584496,0.810188,0.706602,0.637906,0.668808,0.001000,0.069290,318.971909
47,0.622041,0.576651,0.639581,0.594329,0.803073,0.760672,0.590472,0.643831,0.001000,0.069335,319.268365
48,0.621912,0.576673,0.633758,0.588527,0.812749,0.741890,0.635556,0.679084,0.001000,0.069232,318.376204
49,0.618572,0.573373,0.635447,0.590406,0.811895,0.741320,0.630286,0.663084,0.001000,0.069337,319.231145
50,0.619338,0.574368,0.624965,0.580211,0.815595,0.741320,0.651426,0.682839,0.001000,0.069352,319.089795
51,0.616764,0.572000,0.631951,0.587254,0.807342,0.737621,0.634457,0.680070,0.001000,0.069277,318.881466
52,0.617450,0.572866,0.644744,0.600201,0.804781,0.729084,0.624197,0.667838,0.001000,0.069330,319.359276
53,0.613625,0.569199,0.633660,0.589209,0.810188,0.732783,0.637325,0.672099,0.001000,0.069360,319.146836
54,0.614434,0.570043,0.629700,0.585369,0.810472,0.744735,0.639650,0.687877,0.001000,0.069299,319.517914
55,0.615413,0.571056,0.627437,0.583158,0.809619,0.754411,0.623137,0.675727,0.001000,0.069239,319.170827
56,0.611187,0.566921,0.630035,0.585767,0.811611,0.733921,0.659754,0.686945,0.001000,0.069349,319.799926
57,0.613346,0.569150,0.638458,0.594342,0.802789,0.761810,0.567201,0.639232,0.001000,0.069280,319.343417
58,0.611016,0.566986,0.626534,0.582579,0.814172,0.744735,0.631533,0.680778,0.001000,0.069359,319.690982
59,0.611169,0.567253,0.625181,0.581307,0.811042,0.725100,0.663260,0.690127,0.001000,0.069335,319.229231
60,0.611085,0.567170,0.633486,0.589562,0.803643,0.749858,0.630481,0.681526,0.001000,0.069429,319.988922
61,0.605497,0.561545,0.643363,0.599403,0.800797,0.715709,0.615107,0.649098,0.001000,0.069240,318.404861
62,0.606704,0.562738,0.628090,0.584148,0.814456,0.731929,0.649195,0.672448,0.001000,0.069174,318.550154
63,0.609482,0.565508,0.637598,0.593641,0.811326,0.717701,0.636159,0.661895,0.001000,0.069280,318.579853
64,0.609699,0.565686,0.626748,0.582756,0.805350,0.719693,0.643411,0.671191,0.001000,0.069293,319.443006
65,0.608298,0.564380,0.619160,0.575289,0.803073,0.725669,0.645328,0.681513,0.001000,0.069326,319.319229
66,0.604973,0.561030,0.622997,0.579023,0.810472,0.745304,0.647014,0.694728,0.001000,0.069251,319.456602
67,0.605406,0.561422,0.629566,0.585546,0.809619,0.750142,0.634107,0.678981,0.001000,0.069360,319.478728
68,0.605376,0.561325,0.637200,0.593075,0.811326,0.742459,0.664630,0.688913,0.001000,0.069355,319.774919
69,0.605897,0.561697,0.629816,0.585645,0.814172,0.737906,0.642373,0.672929,0.001000,0.069318,319.493994
70,0.604337,0.560203,0.615437,0.571306,0.813034,0.726522,0.661152,0.697330,0.001000,0.069388,319.698604
71,0.604072,0.559892,0.617416,0.573289,0.815026,0.749289,0.663218,0.699525,0.001000,0.069277,319.136087
72,0.601054,0.556926,0.635679,0.591561,0.805350,0.753842,0.600772,0.663713,0.001000,0.069275,319.446619
73,0.602959,0.558763,0.621882,0.577624,0.816733,0.745020,0.652708,0.682220,0.001000,0.069342,319.631123
74,0.600046,0.555768,0.628085,0.583851,0.810472,0.730222,0.653822,0.680857,0.001000,0.069314,319.511454
75,0.599912,0.555631,0.629304,0.584995,0.810757,0.738475,0.653694,0.688527,0.001000,0.069327,319.334500
76,0.602563,0.558221,0.634028,0.589661,0.810472,0.732499,0.647929,0.685059,0.001000,0.069200,318.720192
77,0.599884,0.555465,0.617451,0.573004,0.815026,0.747866,0.663248,0.704170,0.001000,0.069320,319.218097
78,0.597583,0.553135,0.625321,0.580822,0.812180,0.749573,0.625402,0.681270,0.001000,0.069337,319.177210
79,0.599937,0.555404,0.627220,0.582708,0.814456,0.748150,0.651635,0.677924,0.001000,0.069263,320.275216
80,0.602734,0.558172,0.612820,0.568224,0.814741,0.747297,0.660366,0.703236,0.001000,0.069278,319.372990
81,0.600148,0.555500,0.610426,0.565766,0.818441,0.766079,0.658413,0.694189,0.001000,0.069267,319.564163
82,0.599535,0.554843,0.632665,0.587953,0.809334,0.729084,0.644811,0.676388,0.001000,0.069323,319.275707
83,0.597664,0.552957,0.619652,0.574973,0.818441,0.742174,0.668301,0.699917,0.001000,0.069261,319.074089
84,0.599802,0.555016,0.624234,0.579404,0.817587,0.720831,0.678083,0.687329,0.001000,0.069299,319.356971
85,0.597195,0.552354,0.636034,0.591179,0.805919,0.737052,0.634728,0.679649,0.001000,0.069408,318.878339
86,0.597082,0.552232,0.627581,0.582755,0.809334,0.745304,0.646337,0.697826,0.001000,0.069599,319.535248
87,0.596064,0.551206,0.625612,0.580736,0.809619,0.749004,0.643174,0.688973,0.001000,0.069548,318.782802
88,0.596465,0.551533,0.619556,0.574615,0.811326,0.760672,0.637007,0.689447,0.001000,0.069563,319.543127
89,0.595773,0.550842,0.630026,0.585046,0.811611,0.726522,0.653408,0.685298,0.001000,0.069557,319.696726
90,0.593213,0.548265,0.624092,0.579136,0.816448,0.765794,0.634907,0.681616,0.001000,0.069525,319.586402
91,0.594862,0.549807,0.624012,0.578940,0.812180,0.739044,0.656303,0.695073,0.001000,0.069520,319.601969
92,0.593467,0.548423,0.622322,0.577252,0.816164,0.744451,0.661212,0.696074,0.001000,0.069517,318.914850
93,0.593836,0.548767,0.613025,0.567884,0.819010,0.740751,0.674712,0.697935,0.001000,0.069562,319.505144
94,0.594066,0.548946,0.620386,0.575237,0.813887,0.749289,0.661329,0.692332,0.001000,0.069573,319.522129
95,0.594946,0.549846,0.617839,0.572699,0.812180,0.755549,0.677803,0.706764,0.001000,0.068693,312.733767
96,0.593005,0.547786,0.618194,0.572978,0.813034,0.758110,0.643744,0.689873,0.001000,0.068710,312.729232
97,0.593804,0.548530,0.611038,0.565789,0.818725,0.758110,0.657110,0.691948,0.001000,0.068680,312.745142
98,0.589147,0.543914,0.616432,0.571162,0.817018,0.756688,0.664233,0.698970,0.001000,0.068674,312.663967
99,0.590646,0.545354,0.620004,0.574682,0.815879,0.763233,0.614827,0.664189,0.001000,0.068672,312.743675
100,0.591880,0.546479,0.617882,0.572507,0.815595,0.748150,0.661339,0.695804,0.001000,0.068696,312.790432
101,0.569075,0.523789,0.598740,0.553547,0.820717,0.755549,0.685862,0.714525,0.000100,0.068663,312.682364
102,0.562201,0.517091,0.609634,0.564614,0.819579,0.758680,0.682932,0.709816,0.000100,0.068653,312.751394
103,0.556308,0.511370,0.595490,0.550637,0.822709,0.762379,0.691878,0.717634,0.000100,0.068697,312.683057
104,0.556674,0.511909,0.596958,0.552271,0.822994,0.774616,0.687975,0.727613,0.000100,0.068728,312.712019
105,0.556004,0.511401,0.595149,0.550633,0.821286,0.766932,0.692351,0.723499,0.000100,0.068677,312.643608
106,0.553578,0.509137,0.600037,0.555676,0.822709,0.763517,0.689861,0.715235,0.000100,0.068672,312.646756
107,0.551557,0.507268,0.597500,0.553283,0.821855,0.758964,0.686228,0.707390,0.000100,0.068700,312.728248
108,0.549143,0.504996,0.596029,0.551953,0.822140,0.762094,0.683456,0.712833,0.000100,0.068692,312.803279
109,0.549843,0.505838,0.602259,0.558325,0.821571,0.758110,0.692239,0.719970,0.000100,0.068682,312.664193
110,0.549581,0.505717,0.609020,0.565219,0.821571,0.747012,0.687505,0.707029,0.000100,0.068719,312.657740
111,0.547932,0.504193,0.600439,0.556764,0.821286,0.758680,0.692600,0.717019,0.000100,0.068672,312.473190
112,0.547751,0.504139,0.592646,0.549095,0.819863,0.762379,0.686495,0.725065,0.000100,0.068671,312.396253
113,0.544517,0.501020,0.596855,0.553415,0.819294,0.770347,0.683157,0.722862,0.000100,0.068681,312.164342
114,0.546995,0.503613,0.599948,0.556627,0.821286,0.762379,0.672639,0.712993,0.000100,0.068702,311.960691
115,0.543270,0.500003,0.594397,0.551189,0.827832,0.771201,0.703687,0.726158,0.000100,0.068722,311.897391
116,0.542825,0.499677,0.610560,0.567469,0.819863,0.763517,0.686263,0.713479,0.000100,0.068667,311.724562
117,0.540338,0.497301,0.594930,0.551946,0.819294,0.762379,0.692525,0.724604,0.000100,0.068699,311.434403
118,0.542015,0.499085,0.602554,0.559677,0.819863,0.762948,0.684915,0.715398,0.000100,0.068693,311.455286
119,0.543540,0.500714,0.597952,0.555180,0.819579,0.768071,0.685487,0.716697,0.000100,0.068702,311.197224
120,0.541712,0.498985,0.593129,0.550452,0.824132,0.766363,0.694235,0.726667,0.000100,0.068633,311.076486
121,0.537490,0.494819,0.601031,0.558365,0.821286,0.763802,0.692834,0.719789,0.000010,0.068649,311.087076
122,0.536264,0.493605,0.594616,0.551962,0.819294,0.771201,0.681901,0.733928,0.000010,0.068644,310.822117
123,0.536071,0.493424,0.585970,0.543328,0.825555,0.768071,0.705374,0.724422,0.000010,0.068620,310.983499
124,0.537287,0.494650,0.601582,0.558951,0.820717,0.765225,0.677537,0.712750,0.000010,0.068619,310.860954
125,0.537036,0.494410,0.600778,0.558158,0.825270,0.768640,0.700396,0.719946,0.000010,0.068600,310.642142
126,0.534457,0.491843,0.594613,0.552005,0.822709,0.766648,0.694320,0.727103,0.000010,0.068605,310.649142
127,0.535231,0.492628,0.594400,0.551803,0.824132,0.766648,0.697508,0.725144,0.000010,0.068653,310.619414
128,0.535044,0.492451,0.600977,0.558389,0.821571,0.769209,0.687368,0.722211,0.000010,0.068617,310.625444
129,0.533723,0.491141,0.591089,0.548513,0.826409,0.770063,0.696980,0.730773,0.000010,0.068684,310.834426
130,0.532498,0.489928,0.597164,0.554599,0.823278,0.768924,0.701365,0.732508,0.000010,0.068675,310.880786
131,0.533500,0.490941,0.599200,0.556646,0.820433,0.766932,0.685922,0.723727,0.000010,0.068650,310.497504
132,0.533222,0.490673,0.586738,0.544195,0.822425,0.771485,0.704745,0.732214,0.000010,0.068608,310.547841
133,0.535894,0.493358,0.594954,0.552424,0.817871,0.770916,0.673042,0.727722,0.000010,0.068610,310.415427
134,0.532765,0.490240,0.590511,0.547991,0.821571,0.767786,0.696246,0.723182,0.000010,0.068633,310.278409
135,0.531626,0.489111,0.590891,0.548382,0.825555,0.767786,0.698515,0.727500,0.000010,0.068781,310.467789
136,0.532906,0.490402,0.597899,0.555402,0.825270,0.773762,0.699563,0.725989,0.000010,0.068770,310.442127
137,0.535073,0.492581,0.602627,0.560140,0.825839,0.768924,0.698686,0.720701,0.000010,0.068641,310.551969
138,0.534647,0.492166,0.594759,0.552283,0.824986,0.770063,0.696106,0.730448,0.000010,0.068822,310.433317
139,0.531475,0.489005,0.598003,0.555538,0.824986,0.771485,0.708271,0.718682,0.000010,0.068757,310.567027
140,0.533777,0.491318,0.596405,0.553951,0.826124,0.767217,0.696224,0.724023,0.000010,0.068738,310.461961
141,0.533609,0.491161,0.603505,0.561063,0.821571,0.769778,0.687960,0.720736,0.000010,0.068614,310.374566
142,0.532044,0.489607,0.591411,0.548980,0.821571,0.772624,0.693747,0.726863,0.000010,0.068619,310.236549
143,0.534038,0.491612,0.598285,0.555865,0.819579,0.772624,0.681735,0.721441,0.000010,0.068618,310.491940
144,0.533552,0.491137,0.592404,0.549995,0.821855,0.764087,0.688308,0.732996,0.000010,0.068659,310.388775
145,0.534537,0.492133,0.596877,0.554478,0.821855,0.764940,0.701380,0.722318,0.000010,0.068626,310.183058
146,0.532773,0.490379,0.595726,0.553339,0.826409,0.769493,0.705244,0.728181,0.000010,0.068648,310.310751
147,0.531930,0.489548,0.595994,0.553617,0.820717,0.766932,0.686625,0.724634,0.000010,0.068680,310.334372
148,0.533299,0.490927,0.587103,0.544738,0.828970,0.771485,0.707511,0.737367,0.000010,0.068692,310.554199
149,0.533126,0.490765,0.598971,0.556615,0.820148,0.760387,0.686660,0.719930,0.000010,0.068681,310.340770
150,0.531189,0.488839,0.599643,0.557298,0.821286,0.770916,0.692390,0.717786,0.000010,0.068711,310.332756
151,0.531415,0.489076,0.592608,0.550274,0.821286,0.761810,0.699516,0.733466,0.000010,0.068651,310.480848
152,0.530936,0.488606,0.595703,0.553378,0.819579,0.767786,0.697767,0.729150,0.000010,0.068658,310.341153
153,0.533758,0.491438,0.606010,0.563697,0.821002,0.760672,0.690773,0.716162,0.000010,0.068649,310.292742
154,0.531473,0.489164,0.599575,0.557271,0.817018,0.762379,0.671540,0.721105,0.000010,0.068649,310.466573
155,0.530293,0.487994,0.601324,0.559030,0.821286,0.758680,0.681535,0.712790,0.000010,0.068673,310.438246
156,0.532961,0.490674,0.595858,0.553576,0.826124,0.766363,0.698722,0.725727,0.000010,0.068644,310.395099
157,0.532833,0.490557,0.603033,0.560762,0.822425,0.770916,0.689727,0.727338,0.000010,0.068678,311.552189
158,0.532403,0.490138,0.600040,0.557780,0.821571,0.771201,0.695500,0.730072,0.000010,0.068652,311.241026
159,0.530516,0.488261,0.595820,0.553570,0.819863,0.763233,0.690505,0.717768,0.000010,0.068626,311.309818
160,0.533100,0.490854,0.594067,0.551827,0.825270,0.769778,0.702821,0.726750,0.000010,0.068611,311.119021
161,0.530553,0.488318,0.603019,0.560790,0.821855,0.761241,0.693955,0.714365,0.000010,0.068619,310.829053
162,0.531886,0.489661,0.595407,0.553187,0.824701,0.762664,0.701447,0.727491,0.000010,0.068648,310.805461
163,0.531723,0.489508,0.597019,0.554810,0.820148,0.762664,0.692983,0.717833,0.000010,0.068709,310.597358
164,0.533872,0.491668,0.597165,0.554967,0.821286,0.769209,0.689070,0.722679,0.000010,0.068645,310.440584
165,0.533033,0.490840,0.601178,0.558990,0.820433,0.766079,0.682340,0.712951,0.000010,0.068650,310.501472
166,0.530109,0.487926,0.602608,0.560431,0.822140,0.766363,0.690081,0.720237,0.000010,0.068617,310.605965
167,0.531919,0.489746,0.599245,0.557078,0.824417,0.768071,0.683970,0.715270,0.000010,0.068667,310.605195
168,0.533431,0.491269,0.594657,0.552499,0.823278,0.762379,0.697078,0.724534,0.000010,0.068589,310.540213
169,0.530423,0.488271,0.596678,0.554531,0.824701,0.764656,0.702716,0.723033,0.000010,0.068608,310.519762
170,0.530208,0.488066,0.600592,0.558455,0.819294,0.768071,0.682307,0.717289,0.000010,0.068625,310.429161
171,0.533099,0.490967,0.599645,0.557519,0.822994,0.764371,0.696874,0.719912,0.000010,0.068716,310.911105
172,0.528027,0.485905,0.603555,0.561438,0.820148,0.766932,0.694702,0.720649,0.000010,0.068717,310.801355
173,0.530551,0.488440,0.598606,0.556500,0.821855,0.772908,0.690809,0.733430,0.000010,0.068658,310.521210
174,0.533705,0.491604,0.604019,0.561923,0.822140,0.752703,0.698877,0.717799,0.000010,0.068738,310.510444
175,0.530795,0.488703,0.593771,0.551684,0.825839,0.771770,0.700744,0.729922,0.000010,0.068645,309.076909
176,0.531303,0.489222,0.595533,0.553457,0.823563,0.762094,0.692399,0.714972,0.000010,0.068887,299.638259
177,0.531010,0.488939,0.600554,0.558487,0.821571,0.767501,0.693629,0.723561,0.000010,0.068995,299.655829
178,0.530378,0.488316,0.599425,0.557368,0.824132,0.766932,0.694261,0.720850,0.000010,0.069057,299.854491
179,0.531537,0.489485,0.605335,0.563289,0.822425,0.764940,0.690801,0.714182,0.000010,0.069011,299.735279
180,0.531357,0.489315,0.598850,0.556813,0.824417,0.771485,0.702901,0.729116,0.000010,0.069048,299.799016
181,0.528412,0.486379,0.603462,0.561435,0.819294,0.766648,0.677922,0.718867,0.000010,0.068962,299.826209
182,0.527758,0.485736,0.600288,0.558270,0.825839,0.774047,0.711473,0.726021,0.000010,0.069000,299.822656
183,0.530189,0.488177,0.596289,0.554281,0.822140,0.768355,0.706246,0.731090,0.000010,0.068949,299.763760
184,0.530238,0.488235,0.597573,0.555576,0.819863,0.766932,0.700627,0.725795,0.000010,0.069012,300.156138
185,0.528837,0.486845,0.598920,0.556932,0.817587,0.766363,0.683993,0.721866,0.000010,0.069063,300.003385
186,0.527880,0.485896,0.605357,0.563378,0.818156,0.771201,0.675709,0.728513,0.000010,0.068984,299.810227
187,0.529908,0.487934,0.599845,0.557876,0.822140,0.768355,0.682758,0.717290,0.000010,0.068885,299.815073
188,0.530660,0.488696,0.599608,0.557650,0.823278,0.768355,0.692499,0.719435,0.000010,0.068921,299.810802
189,0.529357,0.487404,0.601068,0.559120,0.819010,0.758395,0.694224,0.718784,0.000010,0.068870,299.855583
190,0.530960,0.489016,0.602170,0.560230,0.821002,0.762948,0.676002,0.716029,0.000010,0.068861,299.856890
191,0.527177,0.485242,0.603099,0.561169,0.821855,0.771201,0.705140,0.732668,0.000010,0.068827,299.621344
192,0.530282,0.488357,0.593840,0.551920,0.823563,0.764656,0.701704,0.723750,0.000010,0.068805,299.961415
193,0.530657,0.488742,0.607512,0.565601,0.820717,0.770632,0.688353,0.720926,0.000010,0.068781,299.948911
194,0.527768,0.485862,0.602685,0.560784,0.816448,0.760672,0.686277,0.716924,0.000010,0.068740,299.549769
195,0.531261,0.489364,0.603533,0.561642,0.818156,0.759818,0.686620,0.712517,0.000010,0.068667,299.568741
196,0.530206,0.488320,0.592958,0.551078,0.824986,0.768640,0.704199,0.724908,0.000010,0.068727,299.676569
197,0.527519,0.485643,0.603257,0.561386,0.818156,0.762094,0.687712,0.723224,0.000010,0.068753,299.743173
198,0.530236,0.488370,0.588275,0.546413,0.819863,0.772339,0.695312,0.732055,0.000010,0.068711,299.717852
199,0.531737,0.489879,0.598581,0.556729,0.821855,0.764656,0.685449,0.723737,0.000010,0.068704,299.677219
200,0.527913,0.486065,0.594357,0.552514,0.820433,0.758964,0.693309,0.724284,0.000010,0.068730,299.794347
