epoch,train_loss,train_xent,valid_xent,valid_emd,valid_xent_accuracy,valid_exp_accuracy,valid_xent_qwk,valid_exp_qwk,learning_rate,time
1,2.380354,742.939758,2.474905,0.111600,0.319971,0.241254,0.493170,0.481638,0.001000,474.971279
2,1.678074,2.172194,2.060380,0.087003,0.422012,0.349125,0.680709,0.670988,0.001000,351.783316
3,1.473135,1.924685,1.671180,0.084735,0.419825,0.363703,0.676872,0.688970,0.001000,354.536813
4,1.334255,1.547785,1.397607,0.069545,0.478863,0.394315,0.766005,0.783094,0.001000,361.378872
5,1.185629,1.378801,1.397989,0.069200,0.456268,0.419096,0.736201,0.809335,0.001000,354.185622
6,1.123389,1.382446,1.269924,0.063898,0.499271,0.422012,0.818831,0.817577,0.001000,353.372254
7,1.050239,1.324448,1.252421,0.058415,0.527697,0.455539,0.826936,0.841589,0.001000,350.979480
8,0.969127,1.251600,1.406361,0.067138,0.392857,0.407434,0.775797,0.830672,0.001000,371.949841
9,0.922528,1.213140,1.322003,0.064439,0.475948,0.457726,0.785293,0.854826,0.001000,352.983672
10,0.877904,1.207579,1.226889,0.057717,0.478863,0.500729,0.805359,0.861533,0.001000,352.132801
11,0.846962,1.234216,1.195839,0.054406,0.567784,0.516035,0.854198,0.870975,0.001000,351.635989
12,0.781073,1.150362,1.196475,0.054557,0.518222,0.467201,0.828767,0.866516,0.001000,352.272151
13,0.757782,1.153328,1.160381,0.053951,0.550292,0.530612,0.836680,0.880169,0.001000,368.632891
14,0.718513,1.108311,1.313774,0.061642,0.422741,0.465743,0.808260,0.868399,0.001000,381.761042
15,0.679223,1.083306,1.158474,0.057940,0.502915,0.442420,0.798278,0.826921,0.001000,373.796425
16,0.648099,1.053688,1.336062,0.061674,0.438047,0.475219,0.830791,0.849799,0.001000,353.372538
17,0.657871,1.153901,1.084011,0.048080,0.583819,0.547376,0.886080,0.896117,0.001000,370.992238
18,0.612035,1.038928,1.136165,0.050069,0.564869,0.502187,0.862237,0.872477,0.001000,375.880796
19,0.588239,1.031302,1.238462,0.060028,0.506560,0.423469,0.823012,0.834300,0.001000,357.943260
20,0.558839,1.031093,1.023119,0.047103,0.588921,0.540087,0.873955,0.874304,0.001000,355.704212
21,0.546417,1.048673,1.057826,0.048557,0.583090,0.558309,0.880284,0.893332,0.001000,355.033353
22,0.557376,1.066278,1.046421,0.046443,0.606414,0.540087,0.873844,0.892612,0.001000,355.751751
23,0.515980,0.962101,0.977999,0.044171,0.608601,0.568513,0.880192,0.892600,0.001000,354.237163
24,0.497660,0.977174,0.971633,0.042863,0.618076,0.564140,0.902349,0.909586,0.001000,354.032190
25,0.483550,0.958136,1.011096,0.043517,0.585277,0.580904,0.904443,0.913733,0.001000,353.580625
26,0.484905,1.010157,1.022158,0.043811,0.586006,0.578717,0.894633,0.904884,0.001000,358.451661
27,0.470526,0.943640,1.018244,0.045450,0.607143,0.575073,0.895869,0.905079,0.001000,351.392846
28,0.449224,0.939687,0.969289,0.041781,0.602041,0.596210,0.900557,0.906236,0.001000,352.670737
29,0.451915,0.961067,1.057382,0.050236,0.547376,0.516764,0.881838,0.887514,0.001000,350.327140
30,0.427500,0.938186,0.997826,0.043829,0.595481,0.598397,0.888113,0.920504,0.001000,358.017630
31,0.413513,0.913589,1.072429,0.049749,0.518950,0.494169,0.886997,0.894170,0.001000,351.035111
32,0.409009,0.900035,1.083620,0.046553,0.569242,0.586735,0.897731,0.913094,0.001000,350.335204
33,0.460356,1.065358,0.993415,0.042187,0.620991,0.556122,0.914832,0.905091,0.001000,353.291737
34,0.401235,0.885326,0.955058,0.040435,0.599854,0.618805,0.905448,0.916905,0.001000,350.069675
35,0.386227,0.907152,1.156002,0.056885,0.519679,0.439504,0.828119,0.816943,0.001000,364.157551
36,0.395049,0.924640,1.250262,0.059440,0.439504,0.497813,0.817866,0.852560,0.001000,349.859830
37,0.398489,0.947488,1.035499,0.046608,0.599125,0.532799,0.889329,0.876539,0.001000,350.805633
38,0.373985,0.891188,0.950147,0.041702,0.634111,0.564869,0.912981,0.905885,0.001000,351.255424
39,0.354834,0.862209,0.941141,0.041710,0.629738,0.577259,0.903279,0.900839,0.001000,355.827528
40,0.348184,0.830257,0.934704,0.041555,0.615160,0.590379,0.911497,0.914688,0.001000,351.883422
41,0.347080,0.865620,0.919755,0.039048,0.620262,0.645773,0.911590,0.926792,0.001000,352.133093
42,0.322874,0.791978,1.015075,0.048141,0.575802,0.577259,0.848980,0.873937,0.001000,347.934399
43,0.346322,0.880783,1.105029,0.050556,0.483965,0.499271,0.859151,0.878228,0.001000,346.924981
44,0.329344,0.843411,0.949771,0.042385,0.622449,0.569971,0.900670,0.899320,0.001000,351.570523
45,0.335583,0.893619,1.046678,0.049564,0.557580,0.548105,0.851529,0.865544,0.001000,348.433836
46,0.320483,0.854397,0.993295,0.044393,0.602041,0.595481,0.894593,0.909955,0.001000,352.410884
47,0.340658,0.945154,0.897318,0.039340,0.673469,0.596939,0.913747,0.904750,0.001000,347.150826
48,0.315078,0.837164,1.076355,0.051220,0.582362,0.551020,0.878130,0.898159,0.001000,367.380567
49,0.395395,1.085381,1.014714,0.046088,0.585277,0.539359,0.881680,0.875615,0.001000,342.483894
50,0.335793,0.872849,0.899700,0.036426,0.661079,0.657434,0.926108,0.932659,0.001000,346.652375
51,0.301207,0.782109,0.861660,0.036384,0.688047,0.664723,0.927882,0.937473,0.001000,369.185993
52,0.289924,0.774927,0.888318,0.038322,0.671283,0.655248,0.904829,0.922387,0.001000,425.860622
53,0.311129,0.887922,0.921335,0.037926,0.674927,0.655248,0.917989,0.924676,0.001000,448.267277
54,0.290691,0.791543,0.853622,0.036532,0.661808,0.622449,0.922332,0.926421,0.001000,455.315769
55,0.338473,0.902467,0.953487,0.042085,0.618805,0.602770,0.894585,0.901797,0.001000,446.038104
56,0.279598,0.766373,0.834668,0.034912,0.685860,0.645773,0.930711,0.929783,0.001000,494.346955
57,0.278610,0.770739,0.836512,0.035216,0.697522,0.653790,0.930238,0.928128,0.001000,419.070055
58,0.258751,0.727733,0.861523,0.036719,0.680029,0.646501,0.919862,0.920023,0.001000,459.898422
59,0.258090,0.738988,0.829282,0.035671,0.681487,0.680758,0.903863,0.931741,0.001000,349.320614
60,0.298840,0.903255,0.920109,0.040111,0.669825,0.626822,0.908239,0.912479,0.001000,352.818384
61,0.266702,0.774333,0.856779,0.037334,0.676385,0.628280,0.916821,0.913516,0.001000,348.614221
62,0.263953,0.769078,1.052070,0.049119,0.584548,0.572886,0.867641,0.909558,0.001000,347.643708
63,0.285570,0.829868,0.913627,0.040016,0.652332,0.581633,0.911733,0.914683,0.001000,348.184807
64,0.269294,0.781537,0.823333,0.033881,0.699708,0.667638,0.934772,0.932749,0.001000,347.769984
65,0.310284,0.894006,0.857832,0.035721,0.677114,0.658892,0.909177,0.928905,0.001000,355.897392
66,0.244968,0.705328,0.877532,0.037628,0.664723,0.656706,0.905211,0.926207,0.001000,349.007442
67,0.241711,0.710209,0.909422,0.039937,0.648688,0.601312,0.913750,0.921504,0.001000,348.306408
68,0.249498,0.768856,0.925685,0.039958,0.639942,0.625364,0.903459,0.912490,0.001000,347.682389
69,0.235917,0.723472,0.775735,0.032445,0.720845,0.665452,0.939639,0.935428,0.001000,360.455210
70,0.220885,0.659227,0.804260,0.034808,0.666181,0.658892,0.905287,0.919274,0.001000,353.722799
71,0.222406,0.674890,0.821209,0.033984,0.695335,0.661079,0.931268,0.931388,0.001000,346.844866
72,0.265220,0.819839,0.890227,0.037253,0.674927,0.637026,0.919458,0.921574,0.001000,370.149216
73,0.262725,0.825024,0.970505,0.043099,0.633382,0.575802,0.904446,0.902334,0.001000,374.321114
74,0.315163,0.927451,1.127301,0.050454,0.593294,0.523324,0.863459,0.879523,0.001000,382.657064
75,0.283584,0.847833,0.868964,0.037218,0.694606,0.603499,0.929548,0.914817,0.001000,346.560214
76,0.241631,0.723583,0.796022,0.032267,0.719388,0.706997,0.929282,0.942088,0.001000,357.463543
77,0.223015,0.660875,0.885061,0.040056,0.628280,0.631195,0.893582,0.919392,0.001000,360.511834
78,0.216778,0.652525,0.751580,0.030573,0.736152,0.697522,0.943582,0.939637,0.001000,355.258114
79,0.213737,0.650171,1.009170,0.046181,0.572157,0.580904,0.882818,0.915726,0.001000,346.849257
80,0.242954,0.761659,0.846520,0.037239,0.678571,0.597668,0.921483,0.909945,0.001000,350.635546
81,0.211857,0.670938,0.737958,0.030403,0.734694,0.691691,0.937285,0.938037,0.001000,346.537028
82,0.206542,0.645849,0.790243,0.033574,0.720117,0.693878,0.927583,0.937854,0.001000,357.062659
83,0.242361,0.787666,0.922247,0.039769,0.648688,0.620262,0.901744,0.920711,0.001000,349.023825
84,0.219352,0.707811,0.831770,0.034306,0.699708,0.671283,0.933627,0.937017,0.001000,347.982000
85,0.199871,0.645472,0.852986,0.036366,0.659621,0.605685,0.932359,0.927424,0.001000,352.364626
86,0.190318,0.616058,0.790506,0.035227,0.681487,0.637026,0.919947,0.925442,0.001000,357.744098
87,0.185141,0.617383,0.810743,0.036019,0.684402,0.655977,0.907744,0.912430,0.001000,350.210823
88,0.213947,0.707154,1.021691,0.046620,0.548105,0.559038,0.864687,0.890788,0.001000,351.060550
89,0.278291,0.896631,0.927672,0.039014,0.633382,0.641399,0.909707,0.923284,0.001000,347.172107
90,0.245341,0.794381,0.827252,0.035067,0.691691,0.650146,0.921759,0.924648,0.001000,354.428597
91,0.214213,0.711472,0.861676,0.036647,0.652332,0.647230,0.920812,0.929894,0.001000,355.057811
92,0.211869,0.692514,0.798083,0.032674,0.709913,0.690233,0.933074,0.936493,0.001000,352.251042
93,0.193980,0.631090,0.733452,0.030331,0.742711,0.719388,0.939896,0.941331,0.001000,349.000993
94,0.196544,0.650979,0.878181,0.038329,0.655977,0.641399,0.916614,0.914143,0.001000,352.446807
95,0.195060,0.638540,0.809220,0.034740,0.693149,0.661808,0.929264,0.929207,0.001000,360.323904
96,0.204029,0.680726,0.888681,0.040687,0.647230,0.612245,0.894300,0.895526,0.001000,348.707344
97,0.230682,0.773394,1.014320,0.046572,0.537901,0.549563,0.902189,0.914818,0.001000,356.005871
98,0.197590,0.691525,0.789019,0.033292,0.700437,0.682945,0.925277,0.936330,0.001000,349.289924
99,0.184558,0.610046,0.773093,0.031553,0.726676,0.697522,0.934624,0.941079,0.001000,356.940350
100,0.181109,0.611824,0.786089,0.032340,0.715743,0.707726,0.937146,0.941505,0.001000,349.591361
