epoch,train_loss,avg_valid_loss,valid_accuracy,time
1,2.630011,1.979729,0.235200,284.446613
2,1.973944,1.824165,0.302600,283.087691
3,1.803550,1.811236,0.352800,283.245064
4,1.687699,1.746005,0.366200,283.390271
5,1.582525,1.496854,0.461000,283.448606
6,1.482002,1.734349,0.431800,283.459479
7,1.383456,1.240183,0.554400,283.571520
8,1.295259,1.352051,0.541800,283.702370
9,1.213883,1.214676,0.599600,283.705080
10,1.137690,1.211810,0.613200,283.761106
11,1.083394,0.991190,0.669400,283.840338
12,1.022133,0.882809,0.697400,283.745450
13,0.971905,0.902341,0.700200,283.892151
14,0.923901,0.863296,0.710800,283.891013
15,0.873276,0.858093,0.730200,283.712578
16,0.829075,0.811015,0.740000,283.618772
17,0.792237,0.735606,0.755600,283.886456
18,0.756282,0.713557,0.771800,283.821254
19,0.722189,0.642581,0.794800,284.065254
20,0.703688,0.709041,0.795000,284.094363
21,0.678695,0.628527,0.807400,284.032214
22,0.648901,0.611510,0.806200,284.067981
23,0.635596,0.624314,0.805000,284.088164
24,0.613860,0.632447,0.810800,284.063329
25,0.597516,0.550964,0.825000,284.035098
26,0.584459,0.623447,0.801400,283.808448
27,0.570542,0.586835,0.819400,283.907408
28,0.552437,0.555854,0.827200,283.877340
29,0.549406,0.568069,0.827400,283.914223
30,0.533016,0.544118,0.827800,283.903142
31,0.524610,0.518920,0.837400,283.914057
32,0.510585,0.522923,0.832200,283.886766
33,0.501972,0.498643,0.842200,283.956199
34,0.491797,0.476300,0.858400,283.923422
35,0.486784,0.456476,0.856000,283.969466
36,0.474163,0.493307,0.844800,283.988463
37,0.463125,0.539392,0.842800,283.989610
38,0.457525,0.459048,0.859000,283.987170
39,0.452797,0.424038,0.860600,283.975487
40,0.448783,0.463830,0.856600,283.893035
41,0.435215,0.425564,0.865600,283.891205
42,0.430599,0.412416,0.865800,283.875885
43,0.422366,0.431918,0.863200,283.601823
44,0.419875,0.438954,0.866000,283.556593
45,0.411987,0.381559,0.878400,283.560326
46,0.406471,0.404460,0.868600,283.518124
47,0.402830,0.407223,0.872000,283.563676
48,0.393477,0.424305,0.870800,283.544008
49,0.391046,0.550824,0.829400,283.555935
50,0.384330,0.386917,0.878800,283.561787
51,0.383152,0.388016,0.872800,283.595045
52,0.374112,0.395576,0.876200,283.566522
53,0.372588,0.449764,0.854800,283.608093
54,0.366619,0.391137,0.876600,283.607762
55,0.361474,0.395974,0.876200,283.545617
56,0.359404,0.408668,0.873400,283.536864
57,0.360726,0.399542,0.875000,283.561895
58,0.352128,0.363184,0.884200,283.530183
59,0.351422,0.367796,0.884400,283.604567
60,0.342627,0.383184,0.878200,283.593234
61,0.341757,0.346520,0.888800,283.565913
62,0.336990,0.358953,0.889600,283.644109
63,0.332877,0.362214,0.891800,283.548529
64,0.329731,0.444148,0.870400,283.507834
65,0.334289,0.367681,0.887200,283.520102
66,0.326162,0.394752,0.880000,283.469716
67,0.317161,0.357683,0.893200,283.494348
68,0.315542,0.344442,0.889800,283.489067
69,0.313581,0.353897,0.891000,283.533855
70,0.312954,0.434894,0.876600,283.567546
71,0.313865,0.389216,0.882000,283.579678
72,0.309600,0.359034,0.893200,283.585101
73,0.303678,0.372872,0.892200,283.638929
74,0.302842,0.372318,0.884600,283.665404
75,0.298140,0.335532,0.900600,283.631199
76,0.296169,0.339927,0.897800,283.627883
77,0.293323,0.355184,0.888000,283.710353
78,0.293124,0.393096,0.879200,283.684815
79,0.287136,0.358913,0.890600,283.597397
80,0.293252,0.407176,0.874800,283.596032
81,0.280365,0.366387,0.891200,283.621206
82,0.287656,0.467229,0.870600,283.636347
83,0.282790,0.361746,0.893000,283.617544
84,0.278236,0.326181,0.903000,283.643600
85,0.272302,0.375306,0.891200,283.739150
86,0.272325,0.353450,0.899600,283.623525
87,0.272475,0.349883,0.898200,283.653162
88,0.269615,0.326109,0.900000,283.568777
89,0.268151,0.372997,0.895000,283.587832
90,0.262919,0.323126,0.900800,283.611590
91,0.260003,0.363121,0.898000,283.565898
92,0.266625,0.358657,0.897400,283.597885
93,0.258636,0.326103,0.905800,283.675033
94,0.259812,0.338211,0.901200,283.599311
95,0.260490,0.382678,0.893800,283.636547
96,0.253620,0.343174,0.900200,283.606950
97,0.251348,0.377599,0.894400,283.664078
98,0.254696,0.403218,0.892600,283.642741
99,0.250263,0.485455,0.872000,283.563940
100,0.247331,0.347243,0.900800,283.574202
101,0.245955,0.349370,0.900400,283.629285
102,0.242825,0.375933,0.890600,283.611483
103,0.240353,0.366788,0.902200,283.545373
104,0.242555,0.363928,0.896000,283.594293
105,0.238200,0.379464,0.895800,283.597757
106,0.240954,0.346751,0.901400,283.651222
107,0.235866,0.359428,0.904800,283.632153
108,0.233209,0.372273,0.894400,283.629268
109,0.234400,0.347048,0.906000,283.598084
110,0.235391,0.323312,0.904400,283.625196
111,0.228730,0.306204,0.907600,283.655494
112,0.226075,0.349875,0.902800,283.687363
113,0.225578,0.324211,0.909200,283.802687
114,0.221467,0.343150,0.907200,283.735605
115,0.229271,0.314041,0.910600,283.744497
116,0.222858,0.336555,0.904000,283.749306
117,0.234324,0.429564,0.882600,283.710671
118,0.228427,0.324104,0.910600,283.698738
119,0.222081,0.351409,0.900800,283.730014
120,0.217815,0.323872,0.909800,283.647237
121,0.218362,0.318532,0.913400,283.716858
122,0.218670,0.364482,0.899200,283.729903
123,0.213957,0.386719,0.900600,283.727213
124,0.213573,0.348886,0.905800,283.619505
125,0.216647,0.361108,0.901000,283.582771
126,0.209758,0.346925,0.906600,283.626223
127,0.212530,0.343071,0.906200,283.632717
128,0.208528,0.329111,0.912000,283.584155
129,0.208497,0.342693,0.905400,283.621169
130,0.212865,0.350670,0.910000,283.566245
131,0.206401,0.305170,0.909000,283.610501
132,0.204017,0.377569,0.896000,283.618293
133,0.204154,0.402024,0.896800,283.611359
134,0.202883,0.364334,0.910200,283.633733
135,0.200880,0.320385,0.916600,283.640021
136,0.205175,0.338904,0.909800,283.623175
137,0.201931,0.407776,0.899400,283.585534
138,0.199571,0.324283,0.913400,283.579700
139,0.200355,0.394688,0.901400,283.611501
140,0.202044,0.355331,0.906600,283.595655
141,0.193565,0.337014,0.910600,283.604908
142,0.197640,0.343384,0.912800,283.638229
143,0.196825,0.342721,0.908400,283.588389
144,0.194062,0.379376,0.898400,283.594603
145,0.192000,0.360971,0.904400,283.521661
146,0.191666,0.343235,0.912600,283.545896
147,0.187181,0.332448,0.909000,283.616250
148,0.189109,0.420108,0.894400,283.528104
149,0.186076,0.362445,0.912600,283.592869
150,0.188526,0.370762,0.911600,283.603050
151,0.184751,0.338573,0.910800,283.606123
152,0.184431,0.335984,0.917400,283.594523
153,0.186312,0.352528,0.915400,283.602169
154,0.184689,0.339590,0.911800,283.545399
155,0.187380,0.306955,0.916800,283.546798
156,0.181072,0.334673,0.909200,283.613421
157,0.183182,0.328318,0.916200,283.619889
158,0.178966,0.337588,0.917200,283.683780
159,0.179937,0.362219,0.910800,283.617724
160,0.182464,0.326287,0.916600,283.606701
161,0.175682,0.334265,0.914800,283.566704
162,0.175355,0.349198,0.911400,283.552223
163,0.181561,0.343303,0.910600,283.584113
164,0.177592,0.344340,0.915600,283.570269
165,0.176919,0.318182,0.916800,283.568943
166,0.173612,0.320699,0.914600,283.562662
167,0.172168,0.353590,0.914000,283.557132
168,0.171604,0.326196,0.918000,283.514321
169,0.167324,0.336485,0.914800,283.614512
170,0.168604,0.384479,0.910400,283.522351
171,0.170153,0.367112,0.910200,283.558319
172,0.168129,0.338717,0.916800,283.566229
173,0.169848,0.373699,0.908800,283.584877
174,0.166577,0.355559,0.915400,283.565297
175,0.166971,0.406892,0.906800,283.613142
176,0.164161,0.339483,0.914800,283.571878
177,0.168292,0.366323,0.911400,283.623460
178,0.167341,0.367639,0.910600,283.638720
179,0.161620,0.344484,0.912200,283.640621
180,0.159455,0.342501,0.913600,283.612885
181,0.164275,0.334477,0.917200,283.602214
182,0.160055,0.329617,0.917200,283.535723
183,0.163790,0.381912,0.906400,283.586495
184,0.160977,0.391826,0.906400,283.598559
185,0.169456,0.334931,0.917600,283.598300
186,0.159156,0.435937,0.903400,283.548855
187,0.164439,0.369676,0.915000,283.619040
188,0.161682,0.363543,0.916800,283.557829
189,0.157762,0.384124,0.908000,283.518402
190,0.160210,0.345536,0.915800,283.576814
191,0.165497,0.395694,0.907400,283.611589
192,0.161451,0.337744,0.918400,283.537604
193,0.157561,0.368235,0.911800,283.532802
194,0.154494,0.369889,0.915200,283.514067
195,0.156851,0.399215,0.913200,283.428109
196,0.160781,0.369268,0.914600,283.463938
197,0.158769,0.343803,0.916600,283.562935
198,0.151625,0.370577,0.912800,283.716178
199,0.156374,0.362790,0.916000,283.722875
200,0.151887,0.380674,0.911800,283.630917
201,0.153725,0.377477,0.914800,283.663619
202,0.148962,0.361629,0.916600,283.692342
203,0.146788,0.374003,0.909400,283.640005
