epoch,train_loss,avg_valid_loss,valid_accuracy,time
1,2.613841,2.191857,0.169600,454.808870
2,1.798779,1.805937,0.362800,454.490482
3,1.513448,1.658922,0.451000,456.139951
4,1.278624,1.177644,0.596400,457.842560
5,1.110151,1.075725,0.630400,459.311888
6,0.983566,0.985314,0.670000,460.099841
7,0.904104,0.868265,0.715400,460.758374
8,0.844029,0.860397,0.718800,462.050209
9,0.792704,0.937006,0.707000,463.644835
10,0.758425,0.781201,0.742000,465.242810
11,0.722661,0.760147,0.760400,465.007365
12,0.692587,0.681003,0.780400,465.389560
13,0.663955,0.763708,0.762000,465.519566
14,0.646963,0.739657,0.757800,466.234998
15,0.624582,0.720967,0.781000,466.191401
16,0.605359,0.735163,0.774200,467.229737
17,0.587990,0.651777,0.790600,467.940583
18,0.570313,0.624126,0.795400,468.304073
19,0.553569,0.621583,0.806200,468.765648
20,0.539036,0.628161,0.800800,469.867497
21,0.527305,0.599039,0.808200,471.530509
22,0.514998,0.629861,0.803800,472.221581
23,0.499952,0.623733,0.807400,472.673815
24,0.490572,0.600763,0.815600,475.422059
25,0.478910,0.562403,0.821600,474.837693
26,0.467180,0.557238,0.823400,474.358380
27,0.455703,0.634325,0.815000,475.155175
28,0.448241,0.557383,0.833200,476.120276
29,0.434672,0.570995,0.832800,475.747655
30,0.426195,0.548035,0.834400,475.256316
31,0.414602,0.549535,0.831400,475.617716
32,0.409152,0.689288,0.794400,477.104697
33,0.403265,0.547076,0.833000,478.947032
34,0.396611,0.522395,0.843600,479.227450
35,0.391198,0.539680,0.844800,480.164951
36,0.383253,0.521776,0.844000,480.596772
37,0.374008,0.559524,0.833200,481.182027
38,0.367879,0.519190,0.842800,482.571437
39,0.361424,0.549437,0.843400,483.607670
40,0.354721,0.532557,0.844000,483.992332
41,0.351561,0.534863,0.842800,485.624577
42,0.343612,0.514515,0.852600,491.563033
43,0.338721,0.585563,0.834000,495.096313
44,0.334166,0.562786,0.838800,495.381665
45,0.325779,0.525913,0.849400,495.053202
46,0.324155,0.542720,0.842800,495.190257
47,0.317357,0.511435,0.853600,495.548700
48,0.311147,0.502403,0.855200,495.646920
49,0.307343,0.486775,0.860200,495.823970
50,0.305972,0.543647,0.842800,496.530690
51,0.260313,0.440059,0.875400,496.650651
52,0.223484,0.448998,0.876200,496.682682
53,0.217951,0.461057,0.880800,496.907784
54,0.212479,0.473595,0.878000,496.898079
55,0.210888,0.466975,0.877600,493.644209
56,0.206264,0.468454,0.877400,487.159403
57,0.202859,0.474161,0.876400,485.979728
58,0.200663,0.467775,0.878600,490.688376
59,0.198162,0.480211,0.877400,496.107283
60,0.197170,0.494132,0.878400,495.553477
61,0.194677,0.477725,0.879200,492.920845
62,0.194782,0.473553,0.878800,483.561395
63,0.193585,0.481079,0.877400,482.481260
64,0.192181,0.482774,0.878400,482.245144
65,0.189106,0.492792,0.878200,481.260547
66,0.189043,0.491865,0.876800,479.677922
67,0.187900,0.492478,0.875000,478.440403
68,0.186714,0.495933,0.875200,477.205826
69,0.186891,0.481321,0.879600,476.990756
70,0.184612,0.485979,0.878000,475.146664
71,0.182231,0.484917,0.881000,474.826121
72,0.180348,0.483630,0.880000,473.475119
73,0.180061,0.493816,0.883000,471.497130
74,0.177578,0.488185,0.881200,470.766840
75,0.180141,0.491681,0.879400,470.990648
76,0.177912,0.485993,0.880000,470.064508
77,0.179264,0.486933,0.880400,469.691291
78,0.174047,0.509024,0.879000,469.296937
79,0.175881,0.499004,0.879400,468.183428
80,0.174366,0.497315,0.882000,466.801915
81,0.173734,0.500887,0.878200,465.524180
82,0.170663,0.503091,0.878600,464.669375
83,0.170263,0.516796,0.880400,463.926336
84,0.172904,0.483021,0.881400,463.076083
85,0.169007,0.501111,0.881200,462.071509
86,0.169536,0.491445,0.881000,460.824411
87,0.167483,0.499782,0.881600,460.792289
88,0.167876,0.489047,0.882600,461.038422
89,0.164566,0.513910,0.877800,460.415999
90,0.163589,0.504821,0.876600,459.947397
91,0.164445,0.497020,0.883400,459.052329
92,0.161452,0.501615,0.882200,458.074197
93,0.164440,0.504401,0.879400,456.640219
94,0.161112,0.501671,0.878800,455.543678
95,0.161760,0.511462,0.877400,454.655067
96,0.159634,0.506598,0.880200,454.041407
97,0.159436,0.508775,0.877600,453.178859
98,0.155512,0.506736,0.880600,452.101542
99,0.157711,0.511869,0.879400,452.013789
100,0.158022,0.505567,0.880200,450.922131
101,0.156017,0.506632,0.880600,450.316222
102,0.152594,0.514122,0.881000,449.609987
103,0.156515,0.509505,0.882200,449.054969
104,0.152630,0.527617,0.875600,448.675690
105,0.153156,0.520440,0.881000,448.447740
106,0.153671,0.523712,0.878200,448.362696
107,0.150240,0.511758,0.881400,448.349335
108,0.151222,0.512841,0.881800,448.350463
109,0.150753,0.518884,0.877800,448.382668
110,0.147966,0.529880,0.878000,448.359477
111,0.151050,0.534750,0.880400,448.495033
112,0.147728,0.526610,0.880000,448.414941
113,0.143953,0.524651,0.882000,448.417700
114,0.146664,0.509206,0.880000,448.392959
115,0.147359,0.533430,0.877800,448.554830
116,0.145106,0.527485,0.880600,448.465040
117,0.145444,0.532364,0.881000,448.518755
118,0.142845,0.538348,0.880600,448.372429
119,0.139840,0.531305,0.881800,448.418556
120,0.142824,0.554593,0.876800,448.451802
121,0.143474,0.532930,0.883800,448.511431
122,0.140943,0.526180,0.881800,448.346190
123,0.140428,0.520107,0.882000,448.366922
124,0.140233,0.531030,0.880400,448.430285
125,0.138939,0.524203,0.883400,448.679144
126,0.137658,0.536932,0.879800,448.650310
127,0.137364,0.529343,0.879400,448.728809
128,0.137295,0.549560,0.880200,448.658287
129,0.138094,0.530544,0.882800,448.678970
130,0.135454,0.545121,0.879800,448.657675
131,0.133518,0.536972,0.881400,448.644205
132,0.134122,0.547897,0.880200,448.658759
133,0.136164,0.546712,0.880000,448.686668
134,0.135453,0.539937,0.882200,448.636951
135,0.133213,0.540211,0.883600,448.731723
136,0.130267,0.536986,0.883800,448.681536
137,0.132015,0.538915,0.882400,448.675107
138,0.131151,0.535716,0.883200,448.582076
139,0.131437,0.538409,0.878800,448.740713
140,0.128998,0.546543,0.881000,448.992058
141,0.129353,0.545215,0.880000,448.829861
142,0.127781,0.557862,0.878000,448.927860
143,0.128733,0.549608,0.878200,448.638529
144,0.127758,0.566933,0.878600,448.528245
145,0.126124,0.550515,0.881400,448.526292
146,0.126654,0.555356,0.882200,448.481223
147,0.126594,0.550874,0.883200,448.514805
148,0.125393,0.543896,0.884400,448.686326
149,0.126053,0.566263,0.882200,448.523873
150,0.123769,0.562768,0.882000,448.494092
151,0.121185,0.570301,0.879000,448.456291
152,0.124857,0.551953,0.883600,448.585857
153,0.124244,0.560004,0.878800,448.549342
154,0.122262,0.553852,0.882600,448.594476
155,0.123329,0.561594,0.880600,448.729504
156,0.120443,0.582446,0.878000,448.627530
