epoch,train_loss,train_xent,valid_loss,valid_xent,valid_emd,valid_xent_accuracy,valid_exp_accuracy,valid_xent_qwk,valid_exp_qwk,learning_rate,mb_time,time
1,1.980549,84.080650,1.973010,64.926224,0.201563,0.063140,0.063140,0.000000,0.000000,0.100000,0.315096,407.449544
2,1.899179,60.725471,1.896197,58.489956,0.201563,0.063140,0.063140,0.000000,0.000000,0.100000,0.292008,398.776476
3,1.826231,54.742279,1.827011,52.828732,0.201563,0.063140,0.063140,0.000000,0.000000,0.100000,0.291671,399.671767
4,1.760527,49.372391,1.764696,47.436001,0.201563,0.063140,0.063140,0.000000,0.000000,0.100000,0.291669,401.067042
5,1.701347,44.517662,1.708568,42.857727,0.201563,0.063140,0.063140,0.000000,0.000000,0.100000,0.291584,401.290385
6,1.648044,40.122456,1.658013,38.778290,0.201563,0.063140,0.063140,0.000000,0.000000,0.100000,0.291767,401.365351
7,1.600033,36.186176,1.612478,34.889523,0.201563,0.063140,0.063140,0.000000,0.000000,0.100000,0.291582,401.534792
8,1.556790,32.645184,1.571465,31.402372,0.201563,0.063140,0.063140,0.000000,0.000000,0.100000,0.291704,401.612822
9,1.517841,29.441948,1.534524,28.355402,0.201563,0.063140,0.063140,0.000000,0.000000,0.100000,0.291911,401.509813
10,1.482759,26.558170,1.501252,25.541693,0.201563,0.063140,0.063140,0.000000,0.000000,0.100000,0.291835,401.582037
11,1.451161,23.954697,1.471283,23.119495,0.201563,0.063140,0.063140,0.000000,0.000000,0.100000,0.291615,401.652350
12,1.422700,21.613894,1.444290,20.849150,0.201562,0.063140,0.063140,0.000000,0.000000,0.100000,0.291441,401.392226
13,1.397066,19.493505,1.419977,18.779997,0.201562,0.063140,0.063140,0.000000,0.000000,0.100000,0.291709,401.561399
14,1.373976,17.590172,1.398078,16.875702,0.201562,0.063140,0.063140,0.000000,0.000000,0.100000,0.291661,401.452617
15,1.353178,15.834587,1.378351,15.222426,0.201562,0.063140,0.063140,0.000000,0.000000,0.100000,0.291772,401.476924
16,1.334439,14.146100,1.360567,13.420753,0.201558,0.063140,0.063140,0.000000,0.000000,0.100000,0.291902,401.734016
17,1.249801,21.087572,1.049384,2.198811,0.091109,0.707622,0.705916,0.099124,0.102158,0.100000,0.291818,401.617841
18,0.946653,8.004245,0.976065,4.253997,0.094418,0.613766,0.607509,0.256327,0.262676,0.100000,0.291803,401.594131
19,0.911593,6.352786,0.948144,3.922761,0.087731,0.671217,0.666098,0.267412,0.273784,0.100000,0.291705,401.571506
20,0.886607,4.911318,0.939073,7.149072,0.108366,0.514221,0.487486,0.263180,0.258429,0.100000,0.291420,401.759298
21,0.873203,4.384737,0.922255,4.125761,0.097357,0.588168,0.519909,0.277762,0.273442,0.100000,0.291872,401.991209
22,0.857468,3.708750,0.895717,2.825613,0.088622,0.644482,0.583049,0.299079,0.296184,0.100000,0.291665,401.577020
23,0.844188,3.548945,0.911792,3.266436,0.086918,0.683732,0.663254,0.267281,0.275689,0.100000,0.291662,401.573195
24,0.833634,3.514650,0.885468,2.372943,0.085171,0.701365,0.691695,0.248964,0.275238,0.100000,0.291833,401.587697
25,0.820853,3.686955,0.859330,2.557523,0.092900,0.587600,0.527873,0.302894,0.284321,0.100000,0.291674,401.714413
26,0.805507,3.213732,0.836617,2.511619,0.081188,0.699090,0.664391,0.308964,0.333456,0.100000,0.291801,401.770657
27,0.797504,2.994741,0.836594,3.167730,0.082775,0.686007,0.656997,0.337526,0.358021,0.100000,0.291814,401.637255
28,0.787735,2.640563,0.688684,1.142734,0.063671,0.759954,0.683163,0.434072,0.516547,0.100000,0.291512,402.897302
29,0.652021,1.424134,0.637301,1.018675,0.060079,0.762230,0.699090,0.530417,0.580744,0.100000,0.291612,404.421556
30,0.622080,1.093585,0.654521,1.215046,0.079603,0.705347,0.529579,0.532187,0.521405,0.100000,0.291674,402.863935
31,0.607740,1.030512,0.657243,1.034059,0.081122,0.711604,0.398749,0.550641,0.494560,0.100000,0.291819,401.502242
32,0.601499,1.001033,0.643033,0.866281,0.063836,0.762230,0.530717,0.552673,0.555605,0.100000,0.292405,402.115201
33,0.593581,1.052618,0.618356,1.028007,0.068580,0.724687,0.606371,0.584520,0.587555,0.100000,0.292072,404.426152
34,0.588710,0.967858,0.598742,0.889374,0.058138,0.769625,0.728100,0.509438,0.581602,0.100000,0.291871,402.192613
35,0.582237,0.934297,0.578840,0.802535,0.055681,0.778157,0.608077,0.591455,0.621935,0.100000,0.291911,401.902163
36,0.569067,0.900226,0.578562,0.827914,0.055894,0.773606,0.729807,0.557282,0.622496,0.100000,0.291725,401.752408
37,0.566729,0.883032,0.586988,0.859075,0.057373,0.774175,0.678043,0.621912,0.653272,0.100000,0.292185,401.949150
38,0.566090,0.879039,0.602323,0.798216,0.058118,0.763936,0.738339,0.493309,0.597873,0.100000,0.292172,407.012533
39,0.559135,0.876873,0.610860,0.834611,0.058170,0.767349,0.743458,0.539936,0.595377,0.100000,0.291655,406.638075
40,0.559774,0.850501,0.573789,0.781794,0.056034,0.769625,0.630262,0.607355,0.636033,0.100000,0.292097,406.664623
41,0.558535,0.837138,0.595369,0.744385,0.055543,0.775313,0.718999,0.544830,0.613690,0.100000,0.291791,408.423764
1,0.513019,0.738770,0.514310,0.720359,0.049824,0.787258,0.730944,0.639938,0.690340,0.010000,0.315893,412.498711
2,0.497611,0.745491,0.529522,0.750652,0.051036,0.784983,0.728669,0.634618,0.676017,0.010000,0.292370,401.212797
3,0.489867,0.749947,0.529265,0.764548,0.051373,0.785552,0.733220,0.638778,0.683778,0.010000,0.292690,401.892565
4,0.491944,0.751601,0.506695,0.755008,0.049402,0.787827,0.744596,0.649529,0.699789,0.010000,0.292486,402.930794
5,0.489045,0.748644,0.507730,0.756837,0.049375,0.789534,0.730944,0.653360,0.698775,0.010000,0.292546,403.340508
6,0.485234,0.751627,0.521713,0.745878,0.050238,0.783276,0.730944,0.636764,0.692449,0.010000,0.292540,403.436049
7,0.481814,0.754037,0.513085,0.751769,0.049751,0.791240,0.741752,0.653594,0.694102,0.010000,0.292291,402.508055
8,0.482196,0.759713,0.526899,0.772178,0.051634,0.778726,0.730944,0.625747,0.692082,0.010000,0.292109,404.235705
9,0.477256,0.755659,0.493724,0.747933,0.048583,0.792947,0.749716,0.655059,0.706077,0.010000,0.292643,403.559217
10,0.475198,0.749718,0.530448,0.747722,0.050918,0.787827,0.718999,0.631816,0.676076,0.010000,0.292545,402.757176
11,0.474802,0.753242,0.515983,0.746699,0.049376,0.790102,0.742890,0.642910,0.699109,0.010000,0.292329,403.174059
12,0.474693,0.767305,0.508619,0.765204,0.050491,0.788965,0.753129,0.629836,0.684734,0.010000,0.292640,405.742134
13,0.469941,0.758250,0.497653,0.773420,0.049168,0.793515,0.724687,0.685641,0.717123,0.010000,0.292326,406.844945
14,0.469825,0.761812,0.495357,0.745104,0.048198,0.794653,0.741752,0.673420,0.708081,0.010000,0.292442,406.133300
15,0.464110,0.763221,0.501630,0.749565,0.049055,0.790671,0.752560,0.643397,0.694156,0.010000,0.292513,406.116083
16,0.460811,0.768697,0.520615,0.807340,0.051085,0.786689,0.740614,0.635256,0.692247,0.010000,0.292766,406.125285
17,0.462723,0.768239,0.504569,0.782197,0.049763,0.790102,0.722412,0.661170,0.717279,0.010000,0.292925,405.754353
18,0.458943,0.768018,0.500815,0.753128,0.049073,0.792947,0.746303,0.646489,0.693459,0.010000,0.292857,405.635962
19,0.460075,0.757597,0.495373,0.770926,0.049079,0.791240,0.742321,0.652595,0.700866,0.010000,0.292546,406.247641
20,0.456934,0.767598,0.512039,0.764576,0.049381,0.795222,0.734926,0.657580,0.698205,0.010000,0.292455,405.958515
21,0.457319,0.766040,0.488753,0.776191,0.049052,0.789534,0.705347,0.686347,0.721027,0.010000,0.292786,406.054108
22,0.453511,0.770461,0.503578,0.791006,0.049574,0.790671,0.736064,0.648662,0.699419,0.010000,0.292256,407.734516
23,0.450716,0.757126,0.520201,0.804618,0.051098,0.792947,0.722981,0.666989,0.695546,0.010000,0.293003,407.894048
24,0.455204,0.772626,0.489984,0.796105,0.048846,0.794653,0.738339,0.683252,0.718194,0.010000,0.292343,405.678073
25,0.447614,0.770299,0.514842,0.761787,0.049713,0.793515,0.731513,0.646266,0.690024,0.010000,0.292388,406.541950
26,0.446168,0.764802,0.491775,0.743821,0.048757,0.793515,0.741752,0.654043,0.704823,0.010000,0.292532,407.401392
27,0.444414,0.770612,0.497269,0.771701,0.049622,0.796359,0.765074,0.644611,0.707625,0.010000,0.292537,406.980827
28,0.447533,0.761566,0.487474,0.791352,0.048696,0.789534,0.748009,0.656309,0.720433,0.010000,0.292091,406.725002
29,0.444988,0.762671,0.483236,0.772104,0.048506,0.795791,0.738908,0.677553,0.715640,0.010000,0.292486,406.066917
30,0.444540,0.763271,0.499442,0.758857,0.048970,0.798635,0.743458,0.677752,0.696775,0.010000,0.292961,406.238454
31,0.435840,0.767513,0.506148,0.768042,0.049185,0.801479,0.748009,0.676215,0.713231,0.010000,0.292565,407.246986
32,0.439710,0.773060,0.499279,0.792205,0.049222,0.799772,0.728100,0.687045,0.703900,0.010000,0.292501,406.797204
33,0.435571,0.767546,0.486079,0.791323,0.048358,0.798066,0.759954,0.669304,0.720661,0.010000,0.292544,405.915342
34,0.434490,0.769500,0.474886,0.788934,0.047941,0.796928,0.753129,0.657928,0.718299,0.010000,0.292523,406.155369
35,0.430825,0.777697,0.478980,0.801919,0.048761,0.792378,0.749147,0.675687,0.722840,0.010000,0.292710,406.862683
36,0.431588,0.774952,0.501865,0.822910,0.050879,0.788396,0.752560,0.637598,0.697942,0.010000,0.292510,406.464997
37,0.430455,0.777940,0.492511,0.816256,0.050106,0.787827,0.752560,0.665740,0.710654,0.010000,0.292446,406.610945
38,0.429176,0.769314,0.480141,0.786877,0.048707,0.797497,0.759954,0.657883,0.698570,0.010000,0.292487,406.901913
39,0.421159,0.775190,0.485546,0.801410,0.048492,0.798066,0.751991,0.679080,0.714433,0.010000,0.292500,406.417185
40,0.422568,0.777669,0.486963,0.793384,0.049127,0.787827,0.746303,0.647334,0.712114,0.010000,0.292389,406.615324
41,0.421542,0.771405,0.495603,0.788191,0.049274,0.795791,0.748009,0.668917,0.713680,0.010000,0.292282,406.693526
42,0.430197,0.781957,0.500581,0.823108,0.050984,0.792378,0.708191,0.686761,0.711633,0.010000,0.292957,406.143648
43,0.432018,0.771986,0.464432,0.796818,0.049819,0.795791,0.765074,0.643366,0.690231,0.010000,0.292290,406.388675
44,0.427924,0.775509,0.481022,0.781561,0.047797,0.800910,0.753697,0.690073,0.718425,0.010000,0.292781,406.935666
45,0.429009,0.775664,0.474548,0.770260,0.049420,0.800910,0.687713,0.697551,0.707884,0.010000,0.292449,406.936508
46,0.428638,0.772921,0.483452,0.785719,0.048798,0.794084,0.738908,0.649012,0.714309,0.010000,0.292923,406.519661
47,0.421869,0.774534,0.472117,0.764688,0.047209,0.798635,0.751422,0.667214,0.720469,0.010000,0.292298,407.085864
48,0.423295,0.778690,0.457062,0.761859,0.047144,0.798635,0.775882,0.658198,0.725997,0.010000,0.292485,406.233199
49,0.421137,0.781741,0.491325,0.787265,0.049059,0.792378,0.756542,0.653159,0.711928,0.010000,0.292248,406.364235
50,0.420130,0.772695,0.487080,0.779033,0.048841,0.798066,0.755404,0.642096,0.704066,0.010000,0.292355,406.745977
51,0.426009,0.779763,0.492549,0.788641,0.049123,0.792378,0.734357,0.653266,0.704743,0.010000,0.292414,406.334630
52,0.416638,0.765625,0.457734,0.774280,0.046935,0.801479,0.725825,0.708413,0.727465,0.010000,0.292500,406.124811
53,0.421214,0.788891,0.486295,0.791627,0.050068,0.789534,0.760523,0.638923,0.699712,0.010000,0.292272,406.987304
54,0.420908,0.786839,0.463522,0.778445,0.047175,0.800910,0.747440,0.675464,0.724720,0.010000,0.292339,406.214325
55,0.419758,0.776862,0.468503,0.787118,0.047465,0.797497,0.753129,0.673749,0.717873,0.010000,0.292179,406.080268
56,0.418664,0.782693,0.486648,0.810260,0.050159,0.794653,0.698521,0.696279,0.711581,0.010000,0.292614,406.262081
57,0.413675,0.778887,0.481281,0.777600,0.049207,0.798066,0.722412,0.688864,0.713561,0.010000,0.292743,406.332960
58,0.415836,0.787308,0.461865,0.776666,0.047287,0.803754,0.767349,0.672077,0.716621,0.010000,0.292584,408.181915
59,0.415372,0.790288,0.485552,0.841455,0.049205,0.792378,0.732651,0.674287,0.720082,0.010000,0.292446,408.425352
60,0.414429,0.787792,0.460356,0.788221,0.047171,0.802617,0.757679,0.674719,0.722048,0.010000,0.293282,406.479226
61,0.411053,0.777141,0.477056,0.794907,0.048537,0.798066,0.770193,0.661706,0.703036,0.010000,0.292327,406.468647
62,0.411714,0.782555,0.459747,0.795031,0.045984,0.807167,0.744027,0.714899,0.743928,0.010000,0.292334,407.097036
63,0.410048,0.780341,0.474304,0.782940,0.047609,0.798066,0.756542,0.660289,0.715401,0.010000,0.292524,407.852963
64,0.411101,0.783258,0.468813,0.810187,0.048436,0.795222,0.736633,0.681047,0.716631,0.010000,0.292363,407.598496
65,0.409375,0.781534,0.473891,0.802138,0.048390,0.795791,0.738339,0.676974,0.717616,0.010000,0.292865,409.133629
66,0.413579,0.773715,0.483787,0.831308,0.049051,0.790102,0.756542,0.638054,0.710682,0.010000,0.292652,407.610447
67,0.407808,0.780100,0.485084,0.824807,0.049735,0.792947,0.725256,0.695988,0.708723,0.010000,0.292575,406.795477
68,0.408416,0.783348,0.461126,0.797874,0.046890,0.800910,0.755404,0.702594,0.730880,0.010000,0.292708,406.453389
69,0.407548,0.783893,0.450485,0.771473,0.045837,0.816268,0.748009,0.713034,0.732284,0.010000,0.292324,406.086107
70,0.405085,0.783844,0.466769,0.778481,0.047328,0.802048,0.755973,0.676591,0.715894,0.010000,0.292460,406.553078
71,0.406418,0.798484,0.486129,0.763338,0.047980,0.804323,0.754266,0.637340,0.695254,0.010000,0.292368,406.093803
72,0.405394,0.786372,0.467087,0.793175,0.048295,0.800910,0.723549,0.696006,0.719113,0.010000,0.292365,405.848128
73,0.402550,0.785628,0.471131,0.789913,0.047501,0.801479,0.748578,0.669299,0.713233,0.010000,0.292321,406.022214
74,0.403170,0.776214,0.442440,0.790018,0.046824,0.802617,0.722412,0.715849,0.741917,0.010000,0.292541,406.786217
75,0.399631,0.792251,0.464551,0.818060,0.048033,0.798066,0.758248,0.666768,0.715017,0.010000,0.292271,406.430880
76,0.399764,0.787321,0.458660,0.803766,0.048242,0.805461,0.746871,0.704837,0.720707,0.010000,0.292157,405.711367
77,0.401184,0.787865,0.453016,0.775137,0.046463,0.808874,0.761661,0.684513,0.721704,0.010000,0.292334,406.130073
78,0.402299,0.788188,0.471984,0.795513,0.048017,0.802617,0.751422,0.688605,0.718840,0.010000,0.292506,407.525981
79,0.399121,0.781655,0.456149,0.844623,0.048017,0.799204,0.751991,0.685019,0.728315,0.010000,0.292653,406.434479
80,0.400326,0.798955,0.453534,0.788368,0.047031,0.802048,0.771900,0.675102,0.720719,0.010000,0.292245,406.257449
81,0.397197,0.798154,0.490874,0.774455,0.048864,0.805461,0.777019,0.628046,0.686264,0.010000,0.292365,406.187531
82,0.400504,0.788802,0.471339,0.802674,0.048325,0.806030,0.773038,0.661753,0.707153,0.010000,0.292397,406.289002
83,0.402409,0.790906,0.468821,0.798441,0.046931,0.810580,0.759386,0.706050,0.725106,0.010000,0.292443,407.228413
84,0.394636,0.798815,0.436262,0.795764,0.047016,0.806598,0.704778,0.712622,0.721818,0.010000,0.292618,405.972448
85,0.394143,0.789523,0.471380,0.841713,0.048398,0.793515,0.746303,0.673710,0.721239,0.010000,0.292415,407.148417
86,0.395123,0.797311,0.467543,0.819281,0.049018,0.792947,0.765074,0.634698,0.702207,0.010000,0.292532,406.115141
87,0.397765,0.793850,0.466085,0.817571,0.047174,0.806030,0.771331,0.688848,0.718610,0.010000,0.292120,405.748698
88,0.396495,0.798982,0.457474,0.827168,0.048181,0.799204,0.778157,0.663856,0.711471,0.010000,0.292584,406.094017
89,0.392168,0.801705,0.439347,0.823096,0.045409,0.808874,0.754266,0.714246,0.739486,0.010000,0.292747,408.485650
90,0.389741,0.789442,0.466707,0.788551,0.047481,0.803754,0.743458,0.680281,0.718830,0.010000,0.292574,408.356215
91,0.390748,0.788142,0.456988,0.831145,0.047648,0.795791,0.767918,0.662059,0.728474,0.010000,0.292341,408.099447
92,0.392046,0.784268,0.469837,0.805485,0.048215,0.800341,0.737201,0.683347,0.716230,0.010000,0.293027,407.060631
93,0.388846,0.786510,0.473739,0.816225,0.048185,0.794653,0.742321,0.692588,0.722992,0.010000,0.292450,407.959385
94,0.390713,0.796458,0.455386,0.799299,0.047213,0.811149,0.742321,0.716802,0.722254,0.010000,0.292895,406.310942
95,0.394058,0.794100,0.475353,0.806547,0.048669,0.796359,0.748578,0.658787,0.715132,0.010000,0.292298,407.306321
96,0.392890,0.786891,0.466679,0.844397,0.048990,0.799204,0.746871,0.694192,0.719730,0.010000,0.292387,408.865627
97,0.387648,0.775232,0.472009,0.886344,0.048592,0.801479,0.762799,0.674364,0.721581,0.010000,0.292264,406.326334
98,0.388288,0.793477,0.457672,0.810277,0.046984,0.807167,0.759386,0.691577,0.725449,0.010000,0.292488,405.654391
99,0.385754,0.790887,0.474712,0.839641,0.048823,0.793515,0.763936,0.666898,0.725196,0.010000,0.292450,407.374579
100,0.385534,0.791015,0.461540,0.767966,0.046909,0.801479,0.764505,0.676765,0.718615,0.010000,0.292260,406.762042
101,0.390348,0.786227,0.441800,0.801881,0.046094,0.804323,0.754835,0.704066,0.738989,0.010000,0.292375,406.129764
102,0.388616,0.794047,0.475214,0.783727,0.047308,0.808874,0.758817,0.683452,0.718209,0.010000,0.292359,407.183219
103,0.384458,0.788386,0.462652,0.779475,0.047030,0.806030,0.740046,0.696370,0.719392,0.010000,0.292349,406.403917
104,0.390263,0.778227,0.487432,0.824951,0.049396,0.799772,0.767349,0.659097,0.708996,0.010000,0.292444,406.014896
105,0.384565,0.788441,0.463800,0.888162,0.048326,0.800341,0.763367,0.684227,0.721700,0.010000,0.292613,405.929597
106,0.384711,0.797629,0.445654,0.808412,0.046216,0.801479,0.762230,0.698664,0.740812,0.010000,0.292406,406.819170
107,0.383989,0.786811,0.462535,0.806026,0.048253,0.800341,0.771900,0.664596,0.704713,0.010000,0.292559,405.766407
108,0.378096,0.785988,0.471085,0.852473,0.049134,0.801479,0.771331,0.656757,0.708882,0.010000,0.292525,405.947646
109,0.385365,0.797956,0.445728,0.806323,0.045625,0.812287,0.765074,0.699125,0.732220,0.010000,0.292593,407.380533
110,0.384687,0.794248,0.439423,0.821657,0.045761,0.808305,0.769056,0.710011,0.742960,0.010000,0.292648,408.854380
111,0.381316,0.789491,0.449934,0.814185,0.045225,0.812287,0.774175,0.691590,0.732168,0.010000,0.292558,406.561437
112,0.376142,0.790712,0.443987,0.801101,0.046671,0.802617,0.765643,0.692255,0.735133,0.010000,0.292705,407.130787
113,0.378867,0.782009,0.460355,0.847625,0.047470,0.797497,0.750284,0.695414,0.742249,0.010000,0.292538,406.754063
114,0.382125,0.796724,0.473687,0.834935,0.048086,0.800341,0.742321,0.685257,0.713412,0.010000,0.292421,406.423410
115,0.382260,0.808034,0.466541,0.826192,0.048591,0.806598,0.723549,0.709160,0.720285,0.010000,0.292261,406.376104
116,0.377764,0.780519,0.475883,0.853578,0.049156,0.788965,0.748578,0.655629,0.710153,0.010000,0.291971,407.497158
117,0.380461,0.795432,0.456330,0.788689,0.046669,0.804323,0.753129,0.683585,0.724835,0.010000,0.292629,406.972759
118,0.378542,0.787117,0.437825,0.810248,0.047450,0.800341,0.729238,0.707657,0.735348,0.010000,0.292984,407.564500
119,0.373952,0.782806,0.459953,0.812258,0.046940,0.802617,0.761092,0.663223,0.728154,0.010000,0.292473,406.592407
120,0.380681,0.805362,0.459272,0.823271,0.048476,0.803754,0.722412,0.700878,0.727735,0.010000,0.292625,406.123249
121,0.380704,0.787619,0.471930,0.891465,0.048529,0.796359,0.762230,0.673819,0.720823,0.010000,0.292231,405.781027
122,0.376103,0.798917,0.485026,0.846083,0.049209,0.795791,0.748578,0.659421,0.709960,0.010000,0.292334,405.897341
123,0.376814,0.784972,0.428287,0.804519,0.044534,0.811718,0.770762,0.717535,0.752660,0.010000,0.292664,407.125491
124,0.374031,0.804456,0.439687,0.801867,0.045977,0.808305,0.746871,0.705963,0.730867,0.010000,0.293735,407.541655
125,0.374192,0.798396,0.443312,0.789447,0.048136,0.806598,0.714448,0.702701,0.717143,0.010000,0.293133,406.822975
126,0.373244,0.795514,0.460298,0.824597,0.047591,0.804892,0.750853,0.681810,0.718676,0.010000,0.293159,406.325994
127,0.374140,0.801677,0.474412,0.826086,0.047511,0.804323,0.764505,0.672988,0.713922,0.010000,0.293523,410.136066
128,0.374798,0.796389,0.478582,0.853610,0.048135,0.802617,0.759386,0.688710,0.718687,0.010000,0.293273,408.679887
129,0.373225,0.805404,0.448586,0.833765,0.045825,0.806030,0.763367,0.683035,0.734476,0.010000,0.293174,406.625582
130,0.372799,0.799753,0.449517,0.848465,0.046210,0.799772,0.746871,0.712042,0.747415,0.010000,0.293226,406.524573
131,0.378627,0.793748,0.469920,0.851257,0.048169,0.800910,0.750853,0.675882,0.710763,0.010000,0.293524,406.040009
132,0.371764,0.792926,0.472328,0.808289,0.047612,0.802048,0.770762,0.664356,0.720296,0.010000,0.293245,406.601850
133,0.371668,0.782294,0.443751,0.801742,0.046474,0.802617,0.759954,0.700648,0.727987,0.010000,0.293335,406.691554
134,0.369250,0.795203,0.433234,0.848115,0.045839,0.804323,0.773038,0.695601,0.734453,0.010000,0.293176,408.808699
135,0.371209,0.803314,0.450243,0.818843,0.047814,0.796359,0.732082,0.704125,0.721864,0.010000,0.293221,406.988860
136,0.370348,0.797810,0.457450,0.842803,0.047497,0.806030,0.761092,0.708350,0.732108,0.010000,0.293437,406.079382
137,0.372200,0.796934,0.446137,0.838718,0.047096,0.801479,0.774175,0.692266,0.730718,0.010000,0.292971,406.587602
138,0.370381,0.791792,0.454067,0.846910,0.047203,0.798066,0.767349,0.689375,0.730392,0.010000,0.293266,407.546260
139,0.368327,0.795967,0.447421,0.845424,0.046986,0.806598,0.730944,0.719727,0.730999,0.010000,0.293884,406.601573
140,0.370667,0.793277,0.464111,0.839835,0.048321,0.799772,0.744027,0.692913,0.727962,0.010000,0.293456,406.728384
141,0.367360,0.792121,0.448012,0.828245,0.047209,0.801479,0.779863,0.670040,0.724713,0.010000,0.293189,406.825885
142,0.365561,0.794119,0.456202,0.851487,0.047740,0.803185,0.726394,0.712182,0.725944,0.010000,0.293486,406.517155
143,0.366834,0.791882,0.432635,0.810746,0.045462,0.807736,0.770193,0.705349,0.742880,0.010000,0.293245,406.776414
144,0.365821,0.787094,0.455584,0.888971,0.047040,0.803754,0.762230,0.707143,0.737786,0.010000,0.293348,406.845476
145,0.372273,0.795241,0.450930,0.802518,0.046713,0.810011,0.776451,0.690537,0.711774,0.010000,0.292699,406.493882
146,0.365927,0.790978,0.479371,0.856925,0.048016,0.802048,0.749716,0.698106,0.728316,0.010000,0.292881,407.666799
147,0.370419,0.806757,0.456114,0.846930,0.047537,0.799204,0.747440,0.697411,0.727622,0.010000,0.293413,406.329905
148,0.363675,0.794407,0.440485,0.859024,0.046046,0.803185,0.765643,0.712597,0.746898,0.010000,0.293365,406.425846
149,0.364081,0.792639,0.454624,0.844687,0.048412,0.795791,0.778726,0.660735,0.711833,0.010000,0.292999,405.974445
150,0.362141,0.799514,0.468482,0.874899,0.048723,0.804323,0.770762,0.672075,0.708872,0.010000,0.293579,406.466146
151,0.361586,0.795313,0.451809,0.787100,0.046379,0.806030,0.782139,0.669792,0.724600,0.010000,0.293031,406.622795
152,0.364526,0.803714,0.445090,0.869277,0.046532,0.802617,0.767918,0.699109,0.732947,0.010000,0.293158,406.177416
153,0.364810,0.787997,0.464314,0.888695,0.046997,0.806030,0.773038,0.695395,0.730540,0.010000,0.293093,406.051751
154,0.366052,0.797935,0.469283,0.840032,0.047305,0.804323,0.746303,0.705997,0.722135,0.010000,0.293476,406.160138
155,0.361837,0.793036,0.462835,0.832401,0.046798,0.807736,0.758248,0.686689,0.722608,0.010000,0.292861,406.594901
156,0.361481,0.799213,0.467365,0.860598,0.047088,0.800341,0.765074,0.688310,0.733688,0.010000,0.292865,406.320403
157,0.361167,0.788052,0.463361,0.859068,0.047799,0.798635,0.751422,0.688229,0.728596,0.010000,0.292709,408.303076
158,0.362461,0.797511,0.458521,0.839161,0.047985,0.806598,0.782708,0.669708,0.712295,0.010000,0.293314,406.581767
159,0.361130,0.798974,0.451785,0.790966,0.046425,0.810580,0.766780,0.713110,0.730314,0.010000,0.292894,410.422560
160,0.365730,0.793639,0.459957,0.881838,0.047458,0.807167,0.744027,0.705185,0.733143,0.010000,0.293415,408.144196
161,0.362607,0.788976,0.462416,0.827229,0.046427,0.808874,0.771900,0.704738,0.732919,0.010000,0.293068,408.371796
162,0.363144,0.779880,0.497378,0.866887,0.049344,0.802048,0.755973,0.682708,0.709072,0.010000,0.293013,406.992035
163,0.360214,0.786885,0.484468,0.819190,0.048322,0.803185,0.752560,0.668665,0.703453,0.010000,0.293186,409.766975
164,0.364714,0.783576,0.473364,0.821688,0.048122,0.802048,0.736064,0.692642,0.723848,0.010000,0.293125,407.724115
165,0.359637,0.809535,0.463711,0.847626,0.046771,0.804892,0.754266,0.683807,0.727642,0.010000,0.293131,406.215045
166,0.362603,0.802035,0.439523,0.820297,0.045208,0.810011,0.769056,0.727249,0.748082,0.010000,0.293181,407.566434
167,0.357289,0.783666,0.461243,0.809168,0.046844,0.807167,0.763936,0.688403,0.732682,0.010000,0.293522,406.342661
168,0.359179,0.795205,0.470077,0.865705,0.048458,0.798066,0.754835,0.699900,0.729313,0.010000,0.293247,406.761155
169,0.358250,0.788743,0.464983,0.815915,0.046174,0.810011,0.771900,0.692712,0.733196,0.010000,0.292905,407.988027
170,0.353017,0.816676,0.452387,0.885436,0.046152,0.811149,0.775882,0.708308,0.741928,0.010000,0.293069,407.248396
171,0.358296,0.806143,0.444461,0.826785,0.046485,0.810011,0.790671,0.694625,0.734379,0.010000,0.292959,407.234417
172,0.355655,0.789693,0.475808,0.926184,0.049430,0.799772,0.759954,0.697259,0.709807,0.010000,0.293021,406.688767
173,0.358101,0.796150,0.483063,0.908674,0.050428,0.795791,0.741752,0.684008,0.715104,0.010000,0.292998,407.759225
174,0.360897,0.803451,0.467529,0.909495,0.048739,0.802617,0.769056,0.688745,0.716107,0.010000,0.293912,406.993200
175,0.354878,0.793264,0.443950,0.804341,0.045441,0.811718,0.764505,0.698435,0.732435,0.010000,0.293108,407.427966
176,0.358400,0.799724,0.473143,0.842987,0.049490,0.795222,0.745734,0.687732,0.711711,0.010000,0.292678,407.098604
177,0.358151,0.794099,0.483436,0.818981,0.048134,0.807167,0.764505,0.666814,0.699392,0.010000,0.293003,406.663568
178,0.357074,0.784372,0.478841,0.861612,0.047636,0.803754,0.764505,0.682462,0.720876,0.010000,0.293106,406.532363
179,0.353856,0.787614,0.456710,0.863401,0.047332,0.804892,0.780432,0.671115,0.719672,0.010000,0.293137,406.414976
180,0.354522,0.786775,0.456120,0.870762,0.048696,0.796928,0.780432,0.671826,0.719591,0.010000,0.293086,406.742057
181,0.357604,0.796825,0.472787,0.848358,0.048533,0.802617,0.786121,0.661114,0.706018,0.010000,0.292988,407.226819
182,0.358926,0.790260,0.467767,0.849256,0.048165,0.806598,0.755404,0.694361,0.718158,0.010000,0.293412,407.106023
183,0.359066,0.797872,0.456843,0.876325,0.047349,0.800341,0.770193,0.694204,0.732001,0.010000,0.293335,407.478168
184,0.358066,0.794250,0.465337,0.822987,0.046899,0.802617,0.751991,0.683248,0.724273,0.010000,0.293190,406.523734
185,0.351185,0.800145,0.493446,0.904415,0.052752,0.788396,0.689989,0.669247,0.689831,0.010000,0.293100,411.849538
186,0.355234,0.796534,0.464728,0.808010,0.047147,0.812856,0.736064,0.718090,0.726161,0.010000,0.293350,417.268458
187,0.353602,0.802488,0.437714,0.857907,0.045727,0.804323,0.771331,0.701834,0.749035,0.010000,0.292899,417.194799
188,0.350988,0.805861,0.466949,0.853285,0.047407,0.808874,0.754835,0.712972,0.727927,0.010000,0.293163,417.119081
189,0.350642,0.791027,0.463690,0.832427,0.046512,0.812287,0.773038,0.696404,0.730739,0.010000,0.292935,417.328074
190,0.354814,0.784346,0.456542,0.817254,0.046556,0.802617,0.757110,0.706454,0.733557,0.010000,0.293095,417.867385
191,0.350105,0.791294,0.488873,0.941241,0.050710,0.791240,0.757110,0.671769,0.713653,0.010000,0.293424,417.488363
192,0.347744,0.782909,0.477954,0.881835,0.048776,0.796928,0.767918,0.680950,0.725898,0.010000,0.293143,417.672176
193,0.354662,0.815067,0.463552,0.859043,0.047367,0.806030,0.756542,0.705565,0.726761,0.010000,0.293144,417.827479
194,0.358474,0.804123,0.461411,0.835631,0.046826,0.804892,0.758248,0.678895,0.725778,0.010000,0.293794,417.365688
195,0.352620,0.789426,0.475032,0.862111,0.047688,0.806030,0.766780,0.674287,0.719098,0.010000,0.293517,407.200106
196,0.352542,0.791803,0.473170,0.845155,0.047420,0.802617,0.764505,0.686237,0.718745,0.010000,0.293241,406.618614
197,0.350315,0.791125,0.457547,0.867183,0.046553,0.808874,0.750284,0.710996,0.731565,0.010000,0.293216,406.293979
198,0.351599,0.810424,0.446938,0.854527,0.046212,0.802617,0.773606,0.695307,0.741525,0.010000,0.293389,406.946754
199,0.347292,0.802126,0.446342,0.856511,0.045447,0.808874,0.770762,0.714449,0.746464,0.010000,0.293346,411.316502
200,0.347209,0.807882,0.497518,0.801922,0.049520,0.806030,0.788396,0.627458,0.674507,0.010000,0.293599,416.303819
