7.776881
5.439924
5.652561
5.693673
5.953744
6.284231
5.013179
5.726466
5.689678
4.621533
6.178262
5.961418
5.635056
5.425736
5.935024
5.053548
5.711002
5.462077
6.556784
6.706065
6.644305
6.160572
5.715812
5.388157
5.404175
5.912311
5.873509
4.764336
6.514485
4.741148
5.991205
6.499035
5.538078
6.373964
6.772320
6.022212
5.209579
5.904737
6.053001
6.380934
6.349476
6.185190
5.552142
5.794082
6.286012
6.074806
6.230780
5.574246
6.019267
6.159595
5.534292
5.651171
5.424297
5.759917
5.915847
5.204586
5.579259
5.532055
5.437974
6.257953
5.984180
5.343217
4.983504
5.998789
5.670322
6.412168
6.396199
5.630230
5.106448
6.113915
6.207319
5.613223
5.730063
5.135966
5.643431
6.713395
5.931797
5.290824
5.774850
6.071377
5.633528
5.305054
6.390643
5.468419
5.975882
5.608346
5.959559
5.756086
4.779174
6.341325
6.567539
5.707815
5.699654
5.285243
5.636457
5.573609
5.642065
4.979162
5.775689
5.720653
6.079681
6.040270
5.102423
5.117700
5.257978
5.992005
5.921346
6.788186
7.178464
4.990617
6.662146
5.997737
5.708328
5.114232
5.504510
5.918227
7.097568
5.558160
5.214064
6.338719
5.064936
5.478653
5.704871
6.431088
6.079181
5.844461
5.828492
6.390647
5.921553
5.507147
5.608365
6.662709
5.318615
5.247959
6.528865
5.489460
5.434429
6.184086
6.425930
4.839650
5.550245
4.667090
5.033935
5.517968
6.228563
6.111034
5.313817
5.813475
5.250634
5.953418
6.070264
6.296485
5.241457
5.116116
6.600150
5.138872
5.529157
4.872566
4.856601
5.059386
6.059046
6.543082
5.488054
5.792402
6.096750
5.807349
6.361697
5.681671
6.298519
7.196618
5.368155
6.352191
5.469041
5.242140
6.546489
5.991464
5.694251
6.232976
6.037326
6.607301
6.028839
5.669127
5.285978
6.121579
5.058742
5.378718
6.159632
5.276483
6.096459
5.767998
4.994225
4.728264
6.641991
6.100126
6.305383
5.531610
5.539088
6.351253
5.569668
6.334958
6.100249
6.060852
5.576143
6.177371
5.825475
6.934516
5.270120
5.215099
5.949140
6.276932
5.081286
5.729391
5.330620
5.556850
5.642455
5.931185
5.313665
5.438333
6.063001
6.554856
6.023275
5.233880
6.046049
5.147280
6.279761
6.162243
5.966599
5.841268
5.067500
5.567169
5.629339
5.691508
5.566178
5.909598
5.393643
6.151126
5.932046
6.181717
5.720450
4.993558
5.836978
5.485087
6.000383
5.789117
5.093476
5.710335
6.006881
5.420615
5.342162
6.029334
4.818069
5.919304
5.793976
5.910836
6.355821
5.777369
6.495792
5.612653
5.284201
5.463562
6.525735
5.798846
5.579770
4.962256
5.602555
5.430354
6.523779
5.507828
5.171565
5.304052
5.280289
5.490902
5.139014
5.662127
4.583677
5.528665
6.129903
6.418641
6.027692
5.621118
6.136419
5.581408
6.088897
6.885448
5.424187
5.587926
5.298541
5.806030
6.055707
6.172572
5.138395
5.492239
6.171604
5.624407
5.522523
6.764388
5.889066
5.779369
5.154048
5.349039
5.067468
5.364021
5.684013
6.043067
5.581808
5.706488
5.143667
5.401159
6.346151
6.088019
6.564261
5.063941
5.126121
5.188302
5.234857
5.937663
5.179531
4.858899
5.796080
5.991074
6.131380
6.560749
5.513555
5.396049
4.981669
5.942288
6.848220
6.199464
4.996022
5.042579
5.948512
4.987257
5.619752
5.314747
6.298805
6.462551
6.227859
5.586917
5.320976
5.875347
5.398468
5.499715
5.975961
5.710020
6.022204
5.592201
6.045011
5.943133
6.106880
5.231565
5.004688
5.496561
5.582183
5.808431
5.808117
5.081240
6.073113
5.314986
6.634985
5.681546
5.493732
6.305919
6.297793
6.164667
5.406541
6.289041
5.937165
6.554040
5.670915
5.123727
5.599977
6.568415
4.575915
5.786541
5.122166
5.528104
6.551230
5.480606
6.394357
6.253421
5.440609
5.659048
5.494675
5.814676
5.853428
5.876555
5.134057
4.827003
5.352187
5.601877
5.515629
6.304382
4.890009
5.803762
5.873765
5.771894
4.873147
5.974400
6.270966
6.497220
5.934411
5.254415
5.433794
6.261611
6.237865
4.885994
6.080999
5.908816
5.236633
5.072263
5.548518
5.727898
5.915091
6.180409
6.359789
5.109482
5.366988
5.561994
6.233563
6.084819
6.045450
5.490456
5.630775
6.036719
5.723913
6.137670
6.637365
4.496434
5.644567
6.050511
5.308019
4.932714
5.354284
5.611792
5.181800
5.564308
5.665566
6.173075
4.930583
6.219342
5.984663
6.093734
5.538743
6.749377
4.991261
6.014395
5.639092
5.107539
6.177549
5.224121
6.184756
5.114141
5.199776
6.199474
5.558547
5.745745
5.604818
5.081079
4.705777
5.330476
6.095799
6.306435
5.267072
5.477708
6.055532
5.664607
5.562743
6.304630
6.148080
5.343092
6.249042
5.600304
4.607817
5.201267
6.177530
5.778793
5.528493
5.145381
5.426332
7.090095
5.074172
5.683248
5.690761
5.877963
5.481694
5.455491
5.658318
5.017394
6.165534
5.430861
5.657126
6.602141
5.617468
5.859358
5.343436
5.671263
5.460029
5.858169
6.232873
5.498201
5.193217
4.896045
5.606686
5.418890
5.754532
5.191736
6.144565
5.448956
5.526786
4.549928
5.049632
4.697774
4.775604
6.361247
5.142202
5.243469
5.649425
6.242880
4.734773
6.273541
4.913872
6.546390
5.991409
5.498927
6.303321
6.107715
5.591797
5.669628
6.450585
6.372167
4.481248
5.551268
6.832225
6.316308
5.909765
6.198535
5.729493
5.666700
7.057033
6.127054
6.158012
4.720220
4.954304
5.539949
5.813095
5.515929
6.210950
5.812222
5.593181
5.874140
5.006662
5.842309
6.412331
5.638603
5.489875
5.481773
5.512733
6.035880
4.519965
6.355613
5.738136
5.456596
5.581307
4.932580
6.346354
5.635127
5.791089
6.025175
5.032699
4.821473
6.274309
5.109959
4.726858
6.000007
5.726282
5.225994
5.827269
5.444169
5.529819
6.724844
6.099557
4.330492
5.169295
5.817446
5.981221
5.652810
5.175961
4.964737
5.495700
4.839164
4.870128
6.237029
5.392994
4.650520
5.267422
5.853074
5.782476
4.829066
6.039718
5.789433
4.711023
5.538863
6.327641
4.710169
5.733322
5.311163
5.943691
5.443407
6.646248
5.786589
5.551930
5.215709
5.356050
5.387017
5.035171
5.659887
5.995542
5.909321
6.198101
4.604068
5.478785
5.751940
5.079783
5.290438
5.633906
6.578936
6.227092
5.586185
6.476528
5.991871
6.132215
6.077246
5.381652
6.115746
5.302965
5.255809
5.169590
6.911497
5.590904
5.793748
5.863781
6.121313
5.769470
5.558252
4.792347
5.346755
5.408975
5.338383
4.689666
5.501887
5.806295
5.915391
5.915112
5.500770
5.156741
6.422088
5.109309
5.038718
5.413440
6.131911
6.116008
5.920417
5.467015
5.849549
5.958646
5.856806
5.192466
5.903126
5.762224
5.918197
6.175732
5.737955
6.229866
6.292089
5.135563
5.854036
5.541260
5.431608
6.022478
5.009181
5.571405
6.602379
6.094291
5.187765
6.164053
5.327839
5.561939
6.202289
5.795764
4.764239
5.576464
5.482439
5.575915
4.841265
5.637866
5.184466
5.301380
5.472981
5.316457
5.323995
5.089346
5.206260
5.604424
5.135401
5.955440
5.728604
6.790831
5.181183
5.587160
4.438450
5.172552
5.211342
5.976695
5.874860
6.288650
5.460253
6.374044
5.873772
5.607875
5.131041
5.318269
6.122685
5.559914
4.614330
6.106246
5.480975
4.902579
6.175746
5.323913
5.956455
5.401497
4.768414
5.822831
4.814748
6.009791
5.282959
4.884251
6.266794
5.477462
5.547505
6.312860
4.468841
5.812322
6.397990
4.983659
5.756827
5.615934
6.154728
5.240396
4.888565
4.747672
5.864591
6.137761
5.676555
6.090350
5.793207
5.347627
5.800484
5.964279
5.792137
6.369995
5.658790
6.502273
6.064506
5.736114
5.626472
4.712143
5.602502
5.602235
5.648844
5.625140
5.476437
6.491796
5.600905
6.327202
5.680417
4.850108
5.842030
5.005827
5.302437
6.731859
5.770657
4.989142
5.785752
4.683925
4.871160
5.675583
5.331569
6.167242
5.448228
5.822964
4.932075
5.088061
5.939360
5.462534
6.235708
5.657319
4.844556
5.773980
4.929967
5.398454
5.585691
5.905741
5.264853
5.280216
5.670578
5.357816
5.607553
6.740104
5.442967
4.911455
5.903380
4.949994
5.137232
5.105720
5.207021
6.058323
4.683061
5.479675
5.409102
5.869778
4.697643
6.166132
5.384621
5.478111
6.384100
5.633840
5.664830
5.570820
5.172122
6.218738
6.046603
6.218218
5.647646
5.428636
5.287752
5.717180
5.427859
6.669787
6.364841
5.677082
6.051823
5.153127
5.324744
5.355735
6.292977
5.964594
5.878398
4.909390
5.307570
5.174499
4.986742
5.455234
5.806539
5.251594
6.548212
5.868267
5.625823
5.367753
5.453434
6.281302
5.351358
5.780789
5.171157
4.913089
5.912832
5.748514
5.685758
6.248002
6.044621
5.911553
5.708172
4.391990
5.106098
5.004281
5.675900
6.316270
5.480078
5.893885
5.167068
5.229313
5.697809
5.385054
5.197300
6.064233
4.813979
6.048100
6.305658
5.555404
5.453588
5.961147
7.109331
5.905952
5.351011
6.077321
6.116130
5.561189
5.857811
5.240371
6.036993
5.271115
5.286488
6.270610
5.067233
4.895106
5.621416
5.191477
5.128725
4.925348
6.089158
5.831094
5.002718
5.775904
5.322527
4.837901
5.595462
5.673336
6.196523
5.743147
6.055396
5.109833
5.789270
4.906207
4.804394
6.257269
5.139831
5.569269
4.834644
4.748456
5.201331
4.904207
5.989895
5.661520
5.403458
6.176647
5.426398
5.355836
4.754025
4.660026
6.206652
6.081403
6.042092
5.291844
5.244720
5.252285
4.783286
6.103351
5.259353
4.876293
6.063545
5.633610
6.359924
5.937802
6.164117
5.296682
5.140185
5.038376
5.483441
5.647257
6.201698
5.506138
4.990267
5.232208
5.310086
6.114528
5.981469
5.301535
5.449727
6.269793
6.104526
5.394302
6.620619
5.385998
5.409191
5.573008
5.408700
5.572517
5.111335
6.267340
6.267095
5.321538
6.118168
5.117924
5.312992
5.117435
5.109378
5.945072
5.218265
5.163334
5.686527
5.334721
5.537602
5.537359
6.474616
5.818122
5.950692
5.989511
5.356455
6.004650
4.215345
5.926039
4.871109
4.698992
5.136249
5.096944
5.807639
5.705835
5.596218
5.986601
6.478546
5.298617
4.868688
4.649696
5.829142
5.680463
5.469285
6.156543
4.656302
6.796686
5.132383
5.616517
6.335026
5.459786
5.561108
5.576492
5.771564
5.513512
5.521084
5.927094
5.356541
5.387552
5.012312
5.621447
5.269645
5.316281
6.566041
5.495489
5.878063
6.409074
4.408835
5.588283
5.142732
5.337806
5.251630
5.274829
5.321465
5.125914
5.008489
5.062938
5.601762
5.257775
5.609099
5.772924
5.600811
5.897449
5.944086
5.186036
5.857674
5.310562
5.700950
6.310088
4.833288
4.575239
6.176565
5.356016
5.129217
5.274128
5.503744
4.886320
6.386084
5.448348
6.151237
4.674439
4.767953
5.783342
4.587794
5.689121
5.227949
5.493338
5.891541
5.805368
5.094195
6.484585
4.820288
5.663804
5.476069
5.585209
5.733412
6.170678
4.990756
5.779585
6.404351
4.880679
4.833570
5.520836
5.200290
6.278182
5.317011
5.715215
5.636856
5.878811
4.964515
6.058032
5.893737
5.596629
6.721396
5.986788
5.541243
6.658198
4.790778
5.056171
5.454376
4.438519
5.407037
5.875555
5.437824
4.492279
5.874860
5.523066
5.780647
5.288228
5.233310
6.178391
6.006285
5.670116
6.083948
5.505592
5.239736
4.887943
5.442400
5.535920
5.418502
4.988584
5.230542
4.495936
5.831644
6.276727
5.698372
4.776267
5.010413
6.017996
6.041204
5.345662
6.696995
5.798328
5.696537
5.024433
5.086704
5.344288
4.976871
5.851643
5.765477
4.429311
4.757208
5.881979
5.280189
5.100273
4.920358
5.342005
5.998027
5.341550
5.560072
5.512969
6.006026
5.637515
6.082600
6.199560
5.152458
5.386606
7.175442
5.214278
5.284363
5.916949
5.416723
6.283684
4.830333
5.861356
4.681443
5.204654
5.555991
6.297952
5.172727
5.453751
5.664463
6.031425
6.124950
5.640349
5.444811
5.796149
4.850611
6.022261
6.084536
4.849937
5.334087
4.935425
6.357075
5.942788
4.926939
5.207965
4.285866
5.762204
5.269793
4.886756
4.613095
5.300371
5.362648
5.354612
6.010638
5.955727
5.307067
5.892781
6.322245
5.540772
5.892112
5.970014
5.727604
5.219569
5.977159
4.765999
4.679839
5.015554
5.616894
5.991672
5.507075
5.405291
5.795694
5.357972
5.131188
5.404404
5.513558
5.161774
5.505302
5.466019
4.989235
5.629639
5.691918
5.543260
5.722727
5.660006
5.128535
5.753315
4.776532
5.252874
5.072966
4.361809
5.525651
5.423869
6.048649
4.470304
5.837272
5.352677
4.407145
6.250676
5.250456
5.078362
5.312518
5.327924
5.905830
6.210298
5.194455
5.072114
5.233080
6.225049
5.381080
5.810549
5.029081
5.989800
5.403645
5.379989
5.200084
5.223303
4.902773
6.371305
6.433588
5.495870
4.972215
5.550123
5.503031
5.690313
6.088534
5.424254
5.408412
5.103508
5.657979
5.454637
5.790358
5.922954
5.414925
6.070959
4.242618
6.258027
5.953123
5.273220
4.796441
5.921226
5.756947
5.897357
4.858079
5.334426
5.287335
5.318370
5.083780
5.653877
6.677100
5.380010
5.028233
5.387393
4.598116
4.918214
5.308624
6.105285
5.644133
5.222044
5.667142
5.260678
5.619839
5.236813
4.885036
5.791073
4.673671
4.751583
5.391994
5.024594
5.422818
4.828855
4.125517
5.789366
5.281341
5.367065
5.937165
6.647890
5.796115
5.249027
5.748815
5.397040
5.529640
5.974740
5.630778
5.255566
5.224104
5.278580
5.106493
5.340657
5.184195
5.652734
5.754085
5.621061
5.300537
4.823763
5.440740
5.456154
5.159068
5.611982
5.682084
6.166248
5.181663
5.525202
5.735518
