epoch,train_loss,train_xent,valid_loss,valid_xent,valid_xent_accuracy,valid_exp_accuracy,valid_xent_qwk,valid_exp_qwk,learning_rate,mb_time,time
1,1.741814,1.873798,1.514467,1.670351,0.341837,0.376822,0.688624,0.693533,0.001000,0.125475,131.742389
2,1.421035,1.594201,1.344036,1.570940,0.367347,0.417638,0.764273,0.782638,0.001000,0.107701,127.894138
3,1.286162,1.538986,1.235367,1.533024,0.377551,0.438776,0.803992,0.802502,0.001000,0.107619,127.171648
4,1.188072,1.510128,1.132644,1.496807,0.395773,0.469388,0.838415,0.850161,0.001000,0.107837,127.910243
5,1.110204,1.492502,1.074050,1.487314,0.402332,0.470845,0.838805,0.849701,0.001000,0.107590,127.758545
6,1.040016,1.471784,1.027421,1.485282,0.410350,0.470845,0.823670,0.836972,0.001000,0.107575,127.506805
7,0.983328,1.456642,0.973036,1.477935,0.435860,0.488338,0.846083,0.860777,0.001000,0.107548,127.835855
8,0.941275,1.449336,0.938754,1.473135,0.364431,0.495627,0.835980,0.882283,0.001000,0.107565,128.305472
9,0.895927,1.432297,0.892487,1.454036,0.423469,0.533528,0.861377,0.878874,0.001000,0.107686,128.600005
10,0.863288,1.424302,0.868891,1.452220,0.396501,0.531341,0.850615,0.882921,0.001000,0.107611,128.335502
11,0.829882,1.414722,0.838804,1.435767,0.411079,0.549563,0.844343,0.889052,0.001000,0.107579,128.589636
12,0.795561,1.398028,0.796861,1.413968,0.453353,0.579446,0.875900,0.900297,0.001000,0.107466,128.459736
13,0.772789,1.391070,0.785607,1.416691,0.459913,0.575073,0.873856,0.893736,0.001000,0.107581,128.734299
14,0.750144,1.384614,0.776859,1.425287,0.555394,0.491983,0.887261,0.872826,0.001000,0.107536,128.697081
15,0.735052,1.381880,0.747065,1.407049,0.430029,0.553936,0.869305,0.886751,0.001000,0.107564,128.737700
16,0.719380,1.379186,0.738532,1.412687,0.533528,0.527697,0.880082,0.888898,0.001000,0.107604,128.494570
17,0.704475,1.375038,0.722252,1.403011,0.453353,0.604956,0.883439,0.910739,0.001000,0.107531,128.519001
18,0.684041,1.364191,0.703844,1.396273,0.453353,0.602770,0.873720,0.909218,0.001000,0.107513,128.570237
19,0.674686,1.363979,0.697088,1.399433,0.465743,0.599854,0.887999,0.913309,0.001000,0.107896,128.241628
20,0.665267,1.362178,0.688000,1.395224,0.537901,0.610058,0.895611,0.908231,0.001000,0.107840,126.870729
21,0.647568,1.351800,0.682529,1.396916,0.519679,0.598397,0.897102,0.905245,0.001000,0.107909,127.648337
22,0.642612,1.353740,0.682749,1.411128,0.525510,0.595481,0.891853,0.902954,0.001000,0.107918,128.420908
23,0.634225,1.352131,0.676119,1.408684,0.433673,0.586735,0.886075,0.910699,0.001000,0.108011,128.792079
24,0.625797,1.348951,0.681600,1.418258,0.408892,0.544461,0.867540,0.902226,0.001000,0.107934,128.632718
25,0.618087,1.346716,0.640305,1.381345,0.540087,0.609329,0.903195,0.915093,0.001000,0.108014,128.746256
26,0.608078,1.340042,0.648200,1.395932,0.459184,0.603499,0.894212,0.912075,0.001000,0.108184,129.285712
27,0.595273,1.335854,0.638746,1.386840,0.472303,0.618805,0.888830,0.924490,0.001000,0.108094,128.642257
28,0.592045,1.337472,0.620487,1.371943,0.468659,0.649417,0.892053,0.932281,0.001000,0.108062,128.564189
29,0.584148,1.332049,0.618596,1.378857,0.462828,0.656706,0.896465,0.932800,0.001000,0.107938,128.536229
30,0.578657,1.333736,0.609312,1.374311,0.543732,0.591837,0.905902,0.912779,0.001000,0.108031,128.569998
31,0.582585,1.341191,0.628123,1.389622,0.416910,0.611516,0.874785,0.925189,0.001000,0.107896,128.633658
32,0.572919,1.332681,0.603794,1.373078,0.544461,0.633382,0.912138,0.920754,0.001000,0.107881,128.520919
33,0.560539,1.321728,0.613983,1.383505,0.393586,0.560496,0.868509,0.904512,0.001000,0.107931,128.549117
34,0.558557,1.325675,0.607958,1.382513,0.509475,0.637755,0.906388,0.916625,0.001000,0.107888,128.534931
35,0.559099,1.328590,0.589332,1.372836,0.585277,0.629009,0.921554,0.922397,0.001000,0.107910,128.899687
36,0.551369,1.326003,0.595964,1.389624,0.454810,0.614431,0.888417,0.924824,0.001000,0.107916,128.756872
37,0.543147,1.319732,0.581074,1.367162,0.540087,0.666910,0.907216,0.931140,0.001000,0.107812,128.858089
38,0.539662,1.320034,0.581956,1.378859,0.593294,0.623907,0.910051,0.917839,0.001000,0.107835,128.725927
39,0.530461,1.313267,0.580529,1.371885,0.474490,0.670554,0.897202,0.931907,0.001000,0.107834,129.188004
40,0.532427,1.319370,0.602360,1.412631,0.585277,0.551749,0.893919,0.887015,0.001000,0.107864,128.686187
41,0.527408,1.313122,0.583877,1.386146,0.554665,0.626093,0.893671,0.923379,0.001000,0.107793,128.474623
42,0.521821,1.313932,0.569076,1.372390,0.495627,0.657434,0.890811,0.922764,0.001000,0.107800,128.549264
43,0.523968,1.315045,0.584334,1.382576,0.461370,0.637755,0.887678,0.925983,0.001000,0.107791,128.807719
1,0.503285,1.294875,0.545209,1.345395,0.509475,0.712828,0.909892,0.944727,0.000100,0.128649,130.844949
2,0.488165,1.280504,0.541295,1.342375,0.507289,0.711370,0.913557,0.947945,0.000100,0.108042,128.205613
3,0.482974,1.275153,0.537199,1.340799,0.539359,0.725219,0.916291,0.946824,0.000100,0.107886,128.150772
4,0.479583,1.273602,0.536180,1.343213,0.556851,0.733236,0.918790,0.950846,0.000100,0.108027,128.174275
5,0.475663,1.270742,0.529251,1.336660,0.538630,0.725948,0.919111,0.952310,0.000100,0.108090,129.097329
6,0.472685,1.267500,0.529623,1.339200,0.548834,0.729592,0.924574,0.952172,0.000100,0.107858,128.247249
7,0.470185,1.264073,0.531967,1.339587,0.551749,0.728134,0.915513,0.949620,0.000100,0.107837,128.683179
8,0.467931,1.264735,0.530341,1.341509,0.550292,0.724490,0.921151,0.948148,0.000100,0.107844,128.551129
9,0.465569,1.261045,0.524844,1.335762,0.510933,0.743440,0.915632,0.953991,0.000100,0.107916,128.607762
10,0.463126,1.261358,0.528578,1.340941,0.545918,0.734694,0.915657,0.949609,0.000100,0.107863,128.721527
11,0.461427,1.259147,0.522188,1.337086,0.549563,0.743440,0.921751,0.953093,0.000100,0.107798,128.836710
12,0.458130,1.257718,0.526237,1.344179,0.513848,0.735423,0.914542,0.950310,0.000100,0.107803,128.759865
13,0.456880,1.257471,0.520687,1.337028,0.512391,0.743440,0.915210,0.950639,0.000100,0.107924,129.175467
14,0.455192,1.255637,0.518999,1.338797,0.533528,0.757289,0.917733,0.954871,0.000100,0.107990,129.351030
15,0.453145,1.253414,0.522056,1.341870,0.520408,0.741983,0.913784,0.951910,0.000100,0.108009,128.887993
16,0.451391,1.252090,0.518878,1.341349,0.551749,0.750000,0.918800,0.954193,0.000100,0.107901,128.508067
17,0.449649,1.252447,0.520728,1.339568,0.533528,0.724490,0.912661,0.949533,0.000100,0.107972,129.028052
18,0.448688,1.250810,0.523641,1.343377,0.519679,0.737609,0.910967,0.947150,0.000100,0.107946,128.840833
19,0.447501,1.249824,0.512711,1.335223,0.552478,0.744169,0.921843,0.952001,0.000100,0.107950,128.812703
20,0.445215,1.248630,0.512202,1.335566,0.533528,0.755831,0.918918,0.954955,0.000100,0.107726,128.404602
21,0.442930,1.247248,0.516092,1.345848,0.531341,0.739067,0.914439,0.951490,0.000100,0.107777,128.444942
22,0.441818,1.248243,0.520163,1.353919,0.517493,0.741254,0.910808,0.949082,0.000100,0.107979,129.218551
23,0.440159,1.246796,0.515559,1.351856,0.548105,0.750000,0.914564,0.951323,0.000100,0.108023,129.088021
24,0.438753,1.245492,0.507254,1.333625,0.517493,0.760204,0.917390,0.956353,0.000100,0.107869,128.634152
25,0.437879,1.246585,0.505195,1.339789,0.526239,0.749271,0.920171,0.954615,0.000100,0.107950,128.820775
26,0.436549,1.243871,0.512140,1.342404,0.516764,0.751458,0.912316,0.952473,0.000100,0.107869,128.937228
27,0.434775,1.244064,0.508296,1.344949,0.518950,0.758746,0.913980,0.952562,0.000100,0.107935,128.831365
1,0.432072,1.241844,0.507901,1.343841,0.523324,0.746356,0.916336,0.953036,0.000010,0.128661,131.053980
2,0.430992,1.239999,0.509153,1.343306,0.524781,0.768222,0.913443,0.956088,0.000010,0.107787,127.690872
3,0.430617,1.239676,0.506462,1.342747,0.510933,0.769679,0.911699,0.955172,0.000010,0.107765,127.798826
4,0.430326,1.239360,0.507006,1.347454,0.525510,0.762391,0.913426,0.957225,0.000010,0.107828,127.706976
5,0.429531,1.239824,0.500288,1.335139,0.534257,0.758746,0.919469,0.956423,0.000010,0.107757,128.382616
6,0.429367,1.239139,0.507774,1.344341,0.530612,0.749271,0.916245,0.953344,0.000010,0.107848,128.954896
7,0.429019,1.238305,0.506118,1.338987,0.517493,0.763120,0.912758,0.951207,0.000010,0.107809,128.933328
8,0.428968,1.238695,0.508075,1.346358,0.543732,0.758746,0.917618,0.953925,0.000010,0.107792,128.837902
9,0.428487,1.237833,0.504320,1.341106,0.514577,0.767493,0.915009,0.955181,0.000010,0.107847,128.729387
10,0.427695,1.238660,0.510251,1.342799,0.521137,0.747085,0.913602,0.947595,0.000010,0.107775,128.817731
11,0.427993,1.238388,0.503439,1.340793,0.523324,0.763120,0.915232,0.955777,0.000010,0.107740,128.972549
12,0.427262,1.237409,0.507550,1.343522,0.531341,0.755831,0.916086,0.952832,0.000010,0.107682,128.710548
13,0.427233,1.236803,0.504658,1.341101,0.514577,0.759475,0.913174,0.954479,0.000010,0.107756,128.828583
14,0.426968,1.237267,0.505029,1.338506,0.529883,0.754373,0.917722,0.956293,0.000010,0.107772,128.943577
15,0.426568,1.237287,0.505559,1.339263,0.530612,0.744898,0.919539,0.953107,0.000010,0.107809,128.918284
16,0.426039,1.236621,0.505248,1.346794,0.544461,0.774781,0.917121,0.954663,0.000010,0.107843,128.953075
17,0.425877,1.236637,0.509037,1.343246,0.522595,0.743440,0.911892,0.951568,0.000010,0.107788,128.908548
18,0.425799,1.236495,0.509706,1.340979,0.511662,0.767493,0.907335,0.952961,0.000010,0.107730,129.006423
19,0.425541,1.235756,0.504947,1.342830,0.534985,0.760204,0.914456,0.953870,0.000010,0.107803,129.207493
20,0.425068,1.235104,0.503034,1.335965,0.540087,0.774052,0.916522,0.957287,0.000010,0.107676,128.798081
21,0.424755,1.235481,0.504808,1.337369,0.520408,0.758017,0.914575,0.953554,0.000010,0.107728,128.964169
22,0.424493,1.235956,0.512230,1.353779,0.521137,0.755831,0.911328,0.952191,0.000010,0.107780,128.922038
23,0.423755,1.235858,0.509944,1.350357,0.525510,0.759475,0.911483,0.951977,0.000010,0.107744,128.870084
24,0.423764,1.235584,0.501479,1.338411,0.529883,0.766764,0.916215,0.955938,0.000010,0.107791,128.985059
25,0.423201,1.235416,0.500361,1.337422,0.547376,0.760204,0.919624,0.954907,0.000010,0.107802,129.245997
26,0.422846,1.233183,0.507371,1.344040,0.532799,0.766764,0.912484,0.954065,0.000010,0.107809,129.110015
27,0.422423,1.234392,0.504863,1.345675,0.523324,0.762391,0.915903,0.954535,0.000010,0.107809,128.929762
28,0.425575,1.237060,0.501263,1.334917,0.543732,0.766764,0.917129,0.957551,0.000010,0.107825,128.911208
29,0.424999,1.236790,0.501546,1.341630,0.536443,0.761662,0.919092,0.957056,0.000010,0.107783,129.041720
