epoch,train_loss,train_xent,valid_loss,valid_xent,valid_xent_accuracy,valid_exp_accuracy,valid_xent_qwk,valid_exp_qwk,learning_rate,mb_time,time
1,1.977153,1.128906,1.903305,1.059298,0.667046,0.522482,0.191781,0.233436,0.000100,0.103036,586.690932
2,1.891074,1.052064,1.866205,1.032462,0.621799,0.478372,0.269791,0.283205,0.000100,0.095539,343.631120
3,1.847751,1.019602,1.831293,1.008912,0.708879,0.620945,0.237379,0.302907,0.000100,0.095617,344.165966
4,1.817764,1.001391,1.829033,1.018815,0.700911,0.615538,0.302410,0.324623,0.000100,0.095605,342.925693
5,1.790913,0.987038,1.785165,0.987777,0.665908,0.546670,0.337654,0.340186,0.000100,0.095602,343.385544
6,1.762799,0.971985,1.761203,0.977082,0.710586,0.620091,0.316507,0.349758,0.000100,0.095536,343.374126
7,1.739270,0.961923,1.742147,0.971687,0.693227,0.599032,0.358284,0.370941,0.000100,0.095549,343.685936
8,1.715460,0.951943,1.728426,0.971949,0.682129,0.579112,0.414643,0.421379,0.000100,0.095670,344.679612
9,1.692463,0.943039,1.703188,0.960922,0.705464,0.631190,0.341508,0.383703,0.000100,0.095582,343.749677
10,1.671594,0.936499,1.697870,0.970014,0.669892,0.539271,0.428970,0.418477,0.000100,0.095555,343.132759
11,1.651788,0.931125,1.655864,0.942472,0.696927,0.601594,0.383790,0.404389,0.000100,0.095715,344.117435
12,1.632872,0.926714,1.648775,0.949909,0.659932,0.551508,0.425744,0.426100,0.000100,0.095691,343.067418
13,1.607865,0.916240,1.630808,0.946465,0.691235,0.603870,0.385791,0.403032,0.000100,0.095767,344.749102
14,1.589597,0.912500,1.609079,0.939287,0.703472,0.636881,0.403955,0.421433,0.000100,0.095694,343.379675
15,1.569369,0.906778,1.585497,0.930161,0.715709,0.643995,0.371019,0.410440,0.000100,0.095757,343.759315
16,1.548697,0.900471,1.561184,0.920113,0.695504,0.599317,0.443839,0.459558,0.000100,0.095719,343.860129
17,1.535473,0.901446,1.556620,0.929648,0.699488,0.603870,0.423909,0.446309,0.000100,0.095581,343.210117
18,1.511283,0.891214,1.535379,0.922227,0.714001,0.659363,0.429306,0.458036,0.000100,0.095816,343.911830
19,1.491065,0.884701,1.526169,0.926608,0.697780,0.622368,0.445589,0.459228,0.000100,0.095743,344.845141
20,1.475123,0.882196,1.512960,0.926673,0.701480,0.639727,0.456862,0.477895,0.000100,0.095690,343.867999
21,1.458853,0.879052,1.498734,0.925404,0.705748,0.645134,0.448768,0.472858,0.000100,0.095587,343.478576
22,1.442650,0.875630,1.470280,0.909560,0.714001,0.641150,0.453346,0.484291,0.000100,0.095687,344.043965
23,1.426862,0.872271,1.466050,0.917555,0.687820,0.608139,0.488542,0.499681,0.000100,0.095760,344.136164
24,1.406215,0.863643,1.452138,0.915494,0.702334,0.615538,0.451839,0.469796,0.000100,0.095768,345.097085
25,1.396474,0.865540,1.418734,0.893476,0.700911,0.618953,0.507507,0.506159,0.000100,0.095647,344.109092
26,1.376447,0.856758,1.402330,0.888168,0.695504,0.622937,0.492071,0.500738,0.000100,0.095753,344.978426
27,1.361525,0.852668,1.397329,0.893769,0.724530,0.674445,0.463467,0.494952,0.000100,0.095661,344.355585
28,1.348230,0.849810,1.379000,0.885705,0.725953,0.659363,0.452793,0.488609,0.000100,0.095667,344.452408
29,1.337481,0.849152,1.371711,0.888321,0.722254,0.668184,0.482456,0.495311,0.000100,0.095761,345.646670
30,1.324937,0.846342,1.364608,0.890790,0.716562,0.645703,0.456752,0.481612,0.000100,0.095753,344.005295
31,1.311754,0.842539,1.345872,0.881246,0.721116,0.664200,0.460901,0.496686,0.000100,0.095869,344.562297
32,1.295763,0.835617,1.331683,0.875976,0.715139,0.643142,0.502883,0.520908,0.000100,0.095693,344.293802
33,1.287302,0.835923,1.315416,0.868340,0.718554,0.652533,0.509569,0.517798,0.000100,0.095788,344.395188
34,1.272650,0.829739,1.334446,0.895670,0.737052,0.692089,0.459096,0.485821,0.000100,0.095778,344.855554
35,1.264090,0.829287,1.301531,0.870692,0.710017,0.641434,0.503519,0.521376,0.000100,0.095814,344.374588
36,1.251261,0.824278,1.307650,0.884472,0.719693,0.659647,0.491585,0.504085,0.000100,0.095814,344.639624
37,1.243059,0.823587,1.284603,0.868783,0.722538,0.660216,0.517986,0.536784,0.000100,0.095719,344.563524
38,1.229252,0.816971,1.282374,0.873631,0.718554,0.663062,0.521120,0.532979,0.000100,0.095843,344.381758
39,1.216690,0.811364,1.265208,0.863274,0.729084,0.674730,0.496401,0.526061,0.000100,0.095787,347.443165
40,1.214753,0.816109,1.255231,0.859849,0.729084,0.662493,0.510495,0.527346,0.000100,0.095602,346.150385
41,1.201746,0.809481,1.244335,0.855151,0.708025,0.643142,0.556787,0.557668,0.000100,0.095654,344.225655
42,1.195502,0.809332,1.251214,0.868087,0.707171,0.623791,0.529678,0.526028,0.000100,0.095775,344.371249
43,1.183644,0.803416,1.230558,0.853239,0.705748,0.628059,0.536596,0.535722,0.000100,0.095853,344.904996
44,1.173010,0.798540,1.229796,0.858123,0.703756,0.641434,0.556083,0.559090,0.000100,0.095676,344.593548
45,1.166825,0.797839,1.205546,0.839237,0.730791,0.673307,0.532200,0.561102,0.000100,0.095722,345.723160
46,1.159968,0.796229,1.224014,0.862854,0.705464,0.615538,0.514350,0.518253,0.000100,0.095751,346.029652
47,1.154359,0.795657,1.218223,0.862054,0.732499,0.675868,0.520330,0.540898,0.000100,0.095749,344.840819
48,1.146735,0.792898,1.198963,0.847459,0.727661,0.668469,0.551048,0.565824,0.000100,0.095709,344.841323
49,1.136004,0.786802,1.177860,0.830979,0.731929,0.669038,0.569240,0.575448,0.000100,0.095771,345.053039
50,1.131098,0.786434,1.174447,0.832026,0.726807,0.658793,0.556651,0.575501,0.000100,0.095837,345.439647
51,1.126019,0.785739,1.171347,0.833218,0.729368,0.666762,0.563209,0.574331,0.000100,0.095769,345.460542
52,1.113543,0.777495,1.177325,0.843394,0.739328,0.680137,0.566265,0.565162,0.000100,0.095758,345.480734
53,1.107478,0.775545,1.173259,0.843294,0.726522,0.671599,0.567832,0.564860,0.000100,0.095836,345.076303
54,1.100510,0.772475,1.174335,0.848176,0.736767,0.682129,0.519201,0.547205,0.000100,0.095818,345.302525
55,1.102192,0.777881,1.138298,0.815844,0.739328,0.684121,0.551223,0.568061,0.000100,0.095814,346.051475
56,1.092431,0.771795,1.135301,0.816450,0.736767,0.683267,0.557386,0.567865,0.000100,0.095878,345.811794
57,1.087169,0.770037,1.148357,0.832924,0.747866,0.712578,0.541761,0.573781,0.000100,0.095766,345.456816
58,1.081230,0.767443,1.135704,0.823590,0.723108,0.655663,0.597866,0.592574,0.000100,0.095765,345.350588
59,1.074647,0.764090,1.136357,0.827427,0.724246,0.674445,0.578055,0.588659,0.000100,0.095779,344.701697
60,1.067161,0.759784,1.122414,0.816594,0.744451,0.694935,0.562032,0.573833,0.000100,0.095782,344.880360
61,1.064516,0.760182,1.135300,0.832466,0.734206,0.690666,0.517268,0.545695,0.000100,0.095817,344.391032
62,1.064653,0.763238,1.126601,0.826644,0.737906,0.682982,0.577063,0.588844,0.000100,0.095884,344.732513
63,1.055058,0.756506,1.118734,0.821556,0.728230,0.669038,0.578231,0.582844,0.000100,0.095835,344.989093
64,1.055395,0.759615,1.099678,0.805218,0.745020,0.704895,0.557392,0.589521,0.000100,0.095874,344.873679
65,1.049822,0.756712,1.095708,0.803892,0.741320,0.697211,0.585542,0.600395,0.000100,0.095841,345.536542
66,1.041635,0.751135,1.103617,0.814402,0.738475,0.684690,0.589676,0.590388,0.000100,0.095836,345.150161
67,1.034279,0.746341,1.109709,0.823041,0.741890,0.685828,0.574611,0.568835,0.000100,0.095874,344.615404
68,1.032485,0.746964,1.108391,0.824034,0.723961,0.669607,0.609940,0.621762,0.000100,0.095733,344.578316
69,1.030179,0.747010,1.094105,0.812138,0.733921,0.684690,0.621935,0.619083,0.000100,0.095632,343.386996
70,1.025537,0.744690,1.089574,0.809895,0.732499,0.681275,0.586994,0.609741,0.000100,0.095713,344.898605
71,1.022125,0.743514,1.085324,0.807845,0.734491,0.697211,0.587911,0.614873,0.000100,0.095699,344.392009
72,1.016078,0.739716,1.078223,0.803005,0.738759,0.696357,0.616340,0.614328,0.000100,0.095653,344.589130
73,1.013071,0.738838,1.083427,0.810231,0.731360,0.670746,0.590280,0.600566,0.000100,0.095693,344.203150
74,1.010585,0.738423,1.081531,0.810390,0.738190,0.689243,0.563307,0.583566,0.000100,0.095732,344.667068
75,1.005129,0.734983,1.083376,0.814228,0.745874,0.710871,0.580348,0.599716,0.000100,0.095640,344.350086
76,1.003747,0.735518,1.076760,0.809499,0.732783,0.685828,0.601536,0.610447,0.000100,0.095746,344.718192
77,0.994690,0.728347,1.057754,0.792366,0.740467,0.698919,0.628927,0.637389,0.000100,0.095740,344.444032
78,0.993868,0.729400,1.079094,0.815535,0.735060,0.688105,0.567333,0.575023,0.000100,0.095690,344.543690
79,0.993385,0.730744,1.080709,0.818958,0.738475,0.682698,0.608380,0.614005,0.000100,0.095715,344.532039
80,0.994471,0.733535,1.043522,0.783468,0.753557,0.708310,0.600343,0.615616,0.000100,0.095854,344.678502
81,0.985552,0.726343,1.052006,0.793687,0.760102,0.724530,0.611163,0.620367,0.000100,0.095804,345.571058
82,0.979559,0.722079,1.057301,0.800654,0.743312,0.694935,0.634780,0.631404,0.000100,0.095749,344.908604
83,0.978374,0.722571,1.045856,0.790897,0.752134,0.714855,0.612620,0.621781,0.000100,0.095787,344.913469
84,0.979317,0.725135,1.048529,0.795145,0.727092,0.663062,0.636611,0.631225,0.000100,0.095704,344.904646
85,0.971411,0.718777,1.049610,0.797738,0.738759,0.692089,0.641416,0.634336,0.000100,0.095691,345.043617
86,0.969904,0.718804,1.049631,0.799280,0.745589,0.705464,0.609853,0.623435,0.000100,0.095769,344.792172
87,0.965549,0.715941,1.028670,0.779803,0.752703,0.708025,0.626442,0.637474,0.000100,0.095816,344.325458
88,0.959086,0.711003,1.053783,0.806462,0.750996,0.700626,0.625255,0.624358,0.000100,0.095841,344.510837
89,0.959731,0.713127,1.052259,0.806392,0.742174,0.678998,0.613119,0.614686,0.000100,0.095833,344.680881
90,0.955841,0.710651,1.039323,0.794844,0.745304,0.702618,0.588452,0.608402,0.000100,0.095806,344.575415
91,0.958070,0.714296,1.040030,0.796917,0.739898,0.694081,0.598180,0.609428,0.000100,0.095771,344.765065
92,0.949645,0.707226,1.031925,0.790164,0.736483,0.696642,0.628135,0.641258,0.000100,0.095768,345.907367
93,0.951908,0.710734,1.014683,0.774085,0.741890,0.702334,0.624112,0.638911,0.000100,0.095829,344.559350
94,0.944072,0.704119,1.006981,0.767655,0.755549,0.719693,0.631715,0.641166,0.000100,0.096163,334.405984
95,0.943014,0.704278,1.020365,0.782207,0.754411,0.712294,0.633918,0.640645,0.000100,0.096440,332.764838
96,0.941614,0.704011,1.009210,0.772135,0.757257,0.723677,0.607356,0.634320,0.000100,0.096284,332.425063
97,0.935786,0.699330,1.016487,0.780607,0.755265,0.708025,0.618771,0.629142,0.000100,0.096483,333.396788
98,0.935502,0.700168,1.052724,0.817979,0.757257,0.714570,0.620486,0.630745,0.000100,0.096391,333.201440
99,0.928775,0.694553,1.025897,0.792201,0.758110,0.728515,0.585267,0.609879,0.000100,0.096381,332.680410
100,0.929354,0.696166,1.009634,0.776990,0.758680,0.718554,0.617310,0.627038,0.000100,0.096347,332.574837
101,0.918249,0.686123,1.009564,0.777950,0.754126,0.710302,0.626961,0.618546,0.000100,0.096286,333.161322
102,0.922212,0.691102,1.031401,0.800795,0.747866,0.698919,0.633026,0.629773,0.000100,0.096183,332.814672
103,0.917200,0.687077,1.010460,0.780822,0.761525,0.726238,0.613283,0.629374,0.000100,0.096048,333.086291
104,0.910918,0.681780,0.998064,0.769384,0.758395,0.725953,0.625659,0.639151,0.000100,0.095969,332.801684
105,0.914822,0.686579,1.010359,0.782588,0.755549,0.709163,0.620192,0.628533,0.000100,0.095920,332.308412
106,0.909720,0.682429,1.001605,0.774771,0.756688,0.716562,0.632913,0.639455,0.000100,0.095952,333.016594
107,0.905656,0.679315,1.021595,0.795709,0.762948,0.728515,0.592118,0.610612,0.000100,0.095924,332.139650
108,0.904731,0.679266,1.007879,0.782894,0.750711,0.719408,0.628007,0.633026,0.000100,0.095956,333.770515
109,0.902607,0.678032,1.001942,0.777819,0.752134,0.708879,0.655972,0.655453,0.000100,0.095903,332.400638
110,0.900914,0.677207,0.985357,0.762063,0.759249,0.719977,0.639262,0.653695,0.000100,0.095849,332.305883
111,0.899230,0.676346,1.006144,0.783692,0.751850,0.704041,0.651936,0.649915,0.000100,0.095848,332.994679
112,0.893327,0.671293,1.001749,0.780166,0.759818,0.722254,0.629532,0.636993,0.000100,0.095803,331.971063
113,0.892931,0.671722,1.021730,0.800914,0.756118,0.726238,0.614051,0.625639,0.000100,0.095866,333.682720
114,0.892307,0.671890,1.016800,0.796798,0.756118,0.717131,0.612593,0.630867,0.000100,0.095887,332.908896
115,0.887683,0.668060,0.998690,0.779433,0.761810,0.723392,0.598045,0.620040,0.000100,0.095868,332.427633
116,0.882585,0.663724,1.017467,0.798951,0.757541,0.718554,0.603211,0.607174,0.000100,0.095897,332.866453
117,0.881316,0.663177,1.006200,0.788424,0.759249,0.725953,0.594945,0.610266,0.000100,0.095869,332.512604
118,0.879540,0.662121,0.998518,0.781492,0.755265,0.711440,0.649524,0.647383,0.000100,0.095806,333.444386
119,0.878274,0.661588,0.994581,0.778246,0.762094,0.723677,0.630398,0.640412,0.000100,0.095895,333.004161
120,0.874482,0.658500,0.995624,0.779972,0.751850,0.711440,0.647162,0.655753,0.000100,0.095950,332.318896
121,0.873458,0.658143,0.998648,0.783686,0.758680,0.724530,0.624754,0.629229,0.000100,0.095937,333.579226
122,0.874715,0.660090,1.002654,0.788370,0.746443,0.700911,0.643091,0.646908,0.000100,0.095904,333.007001
123,0.868965,0.655019,0.987292,0.773644,0.751281,0.702903,0.646474,0.649931,0.000100,0.095850,332.322190
124,0.871617,0.658301,1.002437,0.789478,0.757257,0.709732,0.648839,0.645775,0.000100,0.095932,334.470039
125,0.863087,0.650440,0.982918,0.770588,0.761525,0.718270,0.626444,0.636195,0.000100,0.096084,334.543328
126,0.858506,0.646519,0.997871,0.786225,0.752988,0.704041,0.631468,0.635363,0.000100,0.095834,332.525356
127,0.861656,0.650301,0.987716,0.776671,0.765794,0.726807,0.617527,0.630097,0.000100,0.095759,332.645659
128,0.855668,0.644944,0.981448,0.770996,0.762379,0.727945,0.652090,0.649082,0.000100,0.095850,332.256305
129,0.857655,0.647519,1.001977,0.792142,0.753842,0.714855,0.643075,0.643194,0.000100,0.096000,333.899437
130,0.851296,0.641753,0.998096,0.788833,0.753273,0.715424,0.641875,0.642694,0.000100,0.095735,332.915933
131,0.851234,0.642265,0.996506,0.787837,0.760102,0.716847,0.629661,0.633041,0.000100,0.095818,332.428750
132,0.851341,0.642886,1.000287,0.792113,0.751850,0.713717,0.651582,0.654276,0.000100,0.095852,332.846701
133,0.847690,0.639803,0.980488,0.772878,0.754980,0.704041,0.641674,0.647379,0.000100,0.095852,332.578849
134,0.843172,0.635818,1.010183,0.803111,0.749004,0.696073,0.652042,0.645380,0.000100,0.095971,332.791210
135,0.840676,0.633818,0.992412,0.785805,0.760672,0.717416,0.639757,0.637581,0.000100,0.095952,334.106602
136,0.839647,0.633298,1.009285,0.803234,0.754980,0.707171,0.639141,0.640213,0.000100,0.095851,332.527700
137,0.834473,0.628672,1.007144,0.801598,0.756688,0.723961,0.643953,0.657728,0.000100,0.095711,332.097043
138,0.833608,0.628337,0.987011,0.781955,0.759249,0.717416,0.621780,0.631383,0.000100,0.095838,332.658542
139,0.836026,0.631245,0.983506,0.778973,0.765509,0.725669,0.646035,0.658536,0.000100,0.095824,331.628632
140,0.829409,0.625124,0.999091,0.795040,0.755549,0.717416,0.619047,0.631775,0.000100,0.095840,332.406290
141,0.828593,0.624782,1.006845,0.803272,0.765794,0.733068,0.615408,0.636625,0.000100,0.095790,332.175799
142,0.824026,0.620668,1.010360,0.807175,0.755834,0.715709,0.632567,0.638675,0.000100,0.095770,332.289814
143,0.820049,0.617089,0.987147,0.784427,0.759249,0.730222,0.649618,0.655139,0.000100,0.095791,334.362874
144,0.822875,0.620374,0.988408,0.786128,0.751565,0.716562,0.650024,0.653304,0.000100,0.095885,335.216879
145,0.818910,0.616857,1.012950,0.811104,0.759249,0.712863,0.637840,0.639559,0.000100,0.095868,335.726738
146,0.817576,0.615957,0.984243,0.782838,0.757257,0.722538,0.648069,0.664448,0.000100,0.095996,335.477314
147,0.811745,0.610552,1.011859,0.810869,0.759818,0.723961,0.625279,0.635558,0.000100,0.095902,336.262290
148,0.811756,0.610995,0.993123,0.792573,0.761525,0.711155,0.662686,0.655842,0.000100,0.095827,335.832790
149,0.813614,0.613239,1.014742,0.814566,0.764940,0.725100,0.636977,0.637018,0.000100,0.095934,336.417900
150,0.802824,0.602831,1.003090,0.803275,0.760956,0.726807,0.632885,0.643365,0.000100,0.095939,335.908134
151,0.805300,0.605684,0.979116,0.779693,0.767217,0.727661,0.668272,0.669852,0.000100,0.096020,339.033806
152,0.803701,0.604442,0.991867,0.792801,0.764940,0.724246,0.647907,0.654377,0.000100,0.095866,338.379543
153,0.800732,0.601839,1.010636,0.811932,0.753557,0.708879,0.648843,0.649826,0.000100,0.095855,338.576685
154,0.793709,0.595175,0.991785,0.793425,0.764371,0.720262,0.626351,0.637570,0.000100,0.095951,338.397850
155,0.797253,0.599085,1.030416,0.832455,0.760387,0.728799,0.623292,0.630632,0.000100,0.096472,350.757194
156,0.794831,0.597003,1.007745,0.810098,0.759533,0.724530,0.611026,0.618006,0.000100,0.096001,344.410188
157,0.796328,0.598840,0.983753,0.786438,0.774616,0.735913,0.646065,0.652636,0.000100,0.096154,344.088700
158,0.788652,0.591507,1.014563,0.817575,0.761241,0.724246,0.652423,0.656065,0.000100,0.096168,345.015206
159,0.789745,0.592904,1.017145,0.820480,0.767501,0.723392,0.655977,0.645501,0.000100,0.096415,348.394795
160,0.785989,0.589463,0.985431,0.789035,0.760102,0.717701,0.654685,0.652540,0.000100,0.096279,349.343591
161,0.780886,0.584632,0.995616,0.799494,0.756118,0.720546,0.655412,0.662461,0.000100,0.096444,351.937647
162,0.782240,0.586270,1.016228,0.820401,0.768924,0.735344,0.643234,0.645021,0.000100,0.096381,352.566078
163,0.777434,0.581749,1.003103,0.807549,0.768355,0.731929,0.646322,0.643365,0.000100,0.096387,353.646267
164,0.779490,0.584069,1.008159,0.812870,0.761241,0.717701,0.662015,0.658464,0.000100,0.096339,351.327906
165,0.777708,0.582567,1.001368,0.806379,0.761241,0.727945,0.638967,0.655434,0.000100,0.096419,353.120799
166,0.773425,0.578591,1.014561,0.819861,0.754696,0.715709,0.648932,0.658263,0.000100,0.096321,347.146324
167,0.772555,0.577994,1.020470,0.826066,0.757826,0.717416,0.640551,0.643907,0.000100,0.096367,351.914673
168,0.768435,0.574158,1.018160,0.824019,0.758964,0.718270,0.655437,0.654993,0.000100,0.096220,348.061943
169,0.768654,0.574610,1.036041,0.842129,0.753842,0.708594,0.653492,0.648764,0.000100,0.096172,347.540713
170,0.764563,0.570755,1.024744,0.831041,0.759533,0.726807,0.631207,0.647777,0.000100,0.096017,347.009089
171,0.762313,0.568743,1.014199,0.820755,0.768924,0.726238,0.645635,0.648181,0.000100,0.095945,348.007584
172,0.757650,0.564315,1.026111,0.832901,0.762664,0.725953,0.635756,0.636823,0.000100,0.096045,347.634725
173,0.751624,0.558533,1.018665,0.825691,0.764940,0.725669,0.656801,0.657476,0.000100,0.095764,345.251270
