233.839600
105.435555
85.846054
46.685608
64.647903
28.615639
25.275082
31.116608
14.770797
14.698038
8.897906
5.313656
1.818578
1.479668
3.377690
2.219871
6.375753
4.010958
1.404852
1.463274
0.834114
0.948379
1.224153
1.368007
1.010363
1.056442
0.751397
1.075070
1.109711
0.965900
1.222617
1.028921
0.829686
1.084490
1.071335
0.816378
0.863317
0.973241
0.963786
0.934585
0.831232
0.870513
0.977588
0.856625
0.888378
0.840984
0.931002
0.789835
0.992873
1.101428
1.068469
0.817216
0.890362
0.825018
1.221592
0.980495
1.463432
0.836082
1.349949
1.052818
1.152307
0.850023
1.060538
1.183374
0.899995
0.921959
1.046470
0.936976
1.075357
0.930134
0.957323
0.900145
0.735055
0.769174
1.035016
0.975950
0.942031
0.875518
0.989316
0.972437
0.909450
0.708669
0.991745
1.053790
1.014539
0.883555
0.955184
0.905735
0.825864
0.886282
0.932136
1.042880
0.735735
0.884568
0.889192
0.880514
0.870149
0.878705
0.835246
0.826415
0.969058
0.985453
0.919039
0.907071
0.943443
0.899750
0.968629
0.761868
1.100142
1.174607
0.946828
1.104436
0.799012
0.847186
0.798592
1.030083
0.840624
0.905030
0.950525
1.055183
1.307859
0.862542
0.911375
0.871092
0.760314
1.082354
0.837001
0.978227
0.890093
0.777776
0.922397
0.818723
0.832141
0.715468
0.909720
0.915633
0.922981
1.051422
0.740686
0.917717
0.940722
1.100980
0.875919
0.859571
1.004607
0.928489
1.132892
0.851324
1.072387
1.052280
1.082159
1.401199
1.266871
1.107918
1.031743
0.853768
0.826237
0.932704
1.151642
0.796288
1.026369
1.049658
0.974474
0.788973
0.959969
0.910395
0.735025
0.817783
1.042844
0.996485
1.087801
0.912284
1.029986
0.837561
0.832149
0.827494
1.126819
0.776347
1.028451
0.930744
0.839487
1.043962
0.876444
0.853760
0.891757
0.752829
0.925527
0.979735
0.915935
0.929876
0.942428
0.962406
0.940251
0.841024
0.740770
0.653834
0.828141
0.822604
0.761547
0.832177
0.874358
0.768907
0.847058
0.937204
0.834762
1.348209
0.762435
1.026441
1.024130
0.888056
0.996802
0.778696
0.869038
0.954767
0.831885
0.700090
0.776875
0.890880
1.034969
0.803139
0.815307
0.852533
0.980718
0.902647
0.816179
0.857402
0.856341
0.957538
1.135661
1.081829
0.762519
0.795512
0.912251
0.865800
0.746606
0.966776
1.029671
0.824270
0.692072
0.911515
1.063580
0.818977
0.822429
0.942031
0.809481
0.925125
0.883526
0.954323
0.822165
0.915419
0.953713
0.762571
0.909869
0.804805
0.865942
1.145888
0.949937
0.920250
0.997640
0.846852
1.150958
1.002018
0.912062
0.896198
0.869419
0.906629
0.948369
0.868972
0.990531
0.857073
0.699285
1.052297
0.897790
0.846611
0.924102
0.953415
0.723877
1.036633
0.784615
0.761198
0.716008
0.933044
1.151338
1.213870
1.310465
0.999379
1.109299
0.820156
0.703591
0.766544
0.764311
1.027822
1.086163
1.078319
1.128549
1.392369
1.368789
1.734512
0.817224
1.148296
1.024500
1.029475
0.708484
1.195105
0.648414
0.801206
1.026060
0.915198
0.951058
1.029107
0.919907
0.902903
0.832686
0.900509
0.722972
1.014947
0.985905
0.970610
0.894688
0.717628
0.957285
0.867019
0.721208
0.791453
0.853157
1.098613
0.911668
0.976888
1.487688
1.188616
1.130496
1.016887
0.836719
0.649859
0.733884
0.943252
1.178342
0.906622
0.875873
0.832189
0.719020
0.806243
0.821412
0.938588
0.897322
0.917309
1.486708
1.664521
1.943461
1.712086
1.189689
0.908235
0.987043
0.810398
0.887433
0.918057
1.035177
1.076431
1.157753
0.829240
0.765387
0.817740
1.084790
0.999685
1.154819
1.085200
1.048049
0.901500
1.006685
1.414095
1.271335
1.444525
1.172037
1.152934
1.429768
0.940192
1.005786
0.793948
0.866812
0.745881
0.793983
0.715526
0.850284
0.947660
0.949309
0.990147
0.849033
0.774995
0.879658
0.726799
0.927722
0.709279
0.889934
0.917211
0.794422
0.844437
0.820145
0.821731
0.676992
0.854648
0.897529
0.959721
0.727770
0.953253
1.054706
0.840938
0.795358
0.888423
1.049914
0.673350
1.336623
0.885379
0.931616
1.259223
0.900028
0.678144
0.989835
0.904795
0.841553
0.847632
0.827864
1.098988
0.993041
0.898739
0.821924
0.637949
0.933516
1.022555
1.114196
0.893136
0.816594
0.756436
0.960287
1.590389
1.141508
0.855721
0.865880
0.908467
0.723554
0.776829
0.661971
0.925271
0.805216
0.645267
0.865183
0.730756
0.765296
0.815943
0.709275
0.837362
0.926140
0.884821
0.769263
0.946179
0.987473
0.805486
1.095690
1.207794
0.809053
0.776090
0.961407
0.776695
0.693964
0.666869
0.943172
0.865020
0.611480
0.710936
0.789307
0.872017
0.879077
0.822610
0.622653
1.137166
0.696478
0.792292
0.816167
0.826873
0.817966
0.720854
0.687658
0.726189
0.820263
0.763067
0.891091
0.969705
0.957648
0.848122
0.853076
0.680708
0.839959
0.800636
0.770796
1.024925
0.720719
0.972353
0.719772
1.294596
0.764408
0.813577
0.974343
0.729258
0.967620
1.112443
1.130532
1.241196
1.121346
0.839951
0.765684
1.100053
0.814080
0.952864
0.916545
0.847019
0.814968
0.762377
0.823839
0.924488
0.787977
0.760752
0.859762
1.087336
