7.776881
8.065231
5.791574
5.774643
5.788633
5.401976
4.355584
5.323972
4.721319
4.169922
5.750624
4.866701
4.738829
4.551921
4.868255
4.140342
4.871934
4.220998
5.169151
4.998475
4.419946
3.722519
4.019688
3.990779
4.059914
3.921198
4.518257
3.721877
3.969777
3.320208
3.512926
3.995400
4.105820
4.034704
4.688560
4.196003
4.154907
3.796693
4.309631
3.994835
3.658642
3.822907
4.305872
3.741392
3.857333
4.568303
4.164897
4.095419
3.958351
3.625654
4.108160
4.733127
3.370148
3.817120
3.736364
3.174858
4.009608
3.653052
3.290181
4.143405
3.827818
3.644648
3.232681
3.990858
3.494347
4.004438
3.858290
3.349688
2.966486
3.826443
4.329726
3.443361
3.509352
3.002376
3.403492
3.912305
3.878225
3.390436
3.184679
3.607429
3.520170
3.342488
3.923819
3.046193
3.445986
3.998211
3.510792
3.266412
2.932329
3.878355
3.670253
3.093144
3.170210
2.937697
2.878759
2.994014
2.925897
3.453799
3.638962
3.671363
3.934505
3.767141
3.349270
3.531257
3.655968
3.372040
3.646640
3.485215
3.768072
2.754639
3.145979
3.511268
2.889439
2.477863
2.613763
3.731492
3.553345
3.430321
3.363553
3.619377
3.139221
3.313166
3.130055
3.497536
3.401252
3.087102
3.310224
3.173222
3.199333
3.007668
2.999117
3.475187
2.994674
3.014492
2.810723
2.635614
2.690691
2.990660
3.620304
2.523056
2.708720
2.483555
2.692761
2.881236
2.863351
3.208834
3.129683
2.599880
2.900847
2.735010
2.810537
2.561599
2.402265
2.568581
3.182684
2.679692
2.647185
2.714112
2.506115
2.522179
2.663679
3.245169
2.770822
2.570997
3.026336
2.631727
2.782729
2.539353
2.428311
3.127603
2.583221
2.750289
2.341657
2.653587
3.078527
2.565001
2.879323
2.628206
2.906160
3.556389
2.663120
2.679692
2.955400
2.803520
2.415909
2.604561
2.867462
2.634585
2.506062
2.620057
2.507668
2.318284
2.735286
2.666531
2.947782
2.847652
2.429267
2.325398
2.603046
2.984369
2.901386
2.689220
2.622583
2.832569
2.602166
3.171301
2.717280
2.464251
2.435809
2.796758
2.264550
2.610704
2.295084
2.544282
2.712395
2.880258
2.650850
2.133622
2.557573
2.953899
2.417228
2.446654
2.971585
2.233434
2.617754
2.969203
2.491698
3.148001
2.563146
2.424466
2.786942
2.712827
2.423581
2.424811
2.462266
2.651817
2.763915
2.214288
2.823051
2.019411
2.405707
2.757410
2.395140
2.261968
2.530923
2.608514
2.661639
2.361280
2.517195
2.780721
2.251398
2.825861
2.483791
2.320582
2.743524
2.574677
3.140680
2.905190
2.066279
2.120293
2.906113
2.902368
2.560793
2.081563
2.406863
2.409969
2.919932
2.134998
2.641779
2.386537
2.564359
2.142484
2.246689
2.203944
1.982949
2.240326
2.416775
2.894375
2.375746
2.570264
2.663551
2.494297
2.488786
2.762486
2.140482
2.524658
2.156084
2.414800
2.358278
2.564505
2.377815
2.528511
2.584940
2.681647
2.456834
2.643746
2.447056
2.358155
1.994466
2.101453
2.236946
2.573764
2.324735
2.446046
2.471208
2.465448
1.986242
1.944478
2.536206
3.097543
2.689493
1.972076
2.033853
2.142246
2.283497
2.688873
2.388911
2.122354
2.812100
2.379026
2.747429
2.513429
2.260951
2.343573
2.376391
2.674057
2.428104
2.570089
1.983458
2.132489
2.313564
1.928224
2.637359
2.300638
2.511887
2.676324
2.389681
2.274285
2.481258
2.502501
2.661595
2.186312
2.470265
2.444239
2.467642
2.342078
2.422839
2.557939
2.483506
2.243075
2.969918
2.205021
2.669401
2.490171
2.224156
1.906551
2.684430
2.306763
2.894523
2.108635
2.086623
2.302561
2.168518
2.398875
2.560047
2.611104
2.445618
2.571884
2.632871
1.954505
2.592278
2.476342
2.133778
2.418211
1.915820
2.164559
2.632242
2.072722
2.581652
2.287012
2.057678
2.338360
2.247682
2.158836
2.252050
2.481859
2.132643
1.867629
2.222157
2.119324
2.173130
2.259262
2.045026
2.346028
2.448836
2.446775
2.011873
2.129036
2.725079
2.600478
2.300449
2.079015
2.014437
2.436854
2.419022
1.944916
2.093373
2.388921
2.270092
1.933924
1.874867
2.105803
2.097889
2.393689
2.494403
2.097041
2.144017
2.288884
2.379722
2.165428
2.268921
2.031695
2.188632
2.407389
2.146370
2.550253
2.372745
2.028373
2.174965
2.308876
2.108210
2.003887
1.988789
2.105429
2.021590
1.918150
1.878840
2.306871
1.827919
2.306324
2.350666
2.191361
1.941812
2.514948
1.834253
2.392349
2.179842
1.727947
2.530591
2.017889
2.402636
1.910470
1.937774
2.269899
2.152928
2.308063
2.182828
2.003172
1.880671
2.218595
2.242290
2.317312
1.988379
1.959333
2.472010
2.207634
1.940818
2.614657
2.412565
2.010349
2.616259
2.553286
1.971022
2.121195
2.650928
2.083247
2.432368
1.829531
1.925698
2.662504
2.177860
2.315475
2.046968
2.558481
2.669061
1.919813
2.358339
1.970633
2.708906
2.217911
2.296779
2.382229
2.036059
2.296619
2.298052
2.202427
2.117244
2.589117
2.215893
2.140910
1.568789
1.867442
2.006683
2.117238
2.106534
2.206351
2.252850
2.067220
2.183638
1.937003
1.767443
1.783233
1.795569
2.240893
1.851236
2.123244
2.220397
2.376843
1.718931
2.377169
1.906708
2.278526
2.228158
2.323444
2.516583
2.107077
2.067997
2.104117
2.327664
2.030318
1.728376
2.034877
2.585649
2.421099
2.139459
2.192770
2.110055
1.880970
2.542599
2.450421
2.246849
1.828234
1.965823
2.483495
2.026195
2.074493
2.366802
2.062309
2.228728
2.282611
1.957435
2.050776
2.189155
2.522458
2.059494
2.220204
1.825207
2.252509
1.826591
2.417618
2.066823
1.867548
2.204284
1.966768
2.439996
2.085752
2.403727
2.138359
1.782895
1.984046
2.178491
2.113667
1.922413
2.085951
1.871083
1.839848
1.737846
1.999118
2.236076
2.200275
2.262657
1.752715
1.711468
1.930825
2.224445
2.032294
1.883262
1.914929
1.834559
1.931432
1.733996
2.325642
2.041005
1.609565
1.994083
2.275871
1.909805
1.791982
1.964401
2.124985
1.931167
1.858415
2.196753
1.930795
1.850116
1.810745
2.153712
1.793629
2.421333
1.843873
1.898635
1.991616
1.978071
1.674958
1.773521
1.837657
2.160398
1.992108
2.306679
1.578205
1.955454
2.053166
1.814229
1.857531
2.170554
2.296200
2.116266
1.883236
2.518806
2.124785
2.003145
2.230428
1.902954
2.195920
1.974185
2.155117
2.275267
2.474607
2.315309
2.129901
2.176490
2.460988
1.882960
2.010902
2.007234
2.381275
1.934241
1.929615
1.822615
2.209889
1.978188
2.154396
2.068214
1.849410
1.981360
2.277026
1.552097
1.634040
2.027197
2.198439
2.004642
2.194839
1.876526
2.010468
2.228067
2.190208
2.197541
2.248030
2.061766
1.982042
2.266609
2.365491
2.265362
2.566172
2.023084
2.061608
2.182979
1.821556
1.983716
1.819347
2.324457
2.445328
2.155453
2.063720
2.360839
1.735097
2.251052
2.241322
2.015124
1.522726
2.194058
2.264080
1.931158
1.858363
2.149684
1.697028
1.791770
2.409137
1.985719
2.044212
1.718756
2.122134
2.042275
1.829920
2.242943
2.139814
2.234572
2.056163
2.035451
1.836264
1.931189
2.019951
1.983934
2.114528
2.182345
2.082329
2.365827
2.299408
2.210014
1.856291
1.975058
2.086222
1.876616
1.715189
2.206855
1.981506
1.833353
1.868277
1.768593
1.859823
1.864213
1.523222
2.216399
1.753606
2.042876
2.092391
1.930264
2.204221
1.991744
1.980534
2.217907
1.576278
2.169440
2.153649
1.825334
1.834452
2.038428
2.075104
1.698680
1.853325
1.657840
2.063829
1.801681
1.971714
2.317705
1.922542
1.574219
1.925516
2.149696
2.105330
2.376673
2.029038
2.162848
2.129016
1.811406
1.939392
1.767083
1.828214
1.997079
2.155443
2.207571
1.970175
2.165655
2.134586
2.343716
2.070141
1.600252
1.949671
1.664373
1.822999
2.574652
2.140846
1.547197
1.790439
1.644699
1.651850
2.232208
1.707142
2.031227
2.050462
2.024435
1.753626
2.025761
1.850710
1.839457
2.146075
1.794478
1.767285
2.232807
1.723299
1.670383
1.946934
2.220228
1.802804
1.890009
1.810253
1.686557
2.022880
2.445634
1.877490
1.571077
2.002198
1.785433
1.632313
1.651437
1.704163
2.318848
1.852324
1.880667
1.669542
1.857893
1.807232
2.085609
2.029175
1.837024
2.321983
1.977978
1.874252
1.768082
1.919334
2.310816
1.910419
2.015071
1.709736
1.775136
1.592261
1.825608
1.832834
2.278889
2.156163
1.865449
2.024872
1.891688
2.193518
2.120805
2.027049
1.989599
2.004055
1.960098
1.687553
1.784198
1.813220
2.115963
2.014350
1.705032
2.091055
1.963304
1.747601
1.873235
1.892535
2.324085
1.981579
1.640474
1.818066
1.667259
2.063334
1.849989
1.894082
2.058314
2.130657
1.966912
1.752647
1.694823
1.704321
1.751002
1.777082
2.069986
1.953053
1.971873
1.784697
2.052678
1.811139
1.794965
1.681881
1.983715
1.683717
2.113204
2.350320
1.790617
1.865828
1.820953
2.106887
1.982277
1.946277
1.847428
2.121874
1.829595
2.091920
1.811746
2.125032
1.741089
1.605838
2.360669
1.697412
1.748495
1.693486
1.694547
1.611942
1.575735
1.866613
2.052507
1.876204
1.987122
1.790061
1.760939
1.708989
2.046299
2.070590
2.067206
2.124088
1.791968
2.101489
1.345983
1.818727
2.171959
1.602236
1.788759
1.590080
1.506227
1.749116
1.517791
1.876363
1.880504
1.901690
1.936435
1.594707
1.711840
1.436462
1.527172
2.014015
1.989930
1.741057
1.877065
1.872794
1.641501
1.738968
1.837164
1.724876
1.604385
2.099037
1.783204
2.068697
2.024894
1.928957
1.759116
1.490061
1.714752
1.604559
1.836320
2.210803
1.761659
1.553452
1.838098
1.938283
1.878433
1.922877
1.900152
1.789568
2.081071
1.915308
1.764744
2.257212
1.856737
1.762625
1.627188
1.860562
1.658901
1.665515
2.170134
1.974632
1.678908
1.949330
1.745588
1.634855
1.656823
1.809617
1.866873
1.731972
1.793127
1.781325
1.672456
1.876633
1.585230
2.070305
1.690378
1.993284
1.902760
1.761244
1.938942
1.655673
1.788113
1.631888
1.401489
1.817828
1.816189
1.780367
1.866489
1.825672
1.706561
1.927764
1.686013
1.707465
1.400981
1.969123
1.910726
1.849092
2.088957
1.762410
2.266277
1.767605
1.837793
2.185635
1.767508
1.754748
1.778962
1.992707
1.835050
1.601329
1.959334
1.854561
1.961447
1.552844
1.870177
1.884552
1.612873
2.234626
1.900977
1.948245
2.320037
1.611273
1.798304
1.835408
1.840485
1.651586
1.685461
1.799304
1.635737
1.681985
1.724957
1.705580
1.782080
1.880633
1.811020
1.843300
1.830513
1.909504
1.708678
1.666776
1.949959
1.851728
2.018648
1.591007
1.463011
1.878853
1.776601
1.634447
1.563562
1.637194
1.655711
1.805950
1.851326
2.011823
1.575449
1.462885
1.944609
1.582650
1.868538
1.642555
1.675692
1.807667
1.829618
1.833002
2.066830
1.611669
1.763119
1.896968
1.812462
1.899088
1.901631
1.447686
1.754792
2.035174
1.388230
1.644932
1.708156
1.832584
1.985545
1.574182
1.974058
1.850341
1.827166
1.410497
1.984240
1.840506
2.051265
2.046626
2.003486
1.864349
2.248320
1.320274
1.499387
2.080009
1.390566
1.880913
2.019753
1.741260
1.416433
1.937615
1.627078
1.786853
1.587147
1.674390
1.807361
2.121568
1.749438
1.957237
1.822480
1.784895
1.372111
1.572225
1.805993
1.751619
1.665583
1.662001
1.401705
1.784926
1.802937
1.804269
1.644942
1.507899
1.909658
1.874617
1.561513
2.080004
1.921695
1.812244
1.762088
1.766452
1.559514
1.463541
1.898934
1.686133
1.450732
1.685501
1.960241
1.911317
1.518678
1.642339
1.815070
2.103025
1.713616
1.721436
1.629133
1.977628
1.822800
1.960278
1.712212
1.611252
1.447904
2.450651
1.663766
1.649041
1.744847
1.572089
2.253190
1.750126
1.844284
1.521647
1.689399
1.795436
1.928246
1.651727
1.728873
1.715775
1.953614
1.955715
1.774994
1.602427
1.787087
1.666939
2.040567
1.828223
1.614985
1.633150
1.816026
1.953720
1.901550
1.407205
1.673321
1.386373
1.887413
1.857381
1.526843
1.699617
1.706944
1.635681
1.521154
1.754986
1.976478
1.701856
2.020472
2.180912
1.692311
2.108637
2.017017
1.964659
1.596844
1.976004
1.530799
1.705358
1.540777
1.769384
2.114492
1.736736
1.688380
2.024998
1.656522
1.659635
1.681506
1.672341
1.690769
1.818579
1.820221
1.465064
1.775513
1.773777
1.816555
1.511081
1.644517
1.752984
1.845667
1.788773
1.643148
1.496282
1.414828
1.828127
2.074268
2.038915
1.404427
1.812664
1.519418
1.352970
2.147917
1.663338
1.552918
1.774734
2.018031
1.716675
2.053086
1.510822
1.665509
1.514192
1.971229
1.616665
1.758422
1.398519
2.016832
1.708640
1.669676
1.814618
1.486688
1.459655
2.224527
1.799366
1.726002
1.414750
1.918957
1.961453
1.591636
1.810402
1.739651
1.482461
1.750773
2.041054
1.664294
1.741424
1.974273
1.448446
1.968323
1.525417
1.942893
1.954205
1.561699
1.777356
1.858513
1.943588
1.573890
1.524518
1.510206
1.596168
1.697665
1.681976
1.619602
2.263111
1.540937
1.796958
1.514768
1.377675
1.541398
1.538195
1.811941
1.525184
1.566376
1.836025
1.604198
1.770758
1.505184
1.704857
1.801116
1.413814
1.467296
1.521327
1.590095
1.728014
1.500692
1.352245
1.860111
1.810449
1.457062
1.718854
2.029469
1.941919
1.542709
1.608356
1.693305
1.436811
1.763575
1.696559
1.496481
1.452004
1.631645
1.713958
2.046178
1.591531
1.830010
1.714903
1.788661
1.617008
1.565367
1.575267
1.878255
1.732830
1.641820
1.727812
1.753593
1.574976
1.780481
2.002475
2.179078
1.946658
1.613857
1.758152
1.358710
1.630365
1.684055
1.526999
1.584111
2.044235
1.829501
1.880593
2.072661
1.533600
1.476367
1.671163
1.633096
1.533335
1.514386
1.667596
1.975796
1.568698
2.134865
1.543896
1.977321
1.910516
1.517342
1.367789
1.723686
1.617849
1.625234
1.703573
1.736182
1.897863
1.614194
1.615431
1.375483
1.761507
1.560855
1.400922
1.647540
1.922530
1.501027
1.817317
1.633896
1.449960
1.372583
1.599329
1.581977
1.821030
1.462315
1.693551
1.191709
1.599146
1.555887
1.567960
1.547314
1.670536
1.933468
1.654323
1.672209
1.510182
1.385654
1.563882
1.557902
1.332949
1.619047
1.548588
1.519088
1.562494
1.511248
1.521000
1.529373
1.381854
1.338563
1.402921
1.654051
1.273488
1.424142
1.427417
1.817809
1.555163
1.495250
1.460730
1.420768
1.199699
1.353116
1.382130
1.545872
1.594242
1.648681
1.472678
1.531482
1.355635
1.751903
1.333902
1.278703
1.315301
1.729994
1.418113
1.382706
1.329229
1.246035
1.405266
1.407448
1.702454
1.868464
1.634932
1.296742
1.530071
1.555883
1.645929
1.625701
1.556134
1.152841
1.468978
1.636024
1.202445
1.364732
1.369051
1.598971
1.153587
1.146019
1.453292
1.398091
1.477869
1.478336
1.554307
1.355053
1.411160
1.241862
1.444579
1.321887
1.351882
1.166730
1.176676
1.230942
1.589576
1.378888
1.303852
1.350232
1.286035
1.450819
1.418349
1.213527
1.417048
1.433571
1.242065
1.551135
1.469689
1.580767
1.221773
1.216928
1.253960
1.245880
1.476340
1.423645
1.282269
1.396386
1.523629
1.244355
1.490833
1.270664
1.470039
1.546820
1.282900
1.231632
1.251655
1.432057
1.395091
1.351756
1.357444
1.283549
1.284603
1.560584
1.320755
1.634573
1.474328
1.433519
1.539694
1.269015
1.336520
1.399578
1.297480
1.389228
1.269877
1.508102
1.433924
1.463082
1.552773
1.367164
1.409223
1.389425
1.264302
1.570553
1.470683
1.614680
1.238566
1.649204
1.321134
1.461528
1.279099
1.394317
1.391606
1.089874
1.455736
1.123286
1.387369
1.114246
1.618471
1.314832
1.524782
1.138677
1.660322
1.438211
1.143120
1.376503
1.366383
1.402268
1.311279
1.317690
1.249695
1.239262
1.321141
1.408583
1.372134
1.190433
1.288019
1.306528
1.296559
1.261822
1.374188
1.495520
1.027741
1.460658
1.190885
1.452549
1.297867
1.197477
1.153269
1.196581
1.548020
1.270979
1.127991
1.600597
1.375261
1.520381
1.054816
1.290921
1.511188
1.327814
1.397438
1.533721
1.354511
1.428794
1.271912
1.286338
1.525399
1.336815
1.402222
1.260556
1.453635
1.315784
1.232877
1.310228
1.368952
1.188660
1.568230
1.501465
1.479600
1.453194
1.192746
1.349361
1.328684
1.146075
1.576989
1.380730
1.138821
1.226501
1.299786
1.164436
1.383039
1.499664
1.643413
1.128884
1.211404
1.186869
1.422256
1.369490
1.389086
1.506908
1.228477
1.150877
1.501845
1.497030
1.638253
1.312996
1.298141
1.173551
1.581723
1.440664
1.555157
1.228599
1.246596
1.175935
1.519410
1.325002
1.235245
1.392704
1.256674
1.470200
1.362115
1.430558
1.357845
1.302594
1.078878
1.189306
1.159574
1.146049
1.093043
1.378816
1.345835
1.263100
1.262859
1.030261
1.118394
1.238952
1.297547
1.199995
1.107917
1.408859
1.317649
1.303032
1.525332
1.150456
1.160524
1.236241
1.142964
1.174875
1.271727
1.513087
1.205484
1.351644
1.652144
1.201729
1.039763
1.371053
1.311616
1.151266
1.245978
1.502057
1.195544
1.112140
1.150889
1.210629
1.068544
1.163481
1.232687
1.222528
1.462005
1.233478
1.287898
1.150094
1.427159
1.157125
1.378449
1.155143
1.241809
1.585685
1.218120
1.311646
1.128003
1.192945
1.101773
1.267511
1.210378
1.069581
1.210237
1.172332
1.165174
1.335888
1.237571
1.226639
1.450882
1.180424
1.209608
1.115431
1.936655
1.276978
1.361123
1.268869
1.250388
1.195486
1.252224
1.153647
1.406621
1.192670
1.274866
1.481805
1.623423
1.224285
1.083468
1.567925
1.188244
1.181208
1.182406
1.154786
1.155445
1.200356
1.200996
1.415467
1.276504
1.070804
1.233985
1.150498
1.060013
1.296308
1.155666
1.144251
1.364899
1.085587
1.268363
1.117835
0.935951
1.325185
1.043586
1.092589
1.248740
1.013140
1.270496
1.142458
1.294872
1.111820
1.400289
1.216677
1.266964
1.224271
1.286183
1.085239
1.317204
1.244414
1.516667
1.033006
1.278625
1.143125
1.197038
0.938867
1.200984
1.148016
1.239702
1.416079
1.289340
1.200426
1.147493
1.136595
1.222635
1.111615
1.071643
1.162202
1.076379
1.156118
1.605864
1.442548
1.248271
1.181530
1.230770
1.079837
1.081704
1.318345
1.223006
0.936844
1.355092
1.270518
1.215687
1.224418
1.039972
1.290191
1.406474
1.231624
1.089164
1.169249
1.239847
1.261764
1.319317
0.986923
1.288332
1.300188
1.238345
1.123583
1.207714
1.533024
1.108162
1.158112
1.335252
1.126151
1.116941
1.161978
1.117513
1.053458
1.168297
1.423270
1.266273
1.291532
0.953213
1.085659
1.465757
1.113543
0.980219
1.065437
1.269306
1.116898
1.142055
1.377747
1.252931
1.164189
1.161342
1.310744
0.955515
1.228452
1.472412
1.232564
1.107205
1.169288
1.520433
1.215316
1.066763
1.132458
1.070153
1.173263
1.221631
0.999921
1.404205
1.340567
1.127176
1.071730
1.164049
0.997748
1.389517
1.137796
1.414584
1.342953
1.047035
1.101625
1.290847
1.379376
1.141695
1.141549
1.133151
1.389458
1.295659
1.022986
1.240769
1.074006
1.251883
1.051386
1.204297
1.276131
1.309557
1.372639
1.165815
1.303715
1.182729
1.191498
1.278349
1.265332
1.113891
1.134241
1.011332
1.043838
1.022791
1.292104
1.139263
1.056320
1.327175
1.174392
1.129633
1.422534
0.897391
1.127784
1.071315
1.043532
0.861354
1.157505
1.168770
1.247207
1.012418
1.241621
1.264849
1.139226
1.192736
1.391950
1.063121
1.191975
1.333128
1.372337
1.114636
1.208425
1.125338
1.220322
1.266239
1.181903
1.131783
1.280191
1.054523
1.402719
1.247783
1.358609
1.000321
1.328383
1.268581
1.251290
1.148378
1.130388
1.120798
1.202694
1.324633
1.014818
1.217016
1.027903
1.166593
1.099015
1.118363
0.990841
1.063223
1.021866
1.238938
1.080346
1.436842
1.118958
1.499416
1.307204
1.165921
1.170840
1.135372
1.345933
1.175714
1.070723
1.402981
1.351212
1.194442
1.084826
1.243898
1.306422
1.296567
1.285584
1.550060
1.573078
1.537675
1.331479
1.287111
1.276688
1.656764
1.367599
1.315344
1.501088
1.188161
1.241615
1.384331
1.093756
1.331395
1.524799
1.345903
1.554745
1.455626
1.318316
1.240080
1.142943
1.289136
1.133406
1.591843
1.353230
1.345671
1.324012
1.274880
1.196083
1.239216
1.159374
1.174298
1.181851
1.039598
0.973367
1.269164
1.314967
0.974529
1.337381
1.184986
1.306316
1.359999
1.214918
1.026209
1.282538
1.019002
1.151554
1.210374
1.379926
1.368066
1.133782
1.172573
1.025854
1.136255
1.462617
1.302898
1.060048
1.003011
1.171200
1.127998
1.301975
1.338086
1.044994
0.974401
1.358157
1.344909
1.022755
1.043630
1.267561
1.288516
1.026757
1.148238
1.151017
1.168350
1.248230
1.109600
1.080004
1.217119
1.246842
1.151634
1.078523
1.113526
1.385960
1.213763
1.100014
1.487661
1.084969
1.193129
1.115506
1.386076
1.174630
1.012214
0.943575
1.255529
1.240066
1.322900
1.249834
1.384819
1.302535
0.991766
1.247786
1.456404
1.150547
1.131441
1.173452
1.336772
1.101783
1.179292
1.126304
1.122544
1.305935
1.143131
1.192906
1.320532
1.269169
1.177035
1.106765
0.884782
1.178300
1.153109
1.270392
1.133663
1.116825
1.169703
1.217653
1.151001
1.162714
1.194892
1.222998
1.033490
1.144413
1.111012
1.118720
1.375241
1.090133
1.226472
1.164462
1.336567
1.334746
1.282230
1.124920
1.057436
1.032707
1.184919
1.040989
1.069594
1.033804
1.252723
1.475087
1.223058
1.255664
1.181774
1.290587
1.054169
1.074783
1.136688
1.095668
1.347710
1.285704
0.957028
0.955825
1.267721
1.225156
1.009002
1.212613
1.252929
1.314937
1.218192
1.248143
1.255430
1.156137
0.991999
1.204263
1.112717
1.048409
0.999659
1.364120
0.892201
1.181382
1.376704
1.099097
0.973705
1.148672
1.113978
1.293004
1.242031
1.296284
1.206841
1.309783
1.186539
1.215809
1.390284
1.199160
1.053296
1.054846
0.958338
1.034508
1.048815
1.145922
0.998237
1.089498
1.323171
1.218015
1.113596
1.030958
1.042643
1.145858
0.952825
1.183961
0.950020
1.125777
1.127542
1.274251
0.962928
1.064001
1.158030
1.207486
1.206798
0.951103
0.887820
1.119608
1.338371
1.262018
1.310833
1.150910
1.218200
1.129634
1.090587
0.955290
1.320783
1.145047
0.959676
1.132475
1.073215
0.983758
1.090346
1.118674
1.027164
1.225293
1.129866
1.045992
1.239519
1.265853
1.077334
1.084143
1.125798
1.244704
1.134609
1.079414
0.947011
1.205370
1.087625
1.176279
0.957300
1.017683
1.265534
1.082205
1.147749
1.025682
1.068443
1.076426
1.229322
1.320142
1.121343
1.568582
1.055384
1.014526
1.275858
1.150524
1.221847
0.981798
0.989732
1.044425
1.223740
1.016717
1.212956
1.034593
0.910196
1.099613
1.095415
1.293748
1.066902
1.319094
1.122617
1.107498
1.455842
1.099492
0.924066
0.978344
1.164957
0.994992
1.120829
1.153859
1.007770
1.095408
1.211589
0.987061
1.186617
1.324405
1.151670
0.980209
0.913984
1.050119
0.979827
1.123907
1.054981
0.909279
0.984607
1.119780
1.005606
1.169659
1.019989
1.276743
1.229344
1.221577
1.014823
1.130895
0.990256
1.121548
1.068868
1.165053
1.051737
1.111932
1.007490
1.082912
1.054059
1.185744
1.088529
1.059433
1.033167
0.879660
1.013927
1.140234
0.942133
1.044130
1.127454
0.892748
1.166491
1.018651
0.953690
1.050563
0.994777
1.137411
1.111515
0.919560
0.925208
0.998127
1.298168
1.207964
1.202573
1.048861
0.970740
0.944410
1.008628
1.104592
1.129670
1.080553
1.025040
1.240446
1.170595
1.067616
0.837339
1.083376
0.846906
1.006909
1.199163
1.063861
1.218353
1.120390
1.078502
0.994483
1.035170
0.902879
1.088781
1.061770
1.278407
1.151012
1.207934
0.917494
1.178997
1.073631
1.036124
1.105248
1.142592
1.256205
1.319069
1.116051
0.928049
1.199911
1.105877
1.178083
1.108520
1.004830
0.890356
1.051424
1.044743
0.922554
1.220631
0.982510
1.085550
1.059512
1.009461
1.146191
0.944905
1.174715
1.025285
1.036745
1.025086
1.038891
1.030771
1.061446
1.087368
1.077530
1.191584
1.053938
1.048416
0.966283
1.199889
0.963434
1.069069
1.067584
1.080565
1.309913
1.372805
1.063310
1.389531
1.006331
1.073495
1.129679
1.088488
1.228743
1.248774
1.086413
1.295659
1.009066
1.283505
1.070369
1.253969
1.119851
0.988494
1.179248
1.145555
1.085631
1.056111
1.234185
1.092495
0.962270
1.404946
1.430962
1.210084
1.307600
1.380385
1.154801
1.182393
1.158949
1.342009
1.059213
1.120614
1.285476
1.020388
1.058208
1.087659
1.335671
1.018303
1.098934
1.388896
1.192453
1.288060
1.251468
1.239235
1.282977
1.188367
1.320675
1.246288
1.141434
1.242908
1.397125
0.976406
0.964827
1.143262
1.137349
1.151066
1.108853
1.280035
1.122539
1.187364
1.280692
1.375838
1.142128
1.062200
1.084593
1.269031
1.003379
1.111027
1.158389
1.101015
1.254067
1.261252
0.983622
1.227000
1.310413
1.088087
1.195519
1.156240
1.056664
1.218113
0.962862
1.047722
1.072458
1.239499
1.063521
1.250553
1.118115
1.106719
1.162859
0.958849
1.156519
1.000173
1.154822
1.228801
0.987575
0.996284
1.191900
1.060443
1.162679
1.053549
1.270094
1.055087
0.906866
0.921688
0.958541
1.019790
1.030804
1.046839
1.070661
1.215654
1.051549
0.852278
1.039782
1.057213
0.985311
1.104339
1.037565
1.086671
1.097882
1.070542
1.075843
1.036366
0.992332
1.219585
1.040455
1.146001
0.914461
1.109218
1.207332
1.093237
1.020815
1.102675
0.961748
0.957997
0.814391
1.117542
1.087203
0.962818
0.988352
1.098152
1.048128
0.954901
1.389017
1.049389
1.188015
1.124617
1.032496
1.080609
1.073621
1.147459
0.873322
1.075513
1.272312
1.053375
1.151025
0.950921
1.167462
0.930079
1.373658
1.148132
1.248775
1.085875
1.052152
1.044275
1.062367
0.988791
1.028336
0.965266
1.077305
1.144210
0.948757
0.971846
1.113909
1.023179
1.036952
1.085118
1.055273
0.963553
1.110905
1.315444
1.290250
1.045968
1.100123
1.103178
0.987347
1.009995
1.012383
1.007099
0.822709
1.048862
0.997683
0.986297
1.009744
0.940038
0.971061
0.977918
1.068751
1.163160
1.118835
0.914750
1.062589
1.118398
0.911711
1.040270
0.946593
1.012213
0.953323
0.953887
0.916854
1.029174
0.813557
1.033833
0.962974
0.969980
0.945128
0.784195
1.025113
1.181149
1.233587
0.916984
0.975416
1.058408
0.976988
0.995767
1.082440
1.100988
1.084213
0.980704
1.118066
1.064227
0.902901
1.128075
1.112984
1.047110
1.065094
0.972782
1.237375
0.873087
1.083271
0.973701
1.205689
0.795376
0.979668
1.060781
0.919262
0.812662
0.942896
0.999781
0.913182
1.103569
0.942047
0.938102
1.117697
1.218202
1.034599
0.971889
0.903618
0.964709
0.926634
1.221281
1.050512
1.152231
1.050690
0.999819
1.019182
1.144451
1.042723
1.197526
1.069893
0.975271
1.066545
1.087013
1.077285
1.059501
0.975312
1.013073
1.230945
0.938395
0.986164
1.101599
0.869002
1.014582
1.020695
1.193741
1.038517
1.309431
1.028979
0.981756
0.920537
1.016822
0.982932
0.900845
0.949760
1.048839
1.251920
0.945841
1.075988
1.023862
1.175991
0.881169
0.861793
1.024994
1.026273
0.944324
0.842328
1.074683
1.033182
1.186235
1.267688
0.919708
0.908087
0.868033
1.017122
1.002216
1.164678
0.771555
1.056527
0.957681
1.263233
1.144856
0.804456
0.990465
1.065475
1.249091
0.822949
1.009677
0.917479
1.124461
1.173870
1.084911
0.978070
0.950943
0.996886
1.211821
1.118332
1.009365
0.862858
1.138421
0.992005
0.963979
0.942063
0.867108
1.126809
1.112167
0.977527
1.048507
0.935979
1.054390
0.929704
1.157257
1.063346
1.024965
1.038326
0.965011
1.039431
0.893445
1.211063
1.037617
0.840044
0.914400
1.120850
1.084771
1.161556
0.897168
1.042954
1.124815
1.028944
0.996294
1.042628
1.105396
0.916163
1.129514
1.009804
0.970651
1.043097
1.128745
0.790279
1.199496
1.043678
0.970220
0.968512
1.174586
0.960430
0.875722
1.025332
0.898782
1.023679
1.047243
1.081941
1.024485
0.992150
1.058507
1.067461
1.116914
1.034703
0.917780
0.997860
0.905776
1.101487
0.974926
0.932342
1.057406
1.174278
1.066369
0.989422
0.985083
1.004929
1.199386
1.208861
1.143803
1.128531
1.103392
1.081499
0.988462
0.958400
1.070379
1.007932
1.081724
1.064142
1.268599
1.158784
1.032988
1.206593
0.974422
1.021286
1.119040
1.092342
1.029924
1.068105
1.008485
1.056174
0.822044
1.137987
1.106207
1.096098
0.882041
0.951240
0.903024
0.919865
0.900237
0.931724
1.140902
0.981014
1.079334
1.120342
0.998534
1.062527
1.025729
0.943817
1.115953
1.076517
1.048713
0.968535
0.969075
0.978003
0.894088
1.057409
1.057832
0.980274
0.850412
0.861966
0.870057
0.902342
1.060425
1.038666
1.046835
0.934950
0.828581
1.019135
0.944221
0.940068
0.996613
0.933931
1.054444
0.885678
1.048974
0.958803
0.964794
0.915112
1.029173
0.995909
1.025755
0.978204
0.999707
0.913688
0.943286
0.865546
1.167684
1.071502
0.925630
1.044367
0.846096
0.824817
0.793967
1.075838
0.852519
0.999109
1.136502
0.878448
1.172629
1.034677
1.059102
0.955118
1.037492
1.101705
1.030454
0.838791
0.853254
0.950586
1.000497
0.867140
0.920749
0.798408
0.818662
0.939354
0.783409
0.922461
0.975152
0.922256
0.980925
0.871519
0.896444
0.799048
1.131574
0.882738
1.071354
0.920581
0.928985
0.865608
1.160574
0.972704
0.959634
0.894377
0.827098
1.088120
0.895919
0.953367
1.072676
1.028410
0.987423
0.896998
0.826692
0.786724
0.947160
0.897089
0.881780
0.966815
1.152349
0.896861
0.912335
0.875126
1.066483
0.928471
0.927383
0.890205
0.947933
0.975044
0.879671
0.940247
0.969304
1.222712
0.925092
1.065972
1.042870
0.850700
0.920562
1.036144
1.156853
0.978520
0.974744
0.954495
1.066917
0.952181
0.919884
0.894569
1.010412
0.753819
0.846514
0.818237
0.981151
0.919298
0.935353
0.799899
0.961683
0.803782
0.841411
0.960316
1.062919
1.084179
1.115951
0.865173
0.911139
1.058324
0.946396
0.966138
1.119904
1.017403
0.953833
1.097710
0.971717
0.993531
1.120116
0.885446
1.017284
0.862785
0.764800
0.736088
0.870413
1.102148
1.130618
0.893123
0.889688
1.002908
0.995117
1.078945
0.964276
1.107256
1.149139
0.927948
0.848936
0.947849
0.868860
1.109169
1.056129
1.010281
0.986273
0.901319
0.939294
0.889290
1.113656
1.042082
0.929304
0.784124
0.920484
1.076808
0.923460
0.900271
0.898163
0.775881
1.089725
0.818422
0.974211
0.783297
0.893794
0.973822
0.861644
0.961922
0.950800
0.993969
1.065294
0.871880
1.014867
0.935287
1.073865
0.867099
0.840563
0.842074
0.774686
1.040572
1.099619
0.938143
0.986255
0.842515
1.122625
0.961927
1.017584
0.985155
0.858541
0.845611
1.029403
1.067145
0.965184
0.786651
1.025909
0.947659
1.008536
0.945581
0.928268
1.055889
0.932122
1.016641
0.977020
1.052033
0.889532
0.982422
0.882250
0.849744
0.783240
0.979494
0.865804
1.089508
0.794343
0.810561
0.996745
0.711288
1.078968
0.840330
0.909295
0.848081
0.860709
0.998343
0.989394
1.002784
0.963566
0.946180
0.988264
1.016667
0.805139
0.830464
0.885839
0.997045
0.809556
1.073045
1.074249
0.882465
0.833126
1.053170
1.286579
0.996522
1.174590
1.164605
0.883369
0.909475
1.058829
1.088140
1.006000
1.023893
0.987502
1.036744
0.868155
1.059681
1.294952
0.952801
0.795401
1.006110
0.893723
0.799446
0.945860
0.983480
1.004351
0.858682
0.894125
0.951391
1.020959
0.918808
1.037848
1.136990
1.070678
0.941747
0.945701
0.836470
1.002519
1.020955
0.944867
0.963104
1.076508
1.084142
0.927588
0.937735
0.966722
0.967916
0.987067
0.984646
1.092157
0.881405
0.854722
1.033747
0.943095
0.956377
0.920990
0.932217
1.041582
0.976713
0.925701
0.864542
0.866140
0.853689
0.812523
0.943692
0.857672
1.147045
0.783994
0.990481
1.040365
1.043506
0.915897
0.992089
1.121601
1.144782
0.943298
0.842817
1.032309
1.053651
0.873618
0.945453
0.943874
0.906075
0.901723
0.931160
0.939952
0.884430
1.081570
0.940445
0.949331
0.836492
0.963124
0.887219
0.998473
1.166908
0.893589
0.729962
0.826460
1.024534
0.827634
1.117893
1.043703
0.911760
0.898979
1.021531
0.968579
1.018934
0.806573
1.040368
1.099943
0.878736
0.868096
0.807452
1.083521
0.898506
0.965465
0.811215
1.016078
0.921752
0.887933
1.004681
0.915268
0.862865
0.828405
0.951051
0.938868
1.273509
0.852474
0.974845
0.903546
0.923637
1.039090
0.768416
0.952834
1.099382
1.053374
0.956547
0.953801
0.895005
0.909756
0.919016
0.940843
1.056728
0.979357
0.823573
1.095261
0.968169
0.858484
0.791695
0.836503
0.983668
1.001351
0.971838
0.988376
1.065494
0.925661
1.184155
0.882191
0.937638
0.837172
1.185907
0.884811
0.924658
0.908231
0.975631
0.962963
1.166271
1.002160
0.833578
1.017050
0.947823
1.012462
1.076269
0.913643
0.954558
1.039954
0.849227
0.963815
0.917357
0.916343
1.123153
0.899876
0.931646
0.998022
0.990244
0.967170
0.953689
0.919869
0.930842
0.932959
0.805326
0.978797
1.036509
0.982647
1.067633
1.049737
0.999730
0.899530
1.144911
0.903069
0.934374
0.948643
0.830136
1.069640
0.853148
0.814371
0.890201
0.805005
0.906864
0.882570
0.981043
0.841961
0.882938
0.914157
0.990946
0.987958
0.732570
0.940205
0.814695
0.950308
0.773068
1.000173
0.831934
0.864180
0.860633
0.980621
0.846587
1.118669
0.940036
0.841323
0.897604
0.827034
0.870518
1.009793
0.944860
0.888875
0.923820
0.891904
0.829394
1.003766
1.017606
0.908750
1.138207
1.089039
0.924215
0.774199
0.782855
0.990088
1.019183
0.711697
0.970135
1.163353
0.874332
0.739686
1.094947
0.852651
0.964907
0.812592
0.949201
0.928102
0.953542
0.859074
0.956520
0.951708
0.945870
0.825988
0.945397
0.855775
1.003552
0.831147
0.942519
0.898918
0.976934
0.826485
0.948427
0.785015
1.015819
0.926082
0.810389
1.014060
0.948336
0.810148
1.029529
1.098970
1.072716
0.751770
0.849603
1.159054
0.992833
0.847426
1.000380
0.708451
1.101298
1.064573
0.853836
0.724492
0.906349
1.006783
0.954846
0.862346
0.879061
1.133048
0.822441
0.891366
0.925103
0.891807
1.013235
1.020769
0.766530
0.987945
0.958909
0.909246
0.830461
1.017645
0.878672
1.004402
0.946860
0.955343
0.985558
0.999600
0.907999
0.770246
0.969481
1.013013
0.860651
1.025330
1.058084
0.946441
1.102105
0.948476
0.923165
0.964664
0.957277
0.848088
0.978714
0.938075
1.078234
0.883987
0.805661
0.971099
1.058619
0.892905
1.132197
0.870418
1.053014
1.081429
1.039036
0.813940
1.021391
0.858929
1.072314
0.803894
1.027069
1.089857
0.981271
0.993355
0.906562
0.857015
1.096146
0.979855
0.928312
0.969568
0.808320
1.230926
0.862257
0.943140
0.836804
0.868096
1.169407
0.712320
0.963724
0.813646
1.029703
1.079313
0.969121
0.985395
0.904148
0.851689
0.904831
0.809049
0.966491
0.807617
1.008153
1.043951
0.900465
1.006279
1.022486
0.946999
0.954538
0.935871
0.852198
1.046082
0.927262
0.838572
0.969626
1.118687
0.976912
0.844645
0.904427
0.895720
0.727532
0.920061
0.776752
1.027816
0.973480
0.955539
0.810524
1.149625
0.898066
0.954528
1.004739
0.997539
0.879143
0.853252
0.970699
0.895519
0.907763
0.880750
0.816854
1.080495
1.213090
0.992767
0.948673
0.891651
0.889082
0.941370
0.883162
0.871867
1.060911
0.829451
0.962110
1.056118
0.803465
1.018237
0.868705
1.023060
0.934068
1.060703
0.908445
0.786558
0.827531
0.784267
0.927321
0.904556
1.149044
1.006111
0.686458
0.923912
0.817426
0.856590
0.737179
0.924006
0.836429
0.971663
0.699420
0.942980
1.020158
0.910693
0.984594
0.882274
1.118294
0.894176
0.819716
0.858817
0.876560
0.891056
1.077262
0.996877
0.843260
0.780835
0.847313
0.801988
0.780448
0.854810
0.747475
0.824647
0.995140
0.789140
0.980211
0.828546
0.831750
0.957684
0.789780
0.948833
0.860285
0.786492
0.864546
0.953057
0.930450
0.808443
0.985741
0.858233
0.905732
0.911525
0.922711
0.988311
0.927629
0.809626
0.925734
1.078243
0.838988
0.844588
0.889924
1.020972
1.058401
1.124283
0.853515
0.794812
0.806205
0.938185
1.018503
0.965104
0.999911
1.117401
1.024870
0.908323
0.901863
0.794531
0.942881
0.866860
1.057069
0.844014
0.806744
0.841002
1.035840
0.951497
0.798277
0.786135
1.090826
1.017364
0.845872
0.926212
0.869718
0.824749
0.859274
0.849354
0.793574
0.831212
0.960887
0.804942
0.942484
1.011301
0.810745
0.935094
0.932464
0.992628
0.856726
0.914665
0.685044
0.956231
0.947993
1.001038
0.719019
0.790723
0.904628
0.938980
0.829899
0.684388
0.958185
1.103688
0.843370
0.974015
0.995208
1.028847
0.839442
0.941022
1.099686
0.938312
0.824818
0.744604
0.959888
0.910508
1.155848
1.000343
0.942244
0.919534
0.778607
0.868460
0.889726
0.863381
0.825769
0.990375
1.125014
0.813676
1.016757
0.961609
0.949479
0.846558
1.121948
0.787341
0.909448
0.968814
0.992800
1.121005
1.148909
0.972082
0.938128
0.931507
0.992619
1.030418
1.040739
0.872402
1.048280
0.865679
0.805720
0.974611
1.165381
1.023937
0.940401
0.788871
0.846208
1.022294
0.812172
0.744289
0.787370
0.858203
0.963814
0.824671
0.778273
0.819250
0.989067
1.018580
1.250551
0.766072
0.780465
0.887731
0.793967
0.777094
0.879071
0.997366
0.883131
0.950101
0.971354
0.865769
0.868018
0.875320
0.736526
0.895915
1.088775
0.999238
0.845452
0.797363
0.910294
0.901091
0.804520
0.926454
1.009949
0.720545
0.693286
0.868552
0.739493
0.755328
0.890124
0.870975
0.884382
0.817835
1.035757
0.929249
0.987820
0.835611
0.972684
0.704995
0.934362
0.857798
0.973158
0.835375
0.842143
0.797311
0.945635
1.263586
0.791190
0.831678
0.916140
0.921608
0.914811
0.963579
0.851800
0.805806
0.970742
0.833124
0.953355
0.852450
0.821457
0.809663
0.763585
1.017384
0.968055
0.985125
0.923495
0.823011
0.819887
0.829793
0.925052
0.769494
0.857221
0.740096
0.912217
0.859043
0.939279
0.875113
0.996666
0.865532
0.968445
1.025858
0.848079
0.864041
1.082412
0.907877
0.800670
0.845716
0.916673
1.002985
1.043955
0.886077
0.798418
0.846788
0.832039
0.855706
0.738699
0.980434
0.867185
0.844340
0.976993
1.194218
0.811351
0.891650
1.019637
0.752355
0.967516
0.902608
0.854158
0.929072
0.847988
0.826176
1.021001
0.942590
0.762670
0.854984
0.769144
1.016999
1.040585
0.630904
0.702162
0.949681
0.827597
0.966026
0.805708
0.980850
0.892538
0.732396
0.903187
0.990000
0.856179
1.077696
0.871200
0.901345
0.835436
0.910681
0.965793
0.847589
0.836668
0.792880
0.947917
0.882481
0.933164
0.806099
0.957160
0.856254
0.983912
0.821269
0.940046
0.942255
0.831309
0.959840
0.661806
0.755180
0.818255
1.006518
0.775037
0.782511
0.844000
0.973572
0.842169
0.987643
0.777243
0.947153
1.069734
0.944269
1.008447
0.733096
0.830284
0.855721
1.002951
0.820856
0.931178
0.944839
0.885055
1.063066
0.911260
0.866915
0.803274
0.867073
0.992619
0.880002
0.987932
0.818169
0.879220
1.032067
0.832426
0.777683
0.769002
1.046902
0.828921
1.014956
0.973141
0.938869
0.947116
0.964801
1.046262
0.838044
0.938315
0.903606
0.877342
0.999615
0.906588
0.835859
0.812189
0.761666
0.846261
1.021922
0.974004
1.012451
0.917885
0.899051
0.853769
0.872310
0.922253
0.884290
0.803899
0.886872
0.946401
0.844159
0.929994
0.858323
0.690821
0.859441
0.931514
0.951872
0.873228
0.989930
0.833812
0.933111
0.901506
1.052659
0.765290
0.829710
0.736886
0.734403
0.779390
0.773034
0.769260
0.813942
0.840976
0.879794
0.844240
0.810174
0.765330
0.791769
0.773225
0.913552
0.852211
0.872694
0.759672
0.992243
0.718529
0.783599
0.890941
0.854504
0.894386
0.878612
0.900076
0.830000
0.802723
0.733893
0.918010
0.911568
0.798560
0.877901
0.807143
0.737175
0.690747
0.944707
1.004021
1.187721
0.930555
0.884392
0.917392
0.890029
1.062092
0.838794
0.935085
0.875076
0.906110
0.774362
1.046140
0.968247
0.909710
0.991003
1.068923
0.961747
0.802731
1.079943
0.861633
0.891311
0.879787
0.962011
0.956764
0.748290
0.991225
0.936395
0.893782
0.914972
0.821802
0.901250
1.019953
0.921654
0.991004
0.825822
0.945383
0.815110
0.831500
1.040868
1.029577
1.017747
0.885082
1.039990
0.813576
0.919080
0.885895
0.858897
0.780462
1.040861
0.915181
0.875189
0.825842
0.861583
0.956416
0.804208
0.947972
0.747864
0.767471
0.852653
0.829948
0.951102
0.826701
0.965534
0.838968
0.773901
0.821744
0.913836
0.835431
0.829413
0.959163
0.668737
0.886847
0.985530
1.031787
1.025944
0.770771
0.733334
0.903670
0.811107
0.901378
0.855709
0.840212
0.846985
0.777492
0.812150
0.967356
0.821164
0.968012
0.790389
0.759522
0.930441
0.763191
0.739163
0.860721
0.756217
0.717099
0.874686
0.971797
0.852835
0.827520
0.802229
0.680054
0.858452
0.835801
0.883392
0.878561
0.810879
0.819435
0.883348
1.086639
0.651124
0.899296
0.701256
0.796808
0.884149
0.966146
0.793766
0.811143
0.952579
0.832159
0.794386
0.886900
1.013532
0.986839
0.951226
0.939051
0.795206
0.913675
0.774021
0.753491
1.281544
0.885900
0.700849
1.117766
0.795031
0.719052
0.798581
0.840574
1.172704
0.960915
0.821146
0.839296
0.842579
0.895052
0.868346
1.113443
0.949248
1.121257
0.937354
0.713082
1.021865
0.949511
0.789590
0.927965
0.746456
0.808890
0.732932
0.775943
0.952322
1.370974
0.613598
0.831384
0.875537
0.924193
1.172596
1.085537
0.753940
0.825294
1.062544
1.248057
0.959464
0.902029
0.756514
0.911464
0.900819
0.892721
0.895946
0.929513
0.831480
1.046852
0.963465
0.869465
0.978560
0.830639
1.136632
0.927205
0.841706
0.885868
0.766805
0.870390
0.966387
0.775276
0.889334
0.916683
0.892335
0.830242
0.867468
0.758435
0.979445
0.850783
0.718919
0.794408
1.027652
0.839636
0.784304
0.930623
0.820119
1.077643
0.974551
0.842879
1.003056
0.825034
0.870810
0.777159
0.924985
1.027023
0.909970
0.862184
0.867057
1.021805
0.797755
0.819260
0.890286
0.889979
1.106058
0.807446
0.903676
0.864768
0.808152
0.934873
0.672201
0.870539
0.763691
0.895897
0.824797
0.888195
1.012821
0.878748
0.845728
0.835056
0.865633
0.884241
0.876227
0.826901
0.836595
1.017695
1.110302
0.827981
0.977296
0.833747
0.867073
0.898023
1.017944
0.762879
0.998649
1.121091
0.932428
0.943993
0.784435
0.809383
0.804822
0.779396
0.819947
0.889310
0.940417
0.930384
0.969373
1.007921
1.000744
0.989253
0.804613
0.963886
0.749740
0.977116
0.746698
0.885400
0.921499
0.788974
0.895011
0.700515
1.011885
0.901873
0.738288
1.014966
0.910031
0.924522
0.738460
0.979717
0.793650
0.764622
0.815836
0.739667
0.953336
0.951738
0.749326
0.770360
0.975862
0.727472
0.923435
0.803157
0.707645
0.863395
0.858338
0.840503
1.068930
0.752880
0.712886
0.893361
0.705282
0.859302
0.842064
0.990679
0.685976
0.869664
0.863691
0.804769
0.755743
0.933715
0.623346
0.959058
0.796383
0.762944
0.813835
0.774530
0.892700
0.917265
0.990358
0.861925
0.854242
0.819872
0.775190
0.908844
0.965343
0.823636
0.747565
0.720307
0.774244
0.735406
1.038406
0.940790
0.930288
0.843490
0.726795
0.755728
0.780598
0.799168
0.819972
0.722022
0.930699
0.857973
0.847863
0.846641
0.790413
0.783580
0.920463
0.769009
0.964425
0.893568
0.972980
0.848703
0.810161
0.837333
0.769705
0.801297
0.806110
0.874546
0.847336
0.746471
0.674396
0.722892
0.886175
0.773490
0.799686
0.894099
0.749522
0.746428
0.844901
0.772410
0.968886
0.746869
0.883328
0.809226
0.829506
0.820289
0.877062
0.749927
0.731898
0.897121
0.762447
0.906690
0.765918
0.807164
0.926562
0.759748
0.844866
0.774696
0.736601
0.886897
0.743541
0.803338
0.823420
0.814023
0.806859
0.841313
0.731018
0.852341
0.724872
0.864266
0.871565
1.049659
0.788305
0.786574
0.622207
0.970383
0.822270
0.811881
0.858835
0.833507
0.989990
0.848112
0.833831
0.703944
0.839989
0.864220
0.643870
0.812494
0.709309
0.916082
0.857893
0.763951
0.755829
0.900551
0.921182
0.904877
0.739558
0.935171
0.705723
0.801362
0.905623
1.031212
0.921079
0.849094
1.032811
0.810799
0.792677
0.871491
0.855336
0.889995
1.217797
1.037803
0.869082
0.861637
0.906608
1.035329
0.907195
1.110969
1.135429
0.878373
0.867486
0.745186
0.888197
0.759988
0.696728
0.837959
0.890930
0.834052
0.929424
0.804449
0.829318
0.759976
0.735877
0.832233
0.852430
0.700000
0.696372
0.677340
0.726793
0.690033
0.725622
0.804255
0.780126
0.724922
0.757947
0.771513
0.721787
0.693170
0.695745
0.801802
0.903931
0.728276
0.677048
0.753951
0.674040
0.805058
0.746261
0.806799
0.758983
0.768625
0.863231
0.664238
0.823136
0.780422
0.847322
0.965089
0.832919
0.850045
0.753632
0.807116
0.777666
0.863474
0.757580
0.788047
0.772550
0.776232
0.698692
0.696357
0.761704
0.647305
0.974611
0.712233
0.821168
0.907973
0.845970
0.737498
0.767845
0.745072
0.759222
0.723269
0.716321
0.744219
0.882860
0.772776
0.791571
0.734380
0.728921
1.008984
0.739180
0.633881
0.763469
0.833168
0.688778
0.851702
0.717153
0.684876
0.698560
0.888004
0.718577
0.786893
0.639834
0.770498
0.681330
0.792119
0.742820
0.663096
1.024103
0.856398
0.719033
0.769840
0.804427
0.776927
0.722978
0.730279
0.911606
0.783728
0.755681
0.739632
0.876313
0.689946
0.823164
0.791874
0.755947
0.788667
0.754977
0.808754
0.797969
0.659058
0.774543
0.698534
0.709443
0.887342
0.854345
1.053784
0.752236
0.632078
0.736256
0.855946
0.770596
0.874136
0.685440
0.722834
0.678693
0.754238
0.779331
0.856037
0.704107
0.630528
0.718596
0.751324
0.711229
0.748948
0.807727
0.723068
0.672591
0.700039
0.702468
0.733141
0.764983
0.792149
0.589044
0.743336
0.626113
0.625248
0.771054
0.857663
0.811425
0.685867
0.723228
0.760655
0.780015
0.677325
0.712274
0.703104
0.745729
0.588929
0.665929
0.942082
0.725066
0.602038
0.729289
0.680050
0.735452
0.755773
0.785143
0.797282
0.713159
0.631220
0.662563
0.635963
0.617365
0.659920
0.671608
0.669516
0.787978
0.772465
0.691092
0.803902
0.629287
0.753586
0.675500
0.660870
0.650731
0.872450
0.696618
0.660529
0.636952
0.798755
0.686835
0.837077
0.636901
0.681623
0.633090
0.692600
0.760726
0.744447
0.676013
0.633059
0.691177
0.757347
0.889539
0.591736
0.786182
0.705957
0.708944
0.708337
0.698608
0.618543
0.734455
0.670679
0.722449
0.651083
0.621470
0.723045
0.712355
0.630482
0.681935
0.863079
0.801703
0.721703
0.705858
0.780156
0.738916
0.852769
0.811912
0.747092
0.900790
0.796270
0.680362
0.743946
0.574270
0.691092
0.740912
0.722249
0.699833
0.722240
0.678055
0.789858
0.608301
0.723861
0.738002
0.641731
0.800406
0.734856
0.698785
0.776472
0.767610
0.798407
0.711532
0.901028
0.659904
0.775577
0.720219
0.694851
0.732101
1.007924
0.721657
0.629311
0.825306
0.883858
0.718667
0.790982
0.803629
1.113345
0.696770
0.756428
0.620280
0.818781
0.711591
0.774376
0.823783
0.715037
0.659772
0.649187
0.790446
0.720250
0.862608
0.811363
0.706435
0.790486
0.692689
0.765037
0.711016
0.768342
0.689151
0.948673
0.771620
0.742816
0.810671
0.801377
0.658723
0.686174
0.726297
0.801828
0.897638
0.738111
0.662336
0.684826
0.682271
0.777358
0.688585
0.757924
0.707165
0.750820
0.710762
0.851508
0.668493
0.717649
0.578992
0.821342
0.666203
0.788874
0.663191
0.766104
0.614085
0.742074
0.764969
0.737256
0.627720
0.682839
0.896945
0.620202
0.831420
0.797964
0.735983
0.853948
0.777095
0.752287
0.660707
0.964975
0.705498
0.937223
1.068292
0.719579
0.781284
0.716087
0.770696
0.756569
0.729082
0.770217
0.691581
0.783829
0.752624
0.665315
0.820440
0.676994
0.792597
0.687327
0.658467
0.738888
0.734013
0.762787
0.626383
0.742651
0.665792
0.700517
0.774927
0.751403
0.690502
0.727025
0.628566
0.752438
0.763885
0.856946
0.756154
0.844690
0.823362
0.663221
0.807616
0.789090
0.790093
0.783520
0.815944
0.631386
0.851646
0.819610
0.698405
0.702664
0.776789
0.830599
0.628620
0.780307
0.785728
0.812619
0.759708
0.663535
0.832253
0.803277
0.766084
0.797123
0.785226
0.828315
0.807338
0.833237
0.748402
0.832956
0.778058
0.636660
0.764010
0.705321
0.849295
0.925249
1.022537
0.780227
0.625085
0.663152
0.855552
0.778975
0.803889
0.657746
0.697107
0.738567
0.868811
0.732743
0.895273
0.966831
0.735984
0.867500
0.875900
0.668025
0.814139
0.907800
0.756611
0.695132
0.761370
0.739023
0.722849
0.746641
1.042216
0.820145
0.725515
0.744425
0.628261
0.712604
0.762920
0.892668
0.874583
0.911137
0.793344
0.755657
0.797212
0.913837
0.636723
0.780147
0.735971
0.669776
0.798201
0.680943
0.745691
0.738563
0.688380
0.705061
0.596379
0.694407
0.601988
0.740220
0.793526
0.675801
0.853557
0.698580
0.732783
0.744947
0.610553
0.778616
0.615206
0.696819
0.743251
0.636002
0.643904
0.674166
0.661372
0.782874
0.840032
0.632686
0.649019
0.672691
0.687882
0.891283
0.741126
0.701968
0.663037
0.606502
0.665937
0.923140
0.778387
0.695133
0.665774
0.664321
0.767123
0.716668
0.692613
0.739270
0.657412
0.698977
0.723819
0.624363
0.798353
0.715086
0.722938
0.788096
0.786462
0.682244
0.710710
0.706003
0.735148
0.683165
0.685739
0.883512
0.809513
0.648517
0.641084
0.662038
0.753776
0.773809
0.793212
0.779008
0.663282
0.655709
0.785074
0.649523
0.600451
0.725905
0.819964
0.858269
0.772023
0.733066
0.762023
0.670913
0.760284
0.735163
0.631412
0.718902
0.809551
0.706797
0.843311
0.785285
0.717351
0.691783
0.715983
0.741261
0.706597
0.641283
0.713000
0.709425
0.762248
0.641252
0.755321
0.727440
0.651596
0.704074
0.604216
0.674990
0.577226
0.785360
0.747713
0.627249
0.653147
0.769714
0.640474
0.638764
0.541731
0.613266
0.687697
0.621770
0.569933
0.594095
0.684281
0.638186
0.644896
0.636194
0.740526
0.562650
0.548189
0.672022
0.563032
0.626567
0.680279
0.736123
0.670266
0.664643
0.564552
0.718509
0.538606
0.663584
0.632921
0.650048
0.588661
0.552714
0.470670
0.540042
0.532976
0.554580
0.662890
0.663586
0.513065
0.621098
0.528931
0.591507
0.518626
0.611936
0.600875
0.569651
0.522406
0.727575
0.566017
0.573309
0.523392
0.670974
0.581250
0.595496
0.541600
0.553711
0.543947
0.584977
0.570376
0.553104
0.575280
0.533431
0.516509
0.465738
0.524538
0.556204
0.581241
0.893980
0.588864
0.447132
0.616106
0.547317
0.575238
0.741862
0.641184
0.520987
0.562010
0.541103
0.596567
0.641091
0.543663
0.493261
0.485829
0.632033
0.547601
0.530001
0.812234
0.866838
0.500242
0.563829
0.515375
0.541918
0.583523
0.636152
0.497529
0.520909
0.507215
0.589486
0.519281
0.415072
0.539894
0.562028
0.588877
0.581560
0.589068
0.638598
0.554093
0.496558
0.516649
0.554257
0.553835
0.538904
0.695397
0.528593
0.548417
0.580919
0.553352
0.561659
0.672491
0.537325
0.548820
0.550314
0.484052
0.540248
0.497413
0.501740
0.578286
0.585602
0.591121
0.606653
0.475566
0.522706
0.668380
0.535420
0.605842
0.564811
0.590019
0.494935
0.575152
0.628393
0.577738
0.509334
0.629618
0.808633
0.640710
0.580889
0.555170
0.569633
0.524878
0.581289
0.594783
0.484955
0.538933
0.484218
0.709239
0.672477
0.592756
0.674079
0.577203
0.530568
0.639498
0.555548
0.580816
0.449483
0.473037
0.525227
0.547265
0.471721
0.763341
0.581973
0.489357
0.706829
0.705918
0.533350
0.557646
0.567484
0.526128
0.488550
0.554248
0.606631
0.603126
0.472335
0.658326
0.570846
0.553483
0.556654
0.526101
0.611366
0.491874
0.514722
0.476367
0.496211
0.598481
0.561113
0.655379
0.626440
0.480015
0.499879
0.549242
0.522064
0.552028
0.587289
0.646622
0.513856
0.503841
0.527752
0.533560
0.736903
0.513517
0.541294
0.690371
0.535503
0.607589
0.569439
0.623877
0.588026
0.484481
0.538921
0.600435
0.518589
0.673241
0.534913
0.589620
0.509029
0.521745
0.601742
0.595889
0.564774
0.597285
0.498357
0.471524
0.532211
0.560340
0.588786
0.471424
0.699734
0.494661
0.533369
0.558126
0.543212
0.530097
0.517159
0.487259
0.571953
0.768726
0.561599
0.524697
0.698967
0.476395
0.587231
0.578095
0.558369
0.659970
0.537125
0.487243
0.551603
0.578569
0.498944
0.551739
0.553840
0.502269
0.507773
0.512944
0.593826
0.522507
0.530882
0.499166
0.412263
0.544738
0.418118
0.538261
0.541742
0.520606
0.462994
0.558809
0.495243
0.573094
0.517313
0.524758
0.501261
0.501695
0.564542
0.496917
0.535920
0.480140
0.447586
0.422963
0.514773
0.531369
0.621987
0.416969
0.582341
0.454493
0.553228
0.663940
0.506921
0.586089
0.560613
0.536785
0.540252
0.516645
0.557831
0.522644
0.537745
0.486567
0.548971
0.474063
0.529767
0.595565
0.551308
0.640002
0.535650
0.578162
0.473836
0.477160
0.461112
0.649426
0.563216
0.524700
0.448500
0.480746
0.548721
0.514313
0.768122
0.501814
0.529555
0.503508
0.562058
0.499401
0.551873
0.447893
0.479167
0.557619
0.463915
0.542962
0.540002
0.524538
0.514721
0.476276
0.653923
0.477660
0.537602
0.551806
0.478403
0.493476
0.466780
0.490629
0.519954
0.494556
0.476034
0.525611
0.508165
0.584996
0.560633
0.727783
0.463170
0.569120
0.529389
0.565028
0.581093
0.598357
0.561836
0.485672
0.443202
0.636228
0.518722
0.520119
0.433191
0.590454
0.560204
0.757655
0.582413
0.514670
0.601390
0.557425
0.531749
0.518929
0.712789
0.519066
0.489505
0.536348
0.638853
0.651631
0.651223
0.557023
0.611896
0.580820
0.710094
0.477512
0.568156
0.483880
0.795117
0.448562
0.602975
0.578115
0.648998
0.578483
0.573404
0.659074
0.574512
0.595087
0.640594
0.592383
0.739536
0.575550
0.529182
0.485267
0.554327
0.638374
0.553289
0.527994
0.583897
0.574270
0.635339
0.626636
0.538221
0.590346
0.618813
0.618937
0.586866
0.613302
0.630694
0.588218
0.755352
0.492018
0.570126
0.693665
0.751872
0.571354
0.459213
0.568413
0.646587
0.547181
0.533380
0.494661
0.600976
0.606158
0.594774
0.505908
0.607298
0.552843
0.557502
0.545387
0.578380
0.564332
0.674904
0.680934
0.515862
0.831377
0.514667
0.628606
0.571890
0.543172
0.490606
0.590923
0.498623
0.536223
0.564238
0.592555
0.511286
0.478232
0.529889
0.566050
0.490554
0.478981
0.484815
0.463949
0.474483
0.458536
0.555871
0.519209
0.477551
0.497462
0.539114
0.462761
0.490197
0.660102
0.448079
0.422484
0.521203
0.602771
0.556516
0.551487
0.519643
0.684111
0.426831
0.585147
0.487016
0.463554
0.532815
0.578721
0.443724
0.490752
0.539429
0.485660
0.540982
0.609802
0.565570
0.526780
0.468521
0.518327
0.529102
0.566379
0.479064
0.555092
0.489656
0.558781
0.476927
0.450811
0.529493
0.466275
0.435617
0.501999
0.548173
0.609410
0.602871
0.524393
0.539401
0.531169
0.483843
0.576989
0.471494
0.504527
0.493517
0.508471
0.451654
0.604912
0.482527
0.507504
0.569802
0.515520
0.504854
0.451929
0.475650
0.535364
0.609154
0.447186
0.420909
0.446406
0.520305
0.534910
0.475201
0.520957
0.563899
0.508437
0.487558
0.484916
0.481913
0.497183
0.450358
0.469204
0.466064
0.494060
0.475649
0.511604
0.463499
0.482203
0.625064
0.438616
0.750204
0.530439
0.456849
0.470535
0.440803
0.427610
0.489438
0.444940
0.446055
0.492719
0.540062
0.465321
0.451767
0.597963
0.460604
0.445998
0.548289
0.632938
0.430202
0.574362
0.439072
0.490919
0.638906
0.557146
0.524748
0.500578
0.566584
0.685955
0.462387
0.555897
0.597852
0.417483
0.628729
0.479063
0.503743
0.454396
0.478205
0.524283
0.457200
0.558401
0.444252
0.530642
0.467090
0.454998
0.495116
0.498135
0.504576
0.467188
0.457624
0.595834
0.465410
0.530203
0.486342
0.507888
0.528532
0.454084
0.510979
0.497415
0.534344
0.425848
0.529736
0.543577
0.511002
0.493512
0.552057
0.576165
0.510432
0.548726
0.479879
0.426077
0.538206
0.549312
0.490902
0.487184
0.520328
0.542718
0.531698
0.507513
0.494550
0.467927
0.433256
0.543786
0.556772
0.520751
0.532761
0.429735
0.465640
0.444529
0.516016
0.546574
0.471642
0.520440
0.512646
0.547344
0.518308
0.488190
0.485112
0.478199
0.478276
0.548796
0.564738
0.475138
0.451489
0.448649
0.403935
0.518471
0.430573
0.450450
0.473010
0.420173
0.419915
0.395610
0.481044
0.479230
0.555932
0.575709
0.732526
0.452399
0.567421
0.512767
0.766153
0.430426
0.571841
0.492812
0.543709
0.597507
0.490639
0.567316
0.625897
0.541300
0.543834
0.582405
0.569913
0.589097
0.607326
0.608630
0.514262
0.508051
0.505533
0.544968
0.541991
0.475875
0.555421
0.532195
0.531116
0.594661
0.431248
0.747048
0.525688
0.537587
0.519369
0.642104
0.608774
0.446256
0.501579
0.485237
0.506216
0.549271
0.531135
0.501884
0.575848
0.535113
0.487938
0.583350
0.681408
0.492380
0.502186
0.615332
0.657912
0.587271
0.533797
0.670159
0.525257
0.744922
0.573450
0.677668
0.522861
0.543789
0.561849
0.648761
0.461586
0.497746
0.680308
0.501882
0.710496
0.575502
0.580146
0.631263
0.582488
0.519854
0.555667
0.522284
0.628509
0.541145
0.480719
0.535681
0.601224
0.527571
0.675538
0.533174
0.580535
0.516780
0.611914
0.510851
0.595778
0.629494
0.548147
0.550228
0.512881
0.700687
0.626071
0.630477
0.555372
0.595032
0.454359
0.500675
0.730483
0.654509
0.481739
0.624743
0.576009
0.556022
0.587664
0.524884
0.635670
0.711437
0.489455
0.686234
0.486580
0.527282
0.559827
0.557971
0.594934
0.483008
0.473920
0.483323
0.552795
0.632076
0.475338
0.623948
0.584812
0.492299
0.523765
0.523127
0.535706
0.643470
0.595879
0.598040
0.455970
0.510291
0.500951
0.534262
0.499756
0.500988
0.540100
0.433249
0.556249
0.503248
0.453059
0.516948
0.569744
0.563092
0.517008
0.527852
0.487755
0.465838
0.480597
0.488554
0.442417
0.478740
0.487651
0.466131
0.484671
0.583124
0.468432
0.472924
0.508026
0.506122
0.550144
0.492575
0.489319
0.479792
0.533580
0.512258
0.592887
0.599007
0.441316
0.557170
0.498532
0.512994
0.467181
0.484617
0.503506
0.416101
0.514747
0.480079
0.614645
0.508924
0.454066
0.518721
0.484302
0.431005
0.557090
0.512832
0.485592
0.540450
0.479577
0.554081
0.478563
0.541367
0.603668
0.444521
0.436760
0.446676
0.439653
0.485192
0.469147
0.501229
0.521857
0.449664
0.441022
0.688082
0.682962
0.471603
0.479500
0.523987
0.568558
0.445649
0.467216
0.521972
0.432624
0.433963
0.512815
0.523462
0.438721
0.438517
0.500969
0.499986
0.462353
0.455160
0.454458
0.452713
0.427549
0.518846
0.426509
0.430741
0.457052
0.443817
0.528667
0.586576
0.395604
0.503629
0.502129
0.448066
0.470258
0.499840
0.522051
0.524060
0.515053
0.412542
0.484397
0.490660
0.523685
0.472950
0.514912
0.534516
0.542754
0.506330
0.562741
0.438912
0.432344
0.521445
0.511053
0.439362
0.544699
0.477557
0.517165
0.481853
0.477517
0.459102
0.650947
0.511767
0.456709
0.456500
0.446028
0.449258
0.473954
0.585961
0.646160
0.580920
0.534867
0.504283
0.481462
0.449716
0.517716
0.431841
0.500047
0.548530
0.477159
0.441593
0.537095
0.470008
0.420127
0.601590
0.486560
0.461533
0.513420
0.480995
0.437010
0.445334
0.446974
0.433511
0.479311
0.549942
0.551401
0.446639
0.468015
0.454786
0.437650
0.478859
0.435958
0.555317
0.478736
0.643378
0.519581
0.545184
0.416631
0.541663
0.476231
0.452540
0.512950
0.452529
0.496084
0.556085
0.475598
0.452569
0.445287
0.488702
0.515588
0.435196
0.410802
0.494124
0.432212
0.511614
0.519749
0.450057
0.476856
0.504728
0.492211
0.448102
0.429497
0.426948
0.509216
0.411865
0.499162
0.447275
0.463362
0.416800
0.446548
0.537283
0.421255
0.505477
0.550847
0.532652
0.428608
0.454674
0.533171
0.468649
0.571373
0.472715
0.563266
0.468829
0.585554
0.408814
0.563276
0.448102
0.449463
0.502947
0.582080
0.426496
0.560132
0.423827
0.470728
0.486252
0.442927
0.436437
0.523922
0.482528
0.587709
0.424551
0.494166
0.487726
0.489939
0.511578
0.459238
0.441809
0.544016
0.564269
0.574739
0.465691
0.466555
0.466723
0.640709
0.450248
0.506936
0.468715
0.575091
0.494198
0.588164
0.540334
0.478405
0.406533
0.454891
0.554841
0.625940
0.539900
0.477969
0.718115
0.490355
0.494317
0.470300
0.431908
0.453791
0.508621
0.498552
0.549976
0.497748
0.449530
0.548967
0.568805
0.439698
0.434664
0.534392
0.554650
0.550189
0.435494
0.549907
0.478101
0.471842
0.540508
0.627318
0.427256
0.675138
0.527943
0.584300
0.465643
0.465792
0.432315
0.445270
0.500135
0.443521
0.509982
0.430074
0.466701
0.562203
0.475868
0.526311
0.533313
0.455202
0.568619
0.558965
0.569646
0.466146
0.419329
0.467980
0.406788
0.451833
0.600081
0.649567
0.419916
0.451854
0.544098
0.497153
0.427347
0.493219
0.622136
0.560295
0.514776
0.490396
0.453531
0.418267
0.486878
0.546546
0.530293
0.537065
0.511518
0.504954
0.428359
0.448242
0.565816
0.579595
0.472241
0.445985
0.471042
0.534131
0.710802
0.520413
0.621222
0.400808
0.547187
0.516942
0.471095
0.437555
0.561277
0.449771
0.453005
0.481040
0.468371
0.466538
0.441430
0.523541
0.629912
0.520797
0.401984
0.382269
0.543115
0.490628
0.478277
0.457251
0.461138
0.548394
0.567590
0.427208
0.566808
0.451029
0.452914
0.452204
0.469617
0.461550
0.506394
0.450438
0.416110
0.510805
0.445336
0.501381
0.460074
0.574570
0.516564
0.532936
0.499416
0.451526
0.469052
0.420400
0.526979
0.575030
0.568439
0.433681
0.483585
0.534542
0.527656
0.539020
0.650196
0.513022
0.544746
0.486346
0.501999
0.551723
0.743075
0.420807
0.530122
0.535262
0.517366
0.546133
0.506481
0.456391
0.387448
0.489486
0.476015
0.484022
0.517788
0.450103
0.448047
0.475741
0.607276
0.547060
0.429667
0.429924
0.460605
0.464055
0.507188
0.557138
0.537133
0.534221
0.452259
0.382197
0.478165
0.488566
0.460207
0.479142
0.503193
0.441798
0.472847
0.444434
0.462108
0.520848
0.450004
0.437946
0.476031
0.510633
0.475459
0.443888
0.413596
0.446820
0.469965
0.420491
0.402485
0.491753
0.408352
0.484889
0.464479
0.439760
0.454516
0.463451
0.434531
0.413010
0.398634
0.515859
0.516804
0.446239
0.457012
0.565645
0.486980
0.487831
0.450351
0.438794
0.469086
0.451229
0.403501
0.447545
0.402712
0.449807
0.591837
0.397444
0.531971
0.443560
0.415379
0.424394
0.398175
0.417815
0.682849
0.485049
0.466318
0.433409
0.473269
0.601464
0.420426
0.412825
0.420792
0.443013
0.521135
0.430091
0.442224
0.436333
0.473445
0.458475
0.458625
0.513215
0.531577
0.404201
0.435914
0.416235
0.465591
0.432578
0.366206
0.424671
0.402887
0.434416
0.606867
0.455467
0.434831
0.429125
0.384149
0.591168
0.487998
0.488106
0.525644
0.471548
0.522507
0.431703
0.416107
0.521471
0.458207
0.404562
0.405894
0.434766
0.479633
0.441743
0.542388
0.374046
0.469732
0.479482
0.462282
0.519256
0.422600
0.422347
0.431795
0.449103
0.423732
0.505377
0.429728
0.401704
0.432281
0.458658
0.527261
0.405698
0.561851
0.433086
0.404067
0.482024
0.635752
0.453688
0.503999
0.424194
0.400085
0.390873
0.401830
0.508953
0.539993
0.473434
0.496178
0.412584
0.524010
0.443466
0.457827
0.341212
0.463841
0.451945
0.435305
0.547796
0.415087
0.482017
0.485763
0.652494
0.600447
0.425296
0.459266
0.431690
0.516255
0.462466
0.559050
0.535531
0.440973
0.578140
0.458936
0.540826
0.462999
0.412312
0.449129
0.505862
0.478039
0.565234
0.512402
0.461959
0.534223
0.544833
0.542234
0.701632
0.611030
0.550798
0.551815
0.589400
0.503355
0.480662
0.578802
0.625365
0.447467
0.518024
0.430930
0.519829
0.540086
0.586145
0.509723
0.471442
0.483199
0.541174
0.620396
0.455215
0.498690
0.605598
0.585564
0.638934
0.451513
0.727766
0.617474
0.746921
0.522696
0.509512
0.539561
0.545361
0.501614
0.540927
0.562597
0.456173
0.522586
0.483900
0.582453
0.486150
0.512740
0.529581
0.420516
0.493318
0.531727
0.619644
0.633821
0.458107
0.448552
0.569835
0.474983
0.565385
0.467896
0.627475
0.400979
0.458055
0.433612
0.423432
0.587347
0.600904
0.462328
0.487354
0.485658
0.537306
0.419549
0.445982
0.474935
0.458545
0.451202
0.458926
0.528973
0.479887
0.478252
0.464971
0.442279
0.467982
0.553608
0.471748
0.512002
0.448564
0.476918
0.584295
0.435220
0.437996
0.447056
0.466142
0.433868
0.499202
0.672288
0.527644
0.452251
0.467765
0.395980
0.420262
0.485391
0.392755
0.553440
0.448806
0.444661
0.510508
0.428057
0.490775
0.450561
0.491590
0.509114
0.457627
0.397193
0.525562
0.511025
0.620340
0.528141
0.454130
0.534295
0.516103
0.460753
0.418929
0.442604
0.691129
0.439330
0.414894
0.435474
0.488451
0.415752
0.412660
0.440735
0.453165
0.438724
0.465384
0.467577
0.522627
0.618697
0.484156
0.418217
0.585209
0.467705
0.589527
0.502025
0.466594
0.455244
0.473506
0.415924
0.471006
0.540666
0.486762
0.398173
0.701976
0.443072
0.448983
0.505373
0.395844
0.376331
0.438967
0.449785
0.462716
0.490981
0.600060
0.620338
0.510293
0.530005
0.419588
0.506577
0.501950
0.511367
0.408818
0.490689
0.545069
0.506704
0.456266
0.562494
0.529408
0.460072
0.445874
0.513052
0.489054
0.507058
0.526089
0.571006
0.429633
0.448908
0.540650
0.576160
0.420121
0.502603
0.502437
0.454909
0.459361
0.512426
0.495719
0.467483
0.454886
0.463849
0.472663
0.431756
0.589848
0.470982
0.526754
0.533761
0.539327
0.408335
0.578889
0.390619
0.437787
0.422338
0.524648
0.471642
0.509294
0.495898
0.530269
0.510882
0.477018
0.513425
0.488884
0.427554
0.460744
0.417951
0.420512
0.419383
0.537570
0.452243
0.405051
0.374445
0.431360
0.456428
0.439542
0.407207
0.405681
0.459730
0.458469
0.453771
0.462856
0.404816
0.430855
0.395432
0.576978
0.376993
0.442809
0.416489
0.468925
0.412963
0.467133
0.404490
0.618568
0.564290
0.400452
0.615575
0.437942
0.596604
0.385311
0.450965
0.500118
0.410531
0.398712
0.445440
0.417451
0.398751
0.478371
0.491791
0.560929
0.444017
0.484839
0.372159
0.480811
0.372901
0.505092
0.473940
0.521186
0.448891
0.449602
0.440525
0.471376
0.493823
0.487183
0.398528
0.467762
0.440777
0.504967
0.397825
0.431877
0.489564
0.381413
0.428560
0.455796
0.477916
0.429609
0.404587
0.482429
0.453212
0.480112
0.504423
0.391066
0.420262
0.579735
0.499722
0.385355
0.480470
0.435115
0.487753
0.425157
0.587952
0.411445
0.427351
0.417959
0.438450
0.513924
0.487144
0.464154
0.509239
0.541247
0.457570
0.430821
0.434165
0.389010
0.511884
0.488847
0.446514
0.526736
0.466390
0.576363
0.484086
0.555288
0.594865
0.536700
0.483129
0.425549
0.500873
0.544643
0.526182
0.607971
0.488423
0.599864
0.560185
0.458113
0.520329
0.602445
0.609818
0.469998
0.668992
0.577255
0.580803
0.485586
0.494850
0.633641
0.477957
0.491259
0.807267
0.512923
0.580919
0.436189
0.503329
0.486999
0.447428
0.497668
0.516802
0.521239
0.527152
0.479207
0.549930
0.530612
0.524983
0.508200
0.452636
0.573544
0.613425
0.476173
0.550469
0.520330
0.543600
0.541103
0.504208
0.546510
0.616189
0.573440
0.601901
0.649617
0.548106
0.511908
0.463488
0.594818
0.537072
0.512628
0.506182
0.456393
0.658665
0.490362
0.514186
0.636371
0.461430
0.487315
0.453417
0.490634
0.571805
0.659080
0.486775
0.409553
0.474309
0.533354
0.469846
0.503738
0.398565
0.499965
0.550702
0.456618
0.538935
0.563664
0.516434
0.469278
0.582502
0.445364
0.455610
0.601378
0.497147
0.475729
0.596308
0.408944
0.490187
0.477923
0.530045
0.494404
0.437551
0.488542
0.403111
0.405805
0.445002
0.405204
0.515904
0.482799
0.530289
0.489994
0.435754
0.466560
0.500444
0.421990
0.393687
0.462435
0.415495
0.511693
0.607413
0.530689
0.479280
0.438129
0.558843
0.372979
0.399508
0.410861
0.543444
0.480832
0.693079
0.401197
0.426909
0.408266
0.636572
0.505447
0.488577
0.406777
0.419738
0.393168
0.392917
0.476591
0.511409
0.468193
0.450689
0.543828
0.496022
0.443262
0.432919
0.543746
0.505507
0.537854
0.409160
0.491561
0.427753
0.528735
0.492233
0.410908
0.423907
0.447735
0.577577
0.466804
0.459052
0.518949
0.437593
0.465289
0.450773
0.462842
0.411958
0.405489
0.397006
0.530741
0.375874
0.488853
0.505794
0.413951
0.383427
0.474167
0.429256
0.402005
0.455338
0.542558
0.448957
0.379991
0.436018
0.508454
0.415084
0.399940
0.390137
0.396306
0.611638
0.384461
0.426304
0.417024
0.405046
0.473034
0.411558
0.385994
0.419694
0.485750
0.444412
0.415487
0.396978
0.380490
0.425115
0.424490
0.401540
0.419585
0.437620
0.430696
0.394451
0.634595
0.459074
0.401841
0.498869
0.515916
0.458857
0.513950
0.522337
0.462054
0.474797
0.486052
0.501997
0.540982
0.483029
0.460751
0.498166
0.454915
0.433353
0.502800
0.493093
0.462384
0.484669
0.429718
0.555064
0.476921
0.461504
0.409894
0.545634
0.402967
0.475800
0.471105
0.424883
0.515859
0.394453
0.471177
0.448541
0.384950
0.490136
0.450662
0.393386
0.439085
0.449896
0.670969
0.388826
0.383698
0.408367
0.486655
0.467772
0.427821
0.470421
0.440577
0.399458
0.421250
0.413785
0.521375
0.454548
0.447558
0.421137
0.450988
0.512414
0.495042
0.416414
0.526957
0.523568
0.427625
0.464810
0.548949
0.469747
0.415989
0.411080
0.433755
0.515229
0.431912
0.419335
0.420914
0.427918
0.445232
0.443358
0.484173
0.433854
0.436961
0.432411
0.437855
0.466183
0.388739
0.380102
0.500145
0.377275
0.449883
0.528807
0.433567
0.439582
0.490015
0.403789
0.520075
0.478406
0.411336
0.441270
0.483585
0.410601
0.404626
0.456652
0.492948
0.471621
0.406137
0.465743
0.509377
0.598117
0.421993
0.527463
0.418683
0.401004
0.397768
0.437660
0.490330
0.469733
0.475040
0.396317
0.473510
0.430378
0.447126
0.428479
0.529527
0.453852
0.429297
0.459963
0.405739
0.344402
0.436177
0.433830
0.361228
0.468787
0.424480
0.428714
0.407456
0.378551
0.388552
0.478935
0.406469
0.401152
0.506472
0.410711
0.383144
0.466814
0.431967
0.356744
0.404825
0.432776
0.449996
0.432142
0.412075
0.504286
0.468310
0.448655
0.439069
0.400580
0.535139
0.439854
0.498124
0.418868
0.422425
0.515464
0.545670
0.456043
0.488499
0.413096
0.463343
0.626122
0.406631
0.420567
0.505029
0.464950
0.486906
0.433052
0.482406
0.417941
0.497510
0.418559
0.389991
0.417553
0.456471
0.420946
0.434461
0.479662
0.435650
0.396924
0.492677
0.389252
0.504722
0.452844
0.391699
0.395988
0.412279
0.469191
0.485959
0.379832
0.395535
0.449422
0.421245
0.458337
0.453350
0.420251
0.383452
0.459920
0.455021
0.393404
0.415003
0.451425
0.408831
0.408065
0.441892
0.381578
0.518639
0.398974
0.379232
0.463606
0.433925
0.496054
0.508087
0.413367
0.389198
0.457132
0.499798
0.421288
0.438844
0.390914
0.367672
0.360178
0.512537
0.503544
0.424384
0.480928
0.423132
0.469980
0.454236
0.441268
0.434582
0.486038
0.475619
0.484894
0.418286
0.508394
0.462851
0.503502
0.562925
0.536720
0.424041
0.571722
0.766837
0.515559
0.416894
0.458715
0.580051
0.509532
0.599953
0.541712
0.524516
0.502101
0.447108
0.423837
0.512011
0.494988
0.426463
0.507924
0.466739
0.384909
0.457385
0.480827
0.418062
0.435463
0.515573
0.460202
0.516098
0.497573
0.472599
0.410974
0.463211
0.570797
0.403116
0.378199
0.457805
0.394665
0.486205
0.590372
0.413137
0.505246
0.491531
0.535258
0.471641
0.527182
0.459328
0.470783
0.489460
0.576383
0.413228
0.495444
0.489774
0.549053
0.477719
0.489294
0.607027
0.453989
0.470811
0.528422
0.571713
0.439102
0.549695
0.615506
0.588844
0.455138
0.428821
0.472768
0.544915
0.441409
0.517334
0.444360
0.537459
0.649022
0.547751
0.434453
0.493632
0.443825
0.503647
0.658149
0.438370
0.513747
0.509568
0.429811
0.534448
0.500262
0.418937
0.487625
0.508802
0.413014
0.409098
0.492455
0.472298
0.511331
0.529915
0.425951
0.474629
0.460559
0.466877
0.480943
0.461916
0.451535
0.571966
0.444401
0.383299
0.466949
0.446789
0.471747
0.391729
0.434054
0.390888
0.459175
0.554112
0.420301
0.461279
0.455070
0.468961
0.472938
0.434125
0.451666
0.415685
0.469438
0.521751
0.553795
0.409987
0.517461
0.443072
0.398447
0.430816
0.390565
0.459276
0.603911
0.437407
0.407394
0.494976
0.509242
0.549803
0.441401
0.443296
0.474281
0.453476
0.516227
0.443463
0.442671
0.533711
0.460069
0.459120
0.408538
0.471419
0.427182
0.457131
0.459582
0.425477
0.493619
0.408357
0.376027
0.502414
0.406916
0.459638
0.365374
0.457385
0.479992
0.519843
0.410920
0.397010
0.428107
0.399122
0.419461
0.461639
0.451720
0.447697
0.480201
0.457279
0.420254
0.463681
0.530478
0.446310
0.434511
0.413767
0.409064
0.427272
0.446967
0.423622
0.512125
0.468281
0.583613
0.381862
0.479995
0.370996
0.425351
0.397265
0.455321
0.502286
0.543091
0.392592
0.425546
0.411644
0.407920
0.381814
0.480454
0.381596
0.475594
0.579976
0.489422
0.499723
0.402936
0.574790
0.393927
0.426010
0.440000
0.439535
0.528465
0.489118
0.446331
0.416938
0.397041
0.431266
0.447620
0.803242
0.387568
0.557060
0.468347
0.458880
0.465937
0.531363
0.434095
0.599053
0.522547
0.415823
0.496843
0.433502
0.452235
0.409039
0.425245
0.574267
0.490338
0.394357
0.536589
0.901488
0.478844
0.635568
0.578183
0.547284
0.675461
0.814795
0.769865
0.716491
0.463935
0.668432
0.552215
0.569635
0.577150
0.789974
0.685491
0.581735
0.610391
0.550610
0.725509
0.572977
0.697862
0.656604
0.576110
0.609713
0.675977
0.560971
0.650109
0.585310
0.974731
0.628199
0.787896
0.719774
0.672004
0.731658
0.544257
0.773642
0.543660
0.599450
0.644709
0.574792
0.612710
0.482155
0.648134
0.582115
0.630631
0.566981
0.549309
0.586272
0.513706
0.820181
0.537286
0.623428
0.571420
0.546290
0.683419
0.510779
0.650239
0.541360
0.728320
0.517059
0.568507
0.533656
0.539772
0.553591
0.547990
0.458273
0.498399
0.588929
0.489182
0.446292
0.497430
0.583135
0.444554
0.554488
0.611300
0.481344
0.523738
0.564036
0.629124
0.576781
0.467025
0.508117
0.485687
0.474282
0.559574
0.552726
0.500944
0.462818
0.504547
0.406530
0.537655
0.562476
0.431671
0.465666
0.452855
0.595177
0.449146
0.416858
0.377868
0.476098
0.478475
0.480786
0.405018
0.475663
0.450341
0.382607
0.521062
0.441142
0.459310
0.418796
0.458463
0.510147
0.634368
0.489377
0.416103
0.501148
0.500506
0.395037
0.489161
0.449216
0.508567
0.473222
0.443286
0.446267
0.429770
0.449337
0.341202
0.524057
0.457655
0.369494
0.402295
0.454383
0.505849
0.547458
0.458162
0.511200
0.494267
0.474282
0.524312
0.458050
0.413069
0.483221
0.400258
0.512444
0.404736
0.456423
0.437462
0.555873
0.557741
0.439044
0.539874
0.451063
0.520327
0.468162
0.435706
0.433452
0.492099
0.460843
0.453952
0.447394
0.536645
0.442142
0.415491
0.427334
0.481759
0.517827
0.494587
0.407857
0.425193
0.600103
0.492058
0.453603
0.447860
0.401571
0.413524
0.382006
0.398853
0.483580
0.542744
0.448020
0.430522
0.419662
0.414394
0.459797
0.502800
0.392163
0.399873
0.424467
0.402936
0.427518
0.460599
0.407608
0.356877
0.410365
0.425773
0.416267
0.498868
0.456098
0.429213
0.414477
0.397556
0.431246
0.376119
0.434652
0.393014
0.355058
0.386129
0.403810
0.400701
0.392986
0.384155
0.425434
0.369077
0.427927
0.459730
0.442830
0.399616
0.459384
0.435714
0.421682
0.352197
0.452830
0.400016
0.428462
0.464284
0.391460
0.456470
0.396774
0.445207
0.490588
0.391254
0.377494
0.405576
0.390938
0.351922
0.338281
0.426597
0.464060
0.352627
0.415907
0.493235
0.394738
0.380640
0.413531
0.412817
0.448488
0.421066
0.415769
0.382605
0.406592
0.409242
0.414803
0.391391
0.467596
0.401127
0.413423
0.360263
0.463298
0.454754
0.397346
0.453577
0.652213
0.423417
0.423489
0.433072
0.423185
0.338906
0.470170
0.419416
0.387437
0.393338
0.434396
0.611265
0.415728
0.369771
0.404211
0.366102
0.471465
0.401099
0.499014
0.379252
0.359333
0.462820
0.375320
0.443789
0.446897
0.407194
0.395255
0.422774
0.416666
0.426499
0.484019
0.357175
0.374421
0.381602
0.364420
0.391075
0.408983
0.534529
0.419250
0.406571
0.459315
0.390006
0.369691
0.440297
0.425173
0.337086
0.377088
0.418400
0.391682
0.371698
0.373416
0.348666
0.411415
0.456304
0.379006
0.363454
0.414672
0.454319
0.363791
0.414251
0.401882
0.428878
0.393509
0.371253
0.482874
0.403883
0.483778
0.446768
0.403445
0.414828
0.429620
0.444460
0.462466
0.447082
0.423250
0.382041
0.483567
0.402969
0.333753
0.426545
0.495092
0.398167
0.363774
0.382942
0.394711
0.433077
0.427606
0.387071
0.490481
0.428468
0.439727
0.393942
0.414786
0.418000
0.415672
0.501926
0.389505
0.360142
0.408287
0.438158
0.456823
0.433546
0.432893
0.365576
0.492578
0.448739
0.384945
0.476789
0.567495
0.411543
0.413206
0.440113
0.495674
0.462203
0.388533
0.596369
0.408303
0.418854
0.385568
0.384751
0.434625
0.359607
0.498807
0.370673
0.411073
0.648344
0.432606
0.373183
0.499943
0.579927
0.483913
0.453771
0.392612
0.453460
0.403011
0.429509
0.459650
0.441440
0.425284
0.413452
0.446738
0.503926
0.392325
0.381002
0.409985
0.417737
0.418755
0.478382
0.407283
0.394742
0.381296
0.373035
0.401241
0.385610
0.459698
0.370701
0.422530
0.385021
0.433699
0.389634
0.504127
0.378472
0.426970
0.436239
0.401823
0.420479
0.401332
0.366838
0.398548
0.397093
0.403374
0.402693
0.429028
0.429365
0.399683
0.378413
0.418061
0.359305
0.389981
0.373879
0.379099
0.395198
0.439978
0.464791
0.453272
0.389873
0.356094
0.382166
0.394168
0.398249
0.431354
0.360942
0.372057
0.365859
0.499873
0.474766
0.430639
0.424571
0.324588
0.450247
0.438529
0.394740
0.378331
0.386520
0.374478
0.423308
0.319014
0.400175
0.395491
0.454645
0.405478
0.378677
0.483728
0.351705
0.406134
0.416714
0.427901
0.388320
0.402890
0.411717
0.449623
0.371532
0.424535
0.387488
0.359404
0.391350
0.363879
0.363871
0.318059
0.408264
0.404997
0.398793
0.426975
0.406429
0.449028
0.411362
0.389817
0.380354
0.399813
0.374471
0.456356
0.419902
0.474988
0.453432
0.390628
0.434042
0.442582
0.359755
0.375400
0.375348
0.465661
0.619988
0.451219
0.450224
0.410163
0.426353
0.395558
0.423834
0.446931
0.370988
0.319201
0.427063
0.437243
0.351785
0.477780
0.355537
0.541794
0.401019
0.420202
0.419129
0.457763
0.327046
0.377423
0.465540
0.402270
0.370677
0.338060
0.425022
0.435193
0.419139
0.594966
0.448436
0.387272
0.374473
0.421222
0.363094
0.427204
0.424227
0.399276
0.332081
0.349783
0.471195
0.424286
0.391184
0.483580
0.388758
0.522163
0.454979
0.453158
0.424745
0.529351
0.456107
0.452108
0.361665
0.397884
0.403087
0.483396
0.365683
0.398267
0.404269
0.434496
0.385876
0.367802
0.428423
0.399099
0.415161
0.437287
0.370581
0.377207
0.402113
0.377903
0.404450
0.344994
0.409428
0.371138
0.419844
0.368892
0.374039
0.360927
0.449252
0.408935
0.365070
0.426988
0.344010
0.393775
0.394641
0.438513
0.424716
0.397815
0.438787
0.436101
0.348256
0.445842
0.408240
0.365179
0.431970
0.396711
0.522096
0.358716
0.347939
0.449672
0.427753
0.445733
0.450008
0.413167
0.369527
0.410474
0.395226
0.452570
0.453101
0.461597
0.386691
0.400258
0.412695
0.371388
0.452213
0.363254
0.411913
0.378729
0.431756
0.349779
0.405427
0.412245
0.393656
0.491649
0.366535
0.501415
0.392345
0.405782
0.378364
0.391978
0.368715
0.393133
0.437030
0.425466
0.419187
0.433036
0.376530
0.381848
0.341533
0.377434
0.339816
0.384667
0.372147
0.400505
0.385063
0.350678
0.471796
0.375329
0.426914
0.379528
0.458310
0.353580
0.472955
0.427187
0.425212
0.406273
0.392784
0.401982
0.411757
0.424760
0.381635
0.340906
0.421227
0.334777
0.376717
0.467703
0.404291
0.408272
0.334928
0.399406
0.419271
0.394087
0.332228
0.382036
0.401352
0.355414
0.393798
0.393413
0.478178
0.400102
0.373583
0.403596
0.419215
0.427935
0.465411
0.375729
0.413626
0.362522
0.504608
0.415012
0.393911
0.375716
0.420595
0.387396
0.418349
0.328111
0.381139
0.440760
0.346221
0.473799
0.435684
0.424489
0.424091
0.373270
0.396638
0.366164
0.370308
0.388429
0.375388
0.322771
0.383374
0.385485
0.418826
0.419179
0.439701
0.404340
0.348510
0.389317
0.331279
0.426428
0.401268
0.376437
0.379933
0.384693
0.406763
0.363207
0.451711
0.629786
0.404186
0.432762
0.453909
0.398534
0.540776
0.449916
0.383178
0.400396
0.404625
0.445111
0.348700
0.399285
0.447046
0.307994
0.358012
0.316298
0.430373
0.561918
0.335013
0.344175
0.403332
0.408571
0.434085
0.580689
0.381483
0.444013
0.388323
0.395740
0.452100
0.410822
0.406422
0.367928
0.445632
0.466204
0.360702
0.373037
0.392844
0.457219
0.404527
0.460677
0.485127
0.374842
0.471520
0.380480
0.340653
0.479497
0.465968
0.423339
0.455993
0.416563
0.401381
0.436146
0.394994
0.378522
0.401067
0.354502
0.409361
0.324998
0.376539
0.485119
0.404693
0.405008
0.447178
0.558613
0.483906
0.550893
0.467350
0.513153
0.716249
0.536328
0.484450
0.584368
0.705274
0.794703
0.454088
0.499416
0.553949
0.764607
0.798287
0.852849
0.543395
0.537494
0.767447
0.579123
0.495523
0.585652
0.674870
0.813516
0.749814
0.771325
0.569629
1.122908
0.636476
0.749627
0.555009
0.639443
0.784006
0.782050
0.782067
0.848811
0.873945
0.816822
0.796470
0.783543
0.699853
0.699130
0.706643
0.795970
0.943567
1.079181
0.661798
0.786891
0.655260
0.786016
0.699482
0.654652
0.759520
0.808781
0.615757
0.660089
0.587149
0.653189
0.655896
0.524863
0.626470
0.623451
0.650667
0.634233
0.764027
0.485025
0.567786
0.543214
0.584850
0.615908
0.503437
0.513864
0.564830
0.733312
0.519421
0.496484
0.516635
0.521685
0.466583
0.435998
0.694436
0.503033
0.478900
0.520177
0.548047
0.556142
0.561386
0.486713
0.538412
0.537066
0.501263
0.438196
0.603871
0.588564
0.564628
0.827678
0.472225
0.516922
0.606947
0.654929
0.587936
0.576268
0.465369
0.492511
0.574592
0.554610
0.556671
0.514627
0.492100
0.469061
0.494083
0.490172
0.518068
0.727286
0.577823
0.557253
0.609963
0.438451
0.524461
0.619523
0.506560
0.563173
0.505665
0.406032
0.486913
0.475964
0.447555
0.442067
0.494403
0.448547
0.467354
0.696635
0.535924
0.440650
0.508302
0.553443
0.446887
0.486663
0.618150
0.555231
0.442461
0.542281
0.589283
0.481584
0.440149
0.627197
0.503483
0.639337
0.395532
0.563731
0.554142
0.570680
0.506474
0.543442
0.436539
0.531035
0.389893
0.584942
0.424859
0.476477
0.448058
0.473372
0.453033
0.428349
0.484682
0.508981
0.404154
0.463975
0.451154
0.480472
0.487212
0.427204
0.555961
0.456092
0.422378
0.439574
0.485535
0.483143
0.554983
0.409357
0.427259
0.495397
0.445419
0.456102
0.398885
0.495882
0.492995
0.510888
0.488458
0.427145
0.470266
0.497361
0.471588
0.551877
0.422985
0.501143
0.476264
0.426346
0.421885
0.619924
0.425304
0.377575
0.488034
0.482443
0.502470
0.509010
0.470770
0.447998
0.506719
0.443303
0.431881
0.458424
0.372411
0.522275
0.513005
0.344237
0.460799
0.541218
0.472782
0.431592
0.570507
0.514641
0.460251
0.491488
0.404801
0.412402
0.439728
0.458966
0.427996
0.488622
0.415157
0.470140
0.440775
0.497985
0.462254
0.436903
0.417146
0.572193
0.597163
0.504160
0.500215
0.412197
0.443287
0.669501
0.694802
0.426524
0.408615
0.370301
0.423585
0.433360
0.462959
0.485133
0.421048
0.481399
0.469129
0.435105
0.435197
0.478158
0.457203
0.517702
0.423601
0.393750
0.450497
0.426848
0.348258
0.468751
0.446064
0.479431
0.399182
0.464181
0.356899
0.431984
0.416695
0.463479
0.434182
0.466098
0.365100
0.489783
0.395995
0.514464
0.414288
0.346193
0.391077
0.366201
0.513018
0.493175
0.395601
0.434205
0.474157
0.462024
0.442093
0.406570
0.487823
0.414126
0.468228
0.607006
0.472278
0.429537
0.356772
0.417846
0.491422
0.440122
0.378989
0.463652
0.398981
0.444853
0.486611
0.381300
0.430301
0.383317
0.448563
0.434200
0.415938
0.370496
0.456727
0.516931
0.461048
0.432333
0.417284
0.372430
0.472345
0.443689
0.474234
0.446151
0.597690
0.419481
0.514873
0.421685
0.489792
0.443044
0.503689
0.422145
0.437685
0.493805
0.425039
0.448524
0.490167
0.589875
0.478205
0.461535
0.471630
0.461043
0.537181
0.604337
0.494734
0.406267
0.387573
0.418010
0.458163
0.459500
0.581022
0.412384
0.521615
0.420323
0.421323
0.447058
0.467370
0.627896
0.359806
0.388682
0.463558
0.486440
0.486577
0.519256
0.431979
0.524822
0.476494
0.476254
0.375452
0.579520
0.363201
0.505558
0.435495
0.492749
0.396474
0.472050
0.433148
0.466709
0.389272
0.476054
0.486546
0.428557
0.485298
0.596974
0.489452
0.483523
0.403631
0.418652
0.467426
0.443146
0.438001
0.446833
0.518191
0.493808
0.478117
0.467947
0.468454
0.348780
0.445584
0.439329
0.511370
0.468591
0.394816
0.413824
0.514883
0.419893
0.436232
0.508258
0.457168
0.404191
0.400730
0.365001
0.440475
0.539169
0.432674
0.370391
0.464728
0.476952
0.491306
0.453497
0.390005
0.455890
0.390788
0.417611
0.417704
0.427153
0.425453
0.501638
0.363531
0.378810
0.381910
0.382471
0.363780
0.548264
0.392061
0.391002
0.396381
0.474793
0.368210
0.431194
0.397954
0.355928
0.400227
0.517151
0.371348
0.393393
0.390585
0.359074
0.443152
0.423166
0.339299
0.415089
0.408410
0.516438
0.444099
0.380008
0.409066
0.326398
0.412329
0.343739
0.395279
0.430271
0.391181
0.352540
0.414959
0.403480
0.337000
0.410282
0.366676
0.399343
0.359642
0.362682
0.419836
0.393043
0.435540
0.430313
0.358017
0.357337
0.367265
0.367398
0.363325
0.395603
0.375983
0.402121
0.385909
0.438643
0.404104
0.373265
0.377966
0.347347
0.363655
0.350955
0.368496
0.368028
0.411973
0.348496
0.389523
0.419387
0.343573
0.384181
0.346811
0.450829
0.322850
0.367819
0.436466
0.424651
0.463348
0.416044
0.350009
0.393345
0.423409
0.417892
0.342538
0.335305
0.413939
0.410688
0.371334
0.389026
0.372351
0.351725
0.430891
0.417111
0.402208
0.397515
0.584401
0.358748
0.390116
0.382169
0.529102
0.432958
0.414475
0.503464
0.397643
0.353088
0.387128
0.644902
0.509990
0.405184
0.386048
0.385095
0.375629
0.372295
0.392260
0.354407
0.418336
0.454999
0.367934
0.346923
0.355177
0.337634
0.406553
0.329247
0.376320
0.426100
0.371840
0.316543
0.378668
0.370292
0.385524
0.391799
0.347084
0.376159
0.360941
0.397498
0.409106
0.431387
0.366314
0.331592
0.302517
0.378739
0.426660
0.373397
0.298630
0.356607
0.372372
0.432817
0.353646
0.430113
0.347252
0.434122
0.362662
0.369110
0.343253
0.337886
0.354515
0.458626
0.436191
0.414566
0.360485
0.342335
0.355533
0.336828
0.367636
0.360484
0.378467
0.340141
0.354365
0.326840
0.438949
0.413799
0.334893
0.391173
0.347516
0.359908
0.363628
0.400169
0.390060
0.388370
0.361626
0.365449
0.421719
0.364502
0.472440
0.377795
0.362564
0.413257
0.349379
0.345930
0.338339
0.389517
0.359717
0.364976
0.418165
0.417737
0.396635
0.388731
0.373251
0.368853
0.390851
0.508044
0.398022
0.400468
0.523833
0.378324
0.428532
0.350258
0.377181
0.503249
0.353562
0.360729
0.348900
0.365713
0.394981
0.368211
0.414304
0.346122
0.370950
0.399049
0.442798
0.343655
0.334869
0.337822
0.340213
0.375591
0.323154
0.357255
0.338410
0.322940
0.456711
0.374837
0.372699
0.381716
0.355322
0.353847
0.337616
0.382809
0.353383
0.354762
0.340837
0.360062
0.424876
0.328992
0.350708
0.386376
0.354350
0.389064
0.392875
0.391588
0.349048
0.352255
0.355414
0.515031
0.335372
0.359630
0.316989
0.393674
0.360292
0.377993
0.364815
0.402822
0.391056
0.443219
0.331701
0.352396
0.404466
0.404396
0.392444
0.449547
0.366432
0.422260
0.431403
0.462434
0.324410
0.398153
0.385011
0.364123
0.377463
0.369374
0.341657
0.448513
0.416145
0.368601
0.399141
0.478467
0.375206
0.481522
0.352824
0.367971
0.428601
0.383554
0.462598
0.323338
0.351473
0.349373
0.354809
0.404220
0.331625
0.392324
0.412342
0.392016
0.337674
0.381052
0.395098
0.396623
0.333006
0.338546
0.364580
0.391211
0.489158
0.466673
0.369056
0.367504
0.381077
0.338090
0.329960
0.428461
0.363531
0.376916
0.354698
0.455493
0.419560
0.413169
0.368731
0.359698
0.443828
0.376802
0.407684
0.393668
0.372476
0.547127
0.398369
0.373428
0.378930
0.399653
0.383628
0.339924
0.417530
0.330696
0.376948
0.398148
0.412522
0.400138
0.432073
0.485195
0.376975
0.324957
0.389090
0.310426
0.364832
0.337650
0.428440
0.457412
0.362550
0.340162
0.309890
0.384211
0.383229
0.471759
0.453468
0.426209
0.419484
0.407335
0.379439
0.349881
0.314497
0.333537
0.398756
0.453936
0.401397
0.384414
0.315320
0.351894
0.371733
0.338467
0.441232
0.371955
0.348163
0.384051
0.384951
0.353995
0.407150
0.339068
0.335148
0.345803
0.367993
0.524065
0.443166
0.372024
0.369341
0.434126
0.391157
0.342358
0.394169
0.443720
0.353350
0.377697
0.363592
0.332047
0.380154
0.379760
0.300601
0.352675
0.363679
0.335623
0.350924
0.398989
0.363274
0.335289
0.413518
0.356639
0.438730
0.339306
0.371925
0.364116
0.426728
0.329862
0.395169
0.354226
0.348394
0.378192
0.353075
0.393913
0.357526
0.386836
0.382209
0.385836
0.394007
0.342953
0.356819
0.387269
0.413004
0.384975
0.350530
0.369722
0.314984
0.423350
0.462389
0.394459
0.372015
0.398967
0.319588
0.437538
0.356207
0.341561
0.319010
0.377734
0.418308
0.347829
0.419607
0.378947
0.351311
0.366998
0.397801
0.399742
0.410499
0.381505
0.371948
0.366837
0.404778
0.323551
0.399593
0.316924
0.351937
0.368169
0.316651
0.371149
0.400487
0.406595
0.355093
0.418331
0.505005
0.389535
0.345323
0.431473
0.376384
0.501270
0.421709
0.332933
0.349332
0.396420
0.456846
0.413098
0.397143
0.427404
0.331671
0.452270
0.492723
0.444442
0.356872
0.406693
0.458100
0.422069
0.362683
0.406006
0.379846
0.368807
0.349654
0.438294
0.443997
0.433151
0.433020
0.464327
0.633176
0.458836
0.468307
0.439474
0.374069
0.457885
0.524968
0.405327
0.400285
0.434932
0.438995
0.414669
0.455323
0.382637
0.492505
0.438384
0.406024
0.522994
0.461592
0.577882
0.389486
0.382208
0.377572
0.452313
0.373541
0.429045
0.405466
0.444536
0.422594
0.386767
0.357771
0.451550
0.441442
0.423176
0.417166
0.559656
0.377229
0.387562
0.491537
0.419641
0.400408
0.420571
0.392379
0.377066
0.458210
0.371490
0.424151
0.348127
0.359404
0.417809
0.484870
0.375028
0.362335
0.377144
0.403023
0.457257
0.482591
0.447351
0.447084
0.361101
0.386847
0.376624
0.425584
0.381993
0.410636
0.397735
0.409804
0.465128
0.369463
0.399042
0.431604
0.574630
0.390421
0.407277
0.345420
0.400831
0.440349
0.428697
0.430811
0.423249
0.406044
0.419118
0.353845
0.436124
0.571966
0.347213
0.417072
0.407148
0.511274
0.403489
0.468979
0.440234
0.456637
0.436275
0.383985
0.426486
0.457120
0.433956
0.471559
0.443467
0.383319
0.444706
0.526426
0.437938
0.398033
0.359171
0.425944
0.390895
0.399949
0.378767
0.447988
0.515848
0.362297
0.422094
0.429516
0.385707
0.388066
0.390440
0.453985
0.460500
0.408377
0.469685
0.515285
0.360392
0.432446
0.366273
0.368837
0.417969
0.490074
0.393597
0.407732
0.460943
0.465495
0.501982
0.538464
0.415268
0.490926
0.394847
0.391051
0.370802
0.398108
0.450099
0.454482
0.420590
0.346820
0.452190
0.483300
0.453769
0.412232
0.404250
0.408133
0.359043
0.365924
0.400243
0.500087
0.436381
0.405988
0.395986
0.361456
0.388890
0.409041
0.491464
0.481207
0.402519
0.414453
0.414960
0.464675
0.434135
0.393005
0.341534
0.403194
0.469893
0.375777
0.404599
0.376217
0.421480
0.346773
0.445652
0.402393
0.338905
0.360757
0.338953
0.332125
0.332734
0.438208
0.412755
0.396242
0.359186
0.379218
0.469201
0.333814
0.333661
0.350369
0.437239
0.402739
0.347977
0.353774
0.439991
0.407458
0.360863
0.342503
0.406739
0.401390
0.352114
0.331903
0.364323
0.415831
0.349392
0.399264
0.350796
0.354037
0.331001
0.364360
0.334103
0.390464
0.447082
0.349002
0.351124
0.402045
0.345617
0.481249
0.315667
0.356516
0.386164
0.376434
0.413929
0.438450
0.368726
0.465921
0.333106
0.392014
0.404379
0.391397
0.361938
0.352255
0.404513
0.380729
0.401842
0.400123
0.372172
0.374512
0.456851
0.369988
0.488683
0.365093
0.450601
0.452039
0.360252
0.426433
0.389597
0.395766
0.494352
0.353118
0.364550
0.418665
0.373912
0.460442
0.375695
0.385132
0.357402
0.397331
0.303669
0.442309
0.398575
0.358403
0.421499
0.465463
0.360631
0.378014
0.352020
0.378152
0.372296
0.469822
0.377110
0.438195
0.401982
0.364849
0.368786
0.359672
0.390289
0.402953
0.393993
0.456067
0.343130
0.367248
0.415755
0.372092
0.337241
0.372552
0.343731
0.403491
0.375221
0.343256
0.411687
0.300795
0.342681
0.343308
0.300666
0.388503
0.375050
0.359134
0.327688
0.341943
0.384392
0.424632
0.362856
0.370288
0.348348
0.375585
0.370400
0.360274
0.417456
0.385038
0.417566
0.414141
0.360928
0.373940
0.405533
0.416363
0.362489
0.442889
0.317129
0.365962
0.354174
0.355715
0.423915
0.442566
0.338128
0.334843
0.344721
0.367864
0.413794
0.523310
0.398094
0.415627
0.392305
0.460260
0.382880
0.418862
0.366022
0.542583
0.382713
0.392788
0.440447
0.357613
0.355458
0.461519
0.441273
0.526508
0.461068
0.376561
0.430589
0.364610
0.396712
0.371390
0.365021
0.364871
0.398766
0.440263
0.450101
0.381220
0.395058
0.417040
0.415419
0.566757
0.423218
0.437627
0.408142
0.556366
0.444259
0.368343
0.391634
0.375858
0.447862
0.345473
0.426163
0.404300
0.391325
0.444665
0.394731
