140.604172
3873.705811
3345.968994
4662.862793
5139.244141
3484.125000
2758.885010
1240.768188
1354.105713
1107.225586
696.913818
652.773010
466.155273
458.920013
497.788116
445.323334
370.573029
289.165771
364.526123
304.835114
189.698746
192.247177
170.340439
181.978912
140.163635
89.519821
58.634075
50.883564
38.493660
23.177179
17.176908
13.272843
10.456244
12.226640
12.998496
13.960401
17.736322
17.532440
18.692764
18.637947
18.283915
18.770273
19.628424
17.335585
20.817286
19.475613
21.532251
19.992990
15.890457
15.165967
14.230748
10.370212
11.544038
11.654531
10.165741
8.774312
10.573927
8.642490
8.577400
10.624358
12.997574
12.734402
11.461987
17.260403
11.851768
9.719128
6.354342
8.605624
7.248899
9.470335
10.417667
9.027104
8.558364
5.960517
6.566716
6.121811
7.320852
5.170521
5.804568
6.682456
5.830679
6.637164
7.406644
6.666344
7.375552
6.386486
6.553354
5.011144
5.000146
6.232075
5.817636
6.513760
6.947539
7.072968
7.641383
6.252945
5.563469
7.728273
7.146310
6.854425
9.155966
10.820929
8.683200
10.174538
8.264201
11.607768
8.966005
8.730887
9.876348
6.717873
6.374799
6.219685
5.822186
6.017624
6.134751
6.941217
6.119822
5.800858
5.861866
5.380691
4.903226
5.878024
5.303757
6.478893
5.949461
4.445994
5.502623
6.137486
6.328846
7.739718
7.341937
8.560655
6.762118
7.006631
7.370941
5.558957
6.395125
7.545724
7.360384
7.228886
8.000775
7.948560
7.011530
8.676262
6.994459
6.488303
6.769305
6.227924
5.672317
6.018773
6.126411
5.820950
4.248098
5.041837
5.677866
3.943774
4.828402
4.878187
4.426985
5.493375
6.106595
5.701554
5.440240
6.114405
5.872122
5.142452
5.755070
5.289535
5.594671
5.921253
5.307652
6.120707
5.100767
5.247573
6.688664
5.571882
6.185169
7.093566
7.146538
6.680048
6.333313
6.579740
5.934199
6.450333
5.698805
6.222834
5.858861
5.240719
6.420493
5.202641
4.906825
4.778720
6.158591
6.880804
6.011215
5.838169
5.990876
6.410466
6.274693
6.430419
7.088367
6.965034
6.417777
6.649140
7.093661
6.992403
6.691618
7.293544
7.499345
6.435238
5.111161
6.042414
5.533679
5.578905
5.036299
5.319181
5.327025
5.392888
5.208833
6.172354
5.230597
4.627056
5.431710
5.372189
5.169078
5.045668
5.018578
4.973715
4.695310
5.495680
5.723982
5.166574
5.286566
6.304345
6.398212
6.258882
6.662589
6.137222
7.540861
6.645666
7.982756
8.625052
8.237227
7.517960
8.314577
7.898407
7.973342
7.577613
6.607350
8.540874
6.781658
8.262290
7.542761
6.720249
7.193639
7.132695
7.348006
6.652779
5.822380
5.914517
8.157161
7.368178
7.774742
6.378767
7.762568
5.632600
8.473831
6.227021
6.188981
5.671852
5.935870
6.191000
5.916036
5.807683
4.068114
6.272470
5.412277
5.892772
5.203785
6.343348
5.512059
5.634597
6.202165
5.597281
5.268584
5.738008
5.236316
6.403453
7.160555
7.027133
5.864278
5.929826
6.265673
6.194816
6.730885
6.976342
5.354156
7.011975
6.197801
6.693444
5.653915
6.488443
6.035784
7.470833
6.033568
6.265962
5.690666
6.677165
7.335000
7.627799
7.311337
6.046404
4.707159
5.600922
5.217047
6.242071
5.766987
5.136655
6.744583
6.286519
7.517206
8.722398
7.103721
7.367838
6.281292
6.413468
6.843624
6.834908
5.598677
5.628174
6.441567
5.723534
5.977320
4.859359
6.158381
6.159182
6.570259
6.387706
6.764569
6.914652
7.465981
6.021719
5.918280
5.966874
5.961361
4.900041
5.703157
5.167686
6.265800
5.861468
6.060996
5.602575
5.421236
5.894414
5.679401
6.372933
6.503221
6.209080
7.653562
6.309808
6.859555
7.858422
6.820146
7.552444
6.687517
7.605951
7.057551
7.854998
6.676112
6.020605
7.181572
7.661426
5.289398
6.722307
7.197142
6.550292
6.802094
5.689850
7.315895
8.346290
5.946843
6.854721
6.066833
7.208707
5.845109
8.132599
7.237043
5.346358
7.429615
6.848692
5.430746
6.030990
6.259572
6.187741
5.648593
6.420098
6.151379
6.201663
7.438237
7.326091
5.704930
6.156027
6.458629
6.403526
6.113750
4.963302
6.527956
5.427495
5.299447
5.156832
5.171489
6.182134
6.422019
6.642729
7.915730
6.221546
6.884633
7.426495
7.799402
7.607980
7.388422
5.892061
5.866035
6.446623
6.165599
6.304844
5.980503
5.712152
6.165175
6.873977
7.588216
6.477862
6.381588
6.874510
5.793699
6.354486
5.851074
6.982854
6.016908
6.217766
7.008291
6.991220
7.019866
7.456132
5.818906
7.642054
6.607986
6.403415
8.215585
5.810006
7.478943
6.896585
5.997974
6.940610
6.599386
7.637589
7.183384
5.720903
4.981068
6.203569
6.409844
5.299070
5.150873
5.633301
5.814639
5.165405
5.166162
4.822957
5.871283
5.512948
4.723445
5.455595
4.535478
5.017500
7.194357
6.690919
6.920344
5.889663
5.516009
6.704314
6.014997
6.864630
6.560381
6.181871
6.673365
7.128130
7.759490
8.376391
8.253107
7.091557
5.834214
7.589002
6.211480
7.080436
7.801961
7.585774
7.355576
7.622701
6.235503
6.270613
5.349586
6.132254
6.688140
7.010901
5.634231
5.725281
7.905127
5.921730
7.108025
7.060458
6.497612
6.364995
6.425627
7.566535
5.637624
7.432764
7.394516
9.677666
6.849166
9.449857
6.398328
7.933574
7.227848
7.448225
7.730523
7.447476
5.990858
5.904196
7.011169
6.497776
4.933861
5.966516
6.958617
5.663374
5.901858
7.243655
6.209706
6.292671
6.968990
5.847896
7.305192
5.618577
5.345215
6.412226
5.580205
5.847930
6.633574
6.444366
5.893714
6.322280
6.173794
6.942615
7.982621
7.273841
6.470773
7.566405
6.148049
8.056477
6.111118
7.788444
7.152064
8.322348
8.152627
8.441003
7.930806
9.996573
10.205561
7.785505
6.778275
6.580977
6.921928
6.485521
6.140647
7.392290
6.951427
7.093451
6.452616
6.221416
6.528901
6.341632
7.559131
5.157225
6.489319
6.888478
6.523293
6.292885
5.604171
6.941073
5.757886
6.652143
5.891677
6.605183
5.497116
5.191003
5.551663
7.074029
6.307293
5.574236
7.296381
6.718246
5.907006
6.851376
7.962398
6.189192
6.182111
6.793385
6.658969
5.633624
7.206518
7.123310
7.220129
6.782564
7.467189
6.149545
6.236975
7.002212
7.532642
7.654055
8.482059
7.101906
6.018950
7.306660
5.783973
5.615846
6.495969
7.500128
7.902680
7.441143
9.355479
8.200938
8.016963
8.056041
7.120762
6.211074
5.856813
6.939972
5.920708
6.647635
6.276818
5.773137
5.770021
7.534756
7.395721
7.534159
7.141248
9.098820
7.173879
7.819751
5.840747
5.508937
6.569340
7.749031
6.791728
5.892639
5.220712
6.384353
5.517318
5.730831
6.112586
5.802267
6.708642
7.042730
5.205265
6.111884
6.389727
6.690166
6.404583
7.545453
5.946308
6.972044
6.886788
6.499812
8.134650
7.408863
5.747079
6.467631
7.191706
7.477178
8.557450
7.775708
10.884089
10.492164
9.190343
8.175757
10.289886
7.065311
9.135878
9.051656
7.513412
5.737329
9.584802
7.727597
6.296410
5.045534
6.325794
5.579052
5.711652
6.401589
6.561590
7.285999
6.988663
7.728208
7.356947
5.999337
6.668819
6.414893
7.055920
5.646214
6.176935
4.668219
4.573735
5.631957
5.476791
5.481310
5.859072
4.883667
5.479773
5.872630
6.530835
5.279026
5.585328
6.787066
5.927745
5.544903
6.818701
5.790930
5.508690
6.498363
6.699710
6.345555
5.841009
6.236914
7.368371
5.641057
6.481366
6.542928
5.242141
7.735106
7.046847
7.538964
8.939321
5.744458
9.417426
8.777324
6.672025
7.448337
7.669071
8.687559
7.147784
7.660766
6.625710
8.518553
7.615421
7.180100
7.999767
5.991493
5.230252
6.548703
7.272246
6.679823
6.498628
6.480103
7.859776
7.560402
6.373731
6.545375
5.547826
6.016916
7.089471
6.230592
6.055702
5.788711
7.404860
5.414926
6.451597
4.293543
5.204155
6.696871
5.969021
4.957328
6.562065
5.604792
5.656579
5.240800
6.018332
6.307923
6.690081
6.471659
6.098417
6.796800
6.556468
5.982725
6.661296
5.933874
5.577721
6.256043
5.340184
5.000867
6.169081
5.102346
5.801783
7.183245
6.708426
5.827514
5.803349
5.612302
5.548478
6.201779
6.311628
5.929579
4.989397
5.943223
4.622912
5.168340
5.106297
5.736382
6.066829
5.260262
5.599610
5.750726
6.743556
6.108638
7.556745
5.830014
6.889190
7.250793
7.373165
8.231357
8.148759
8.318460
10.033364
8.875818
8.878204
7.721091
7.399224
6.393621
6.590698
6.660675
7.401381
6.323973
5.683381
5.913761
4.648322
5.030180
4.484587
5.547301
5.558022
5.171906
5.031389
4.384150
4.718029
4.871511
5.612461
5.621591
4.912702
7.078816
6.806440
6.992520
7.059181
6.608904
8.184361
7.517867
6.019449
6.915248
6.516238
8.388359
6.034883
6.193468
6.483170
6.637796
7.170516
6.651676
6.568822
5.952002
6.471045
6.661229
7.699209
5.581383
6.755966
6.537305
6.181485
7.001745
6.303245
7.432068
7.061296
6.395738
7.157232
7.145908
6.740078
6.356209
5.841528
7.480201
6.299061
5.510491
6.386823
7.220334
6.537468
7.232104
6.318030
7.579976
5.752449
6.097537
7.511106
5.576520
7.349330
6.343936
6.679888
6.910946
6.064364
7.687109
9.429070
5.296221
7.931780
6.454625
5.238147
6.049134
7.659648
6.591770
7.415999
6.284708
6.388849
6.910023
6.583825
5.844480
7.138588
6.921524
8.322838
6.699078
6.069843
6.890781
5.459904
7.237258
7.286727
7.573047
7.332837
6.346242
7.333801
5.370201
5.990497
7.764280
6.338295
5.772437
5.620303
5.956247
6.101753
5.948119
6.983726
5.574971
6.108280
6.733090
6.911900
8.264954
6.162808
7.498299
7.219918
7.360281
6.680277
7.250906
7.451831
8.390940
7.274473
8.089524
7.237598
7.205706
7.185016
7.486601
6.898976
7.338849
7.485713
5.779485
6.500934
7.203500
8.657514
7.692230
8.284924
8.837172
6.687135
7.618813
8.901349
8.200592
6.049428
6.325206
4.801643
4.212783
5.489906
5.665478
5.708314
6.576255
5.990857
6.767164
5.674125
6.825918
5.704989
6.018818
6.081989
6.586538
6.848253
6.628549
8.088240
5.648901
6.198955
5.625264
4.435140
5.323169
5.042168
5.728621
6.091554
5.628946
5.921914
6.397110
4.622076
5.271100
5.052938
5.781828
5.620092
6.211679
7.211190
5.274911
6.789472
6.285579
6.688327
5.863346
6.563543
6.521102
5.612716
5.851675
5.471181
5.064779
5.702486
6.210539
5.978051
6.194648
6.984171
6.981683
6.337361
7.602165
8.269527
11.224750
9.965418
9.971468
10.788504
8.770631
7.206717
7.144495
8.028086
6.620745
6.141721
7.059362
7.125866
7.807911
8.030196
8.178854
8.488796
8.858339
7.304853
8.078673
6.919825
6.871472
6.934802
5.456443
7.926035
6.631957
5.753270
8.079753
8.356108
7.835285
7.308594
7.680664
8.212249
7.887483
8.279889
8.374409
6.851943
6.383876
6.421317
6.158297
7.262294
6.632186
5.793850
6.365490
6.462685
4.806653
7.051100
5.333000
6.194077
5.969949
6.598075
6.982818
6.978655
5.187108
6.494932
6.878529
5.090292
6.189120
8.030017
7.673529
9.184954
7.023110
7.452829
8.000865
6.611302
5.930273
6.984353
7.028213
5.417583
6.323131
6.344123
5.505388
6.604652
4.674292
5.913717
7.472697
6.134531
7.283066
7.542821
5.728959
4.634921
5.255543
5.522382
4.598268
4.906764
5.541994
5.808573
6.604934
6.297170
6.450826
6.057261
5.751554
4.877463
6.270950
7.029501
6.424556
7.509596
8.124842
6.961492
8.087625
7.589213
7.154283
6.735115
6.170872
7.287117
7.666582
6.382131
6.755053
6.739811
6.463552
6.904541
6.820132
6.303038
5.542920
8.436391
5.960452
6.394269
5.819300
6.729350
6.677395
7.154695
7.214960
6.570770
7.837442
6.754272
5.583688
6.286116
7.634498
6.682537
7.255706
6.638752
5.509739
4.957808
7.472503
6.335905
5.558706
5.327287
4.805883
5.525231
5.405061
5.850883
4.273840
5.504126
4.139481
6.184718
4.186869
4.872175
5.550600
6.286860
7.660331
6.423596
6.549195
7.308861
6.475283
6.874778
6.602738
5.287834
5.425271
4.860630
6.761117
5.948687
6.258312
6.139290
6.479417
6.993216
6.781396
6.189607
5.564789
6.047738
6.312349
6.763369
5.835502
6.117298
5.480844
6.964660
7.593653
5.710184
5.233779
6.330017
5.343405
6.125142
5.978179
4.698843
4.940857
4.867950
5.298604
5.699308
4.921835
5.827570
6.156100
5.896485
5.358522
5.646483
5.298430
6.208579
5.575222
5.734722
4.930439
6.796568
5.370760
5.471092
6.223492
6.820302
7.975323
6.985010
7.739364
6.705928
5.963848
4.313655
6.150318
5.443101
6.052512
4.586611
6.652031
5.374327
4.938736
5.933956
5.936898
5.648396
6.036484
5.918561
6.724855
6.845008
5.108634
5.338459
5.109555
5.956490
5.784025
5.382023
4.130934
4.512340
5.318719
4.432590
4.433822
4.136237
3.446126
5.139569
4.920372
5.031946
5.013702
4.867122
5.289474
5.305955
6.530380
6.284471
6.234769
6.940686
6.986987
7.311900
6.927851
8.014759
5.789931
7.579164
6.642787
7.781054
6.386166
6.634114
6.258414
8.040472
6.285328
5.718151
6.168839
5.915350
8.668680
6.971344
7.866533
7.427678
6.608737
6.901578
5.861971
6.755806
7.157285
6.231185
6.677087
6.686799
7.221155
6.136143
6.268881
6.142356
6.707838
6.370385
6.896516
6.323095
6.438746
5.343025
6.281611
6.538075
5.954553
4.469822
3.302931
5.664620
5.458304
4.747602
5.283856
6.209534
6.544158
4.621880
5.823237
4.869752
4.909618
4.462152
4.837624
4.266418
4.381536
3.991630
4.745831
5.489292
5.034215
5.730104
6.490139
7.526575
7.562501
6.797065
6.502683
8.004563
8.582860
7.900270
6.473641
6.451478
7.369662
7.125778
7.701973
7.469718
6.456227
7.551900
8.953229
8.022225
9.662562
7.777723
7.035579
6.269347
8.032180
7.261464
7.473367
7.161265
6.457954
5.390400
5.790831
6.009869
5.919471
5.468416
5.370486
6.318771
5.098742
6.058696
4.504612
6.455932
6.152172
4.364692
4.670868
4.372156
4.488465
3.982229
5.102555
4.711325
5.715438
5.444497
4.678646
4.078827
4.403692
5.201676
3.667729
5.507483
5.001500
4.843099
5.242866
5.163055
5.055074
4.295926
4.599359
5.250580
4.715313
3.981459
4.428138
4.484044
4.240122
3.951366
4.468735
5.430630
5.456213
5.542633
5.437234
4.587786
3.474812
4.450479
4.372829
5.270529
4.876855
5.002649
5.000666
5.051903
4.779648
4.407264
4.885747
5.504946
5.466348
6.440689
5.830163
6.086435
4.957082
5.412992
5.844682
6.565300
5.443500
7.113259
4.760092
5.690358
4.542479
6.326324
4.632686
5.083457
5.241710
4.541904
4.780116
4.811100
4.549733
4.322556
4.928483
4.013714
3.905284
4.841702
4.852790
4.804565
6.100390
6.530058
7.627399
6.912193
7.452782
5.778201
6.891409
6.300918
6.669598
5.965483
7.254892
8.074912
6.346374
4.675566
5.578219
7.027558
4.449955
5.449570
4.867230
5.353223
4.051887
4.118531
4.360509
4.999233
5.120683
4.334247
5.391923
4.147575
4.595606
3.622347
3.476581
4.600720
4.453773
3.863065
4.773569
4.157082
6.483140
5.272250
5.349623
4.272135
6.125329
5.413827
5.818309
4.200505
7.647471
6.394349
5.409225
6.527868
5.599755
6.574568
4.038900
5.140681
4.269624
3.912704
4.292525
4.010906
4.905270
5.595573
6.322162
5.355337
5.641265
5.000311
6.087422
5.426374
4.080839
4.706069
3.875174
3.640711
4.616502
4.461002
4.499249
4.125355
4.679457
6.010847
5.417414
5.555504
5.541745
6.881748
8.171973
7.978405
7.582829
5.810526
5.972008
5.993647
6.780651
6.907138
6.665288
6.984258
7.611764
5.698124
6.999357
6.242656
5.882298
7.120077
7.131322
5.174517
5.418282
7.221566
6.054415
6.264175
9.129275
8.667152
8.712606
6.997774
7.412313
5.223783
4.501668
3.898926
4.684369
3.490090
4.380707
3.976779
4.804858
4.082225
3.181213
4.863503
4.545280
4.088605
4.687106
5.696784
6.085606
4.283213
5.694330
4.653198
4.185532
5.610475
4.193359
5.723612
4.756825
4.423651
4.053178
5.666541
4.120334
4.651463
4.451914
4.940396
4.977082
3.561231
3.659205
4.336596
5.778894
5.984811
4.465632
5.885051
5.301054
6.214127
5.181806
4.993939
6.573641
4.132132
5.642802
6.409035
5.767546
6.395608
5.751985
7.258066
6.651209
6.763072
6.949073
7.392506
6.105773
7.143412
7.103168
6.518372
6.271620
5.934443
6.565484
5.305842
6.216802
5.469891
4.847888
4.607207
4.368609
4.614267
5.212227
5.785882
3.916233
5.727274
5.283573
3.779681
4.673453
4.201422
4.754871
3.968723
4.237168
4.139953
4.161130
6.177495
5.366683
4.081604
4.925785
4.442016
5.199720
5.680445
5.666194
4.348075
5.385640
4.526532
5.983453
4.237401
5.104203
4.303944
4.630620
4.742743
5.378887
4.901556
4.643068
4.508100
5.486514
4.898786
5.730831
5.771838
4.933631
5.201862
4.247864
4.275181
5.874438
5.347354
6.170061
7.252544
5.147273
5.981073
5.767972
4.134759
5.301471
6.776780
7.129762
6.365160
5.133212
4.594350
5.476469
4.766230
4.933127
3.933545
6.373952
5.052442
5.244741
5.154410
6.052302
6.069869
5.067677
6.512575
5.131659
4.068763
3.599244
3.917750
4.347610
4.752861
3.471829
4.778276
3.763662
4.339104
4.212945
5.015244
5.378968
5.415862
4.073895
4.876085
4.160523
4.746049
4.368479
6.033320
5.406018
4.435828
6.790382
5.935189
5.095930
4.698285
4.727625
4.110421
4.113455
4.406529
3.527373
4.293327
4.694418
4.018347
5.563257
3.813288
4.552886
5.179026
4.894756
4.253793
4.678267
3.899575
3.004217
4.036029
4.948225
3.791847
4.587255
3.287582
4.087105
4.388613
4.894878
5.016533
4.408866
4.984214
4.343456
4.295521
5.706742
4.327857
4.191102
5.203267
4.466380
4.909492
4.607436
4.489651
4.519097
4.389328
3.820893
5.461125
4.897663
4.604329
5.698434
6.622266
6.378291
7.094555
5.779556
6.308340
6.060346
6.660161
8.293483
7.952170
6.367383
8.495444
7.058399
5.732024
5.950703
5.145838
4.756537
4.538527
4.922566
3.907733
4.509048
3.819617
4.864591
3.910657
4.797963
3.982318
4.219208
3.989754
4.422783
3.883824
4.330499
4.729104
4.436221
3.974513
4.370714
3.621779
4.703934
5.659165
6.489047
5.896966
4.880014
4.794560
6.026695
5.169724
5.121587
4.467750
3.000479
5.347986
4.314010
5.201442
5.222211
4.165857
4.662174
4.611200
2.974077
4.111483
3.642244
3.864262
4.370161
3.755757
3.971759
3.816438
3.879021
5.687801
5.562042
5.255875
4.375010
4.912130
3.518896
6.191377
5.151719
4.956027
6.669491
4.709603
4.791314
4.466723
4.690907
5.570413
3.814715
4.735247
4.111115
3.887325
3.772107
3.760441
4.492995
3.675937
5.096455
5.103201
4.686476
5.668904
3.842218
5.295516
4.697057
4.326732
3.674432
4.893519
4.775537
5.464972
4.768276
5.061981
4.616132
4.194158
4.832156
5.149399
3.781658
5.070537
4.916150
4.263701
3.834946
3.627354
4.997292
4.477767
4.517727
3.891569
4.612349
5.061730
5.334502
4.716530
7.079347
6.147938
5.285233
7.384993
5.023021
4.539119
5.989427
5.691967
6.173236
5.449755
4.620052
5.239330
5.239364
5.094455
4.981723
5.793866
4.077019
5.286840
5.385932
4.161832
4.616274
4.326114
4.647492
4.070191
4.474673
4.746484
4.963759
5.104490
4.439384
4.932926
4.379683
4.398616
4.623850
5.502473
5.153206
4.445908
5.568168
3.924132
4.590370
6.208269
4.345728
4.658713
4.483600
4.483547
4.948237
3.883121
3.829528
3.665585
4.147271
4.140766
2.536072
4.575561
4.277459
4.207572
4.115532
3.761738
4.351286
4.053036
4.347939
4.666373
4.396458
5.825275
6.173312
6.584598
4.849483
4.777426
4.463357
4.552239
5.904278
5.959405
6.134333
6.275042
5.018196
6.386274
5.533012
5.755735
4.744433
5.098359
4.388624
5.812157
4.695706
5.075153
4.331650
3.739385
3.749889
3.887799
4.907638
3.586549
4.555898
4.283168
3.600846
3.590090
4.084243
3.594613
3.909074
4.585721
5.323153
5.197404
6.259464
6.400084
5.025201
5.555868
4.272649
5.380266
4.233234
3.593268
4.669684
4.098487
4.947021
4.804888
5.508525
4.963760
4.037555
3.535377
6.036049
5.959693
7.651240
6.250750
5.874804
5.986722
6.651944
7.128278
5.103368
8.004610
6.347795
7.908037
6.880491
6.891861
7.661700
8.371603
7.784321
6.048873
6.324619
7.141830
6.142477
6.953057
8.522514
7.620654
7.357460
7.700319
6.446286
6.870744
6.472567
5.644268
6.185914
6.409720
5.620319
5.318795
4.553185
4.928783
6.348459
5.667021
3.710173
4.975502
4.344318
4.600753
5.388535
5.298965
4.028209
5.019717
3.976217
4.168701
3.520466
4.940404
3.615303
3.603010
3.874365
3.327368
4.448783
4.435508
5.377261
5.099185
3.625275
6.328976
7.296097
6.338306
5.805883
5.578018
5.651788
6.858989
6.626215
5.893842
6.412077
6.496102
5.290836
3.990109
5.275541
3.794700
5.159187
4.905571
4.920286
5.770698
5.159639
4.382308
3.958550
4.342452
4.886572
5.820921
5.400702
4.163995
4.993266
4.980997
4.566925
4.344794
5.528583
5.578369
4.401895
4.066727
5.048055
4.509844
5.325669
4.400763
4.349725
5.248624
4.335785
5.380281
4.908734
4.454818
4.558228
5.747000
4.869736
5.266771
4.181216
3.995350
4.379930
4.873177
5.214005
5.027307
4.833406
5.644485
4.495467
4.780960
2.809239
4.939529
4.002263
4.415666
3.825691
4.086766
4.283094
4.342509
4.628829
5.126923
5.849866
5.567039
4.469811
5.007059
4.947470
5.092376
6.173873
5.249329
6.890901
5.756751
6.877662
5.842045
6.220710
6.333139
6.307114
6.209404
5.760202
5.802903
5.001420
3.914195
5.711177
4.390724
5.004400
4.972675
4.255242
4.972579
4.435176
5.007295
4.597320
4.205010
5.283238
4.760561
3.364299
4.414112
3.691906
3.733911
4.017480
3.722017
4.334054
3.333935
3.580249
3.732660
3.918644
4.234704
3.975369
4.087487
4.293659
4.808522
3.449865
5.249207
3.134992
3.969330
6.032238
4.776023
4.338375
6.686054
6.870209
8.568213
7.425865
8.204225
8.393549
7.151607
7.861004
5.849748
7.141031
5.743083
5.670133
3.493400
3.443764
3.909813
4.189896
4.232515
3.787751
3.203043
4.677681
4.427719
3.682362
3.495464
4.126508
4.206042
3.884514
2.961190
3.247721
4.577243
3.311437
3.317896
3.747426
4.340144
4.443803
4.826673
4.519224
4.462917
3.890369
4.735625
6.663198
9.045527
10.613032
8.594599
7.994926
7.705664
6.070619
4.818059
6.790668
4.938015
3.289594
4.475990
4.057195
2.915826
4.547272
3.798572
3.103171
3.484398
3.962627
3.252402
3.960942
4.165277
3.105133
3.402187
4.049579
4.081560
4.158554
4.646500
5.316239
6.423361
5.492765
5.189641
3.270193
4.920158
5.098929
4.091169
4.637881
4.781254
4.749006
4.204598
3.657835
5.679399
3.932933
6.069272
3.498142
4.631234
4.772923
5.286960
3.817401
4.538356
4.812935
4.541854
5.475245
4.537944
5.850147
5.009695
4.168842
4.711632
4.543571
4.696798
4.699214
6.956577
4.709814
5.081977
6.752916
5.133448
4.407633
4.569435
5.441739
5.730307
6.499291
6.287052
4.316632
4.400010
5.315055
3.508029
3.776384
4.196023
3.469761
4.521586
3.956115
4.163507
3.290257
3.718323
4.952244
4.222508
4.929563
5.260556
4.829047
5.192708
4.408998
4.795718
5.728398
4.818994
4.422089
4.992790
4.450801
4.744846
4.106522
4.785393
4.532970
3.390896
4.219791
4.294272
4.695433
3.821312
3.922256
3.783205
3.437947
2.776685
3.790584
4.541816
2.946196
3.923961
3.669064
3.291692
4.641892
4.167939
3.484584
3.762126
3.992577
4.083888
4.816831
3.914805
3.520843
3.950188
4.816142
4.852844
5.574473
3.667163
4.214192
4.570368
3.723047
4.470271
4.719573
4.373041
4.172484
5.447248
5.762865
3.722612
4.157575
4.245043
4.769212
4.670109
6.172193
4.688919
5.421421
4.546982
5.154590
4.570566
5.237622
3.936375
4.781771
4.993898
6.281682
5.020327
5.143543
5.026248
4.404613
5.490373
4.098259
4.066825
4.201776
4.196743
4.289802
4.245824
3.431464
3.970738
4.197338
4.276884
3.619358
3.681724
3.745088
3.485193
3.785174
3.498016
3.372274
3.684610
4.331562
3.467042
3.789034
5.332041
3.535099
4.207379
3.758067
4.415285
4.605302
4.759115
4.691187
3.630733
5.551353
4.014761
5.446108
6.857080
7.825176
7.416633
6.189312
7.295641
6.728543
6.938210
7.266728
6.693691
7.631956
6.886803
7.236405
6.468374
6.846662
6.430364
6.595835
8.597538
7.836353
7.229490
7.115583
5.598203
7.531565
4.829533
5.373378
4.682155
3.725383
4.261794
4.375886
4.078507
4.194392
4.118823
3.662185
4.107957
4.263413
5.619098
3.926834
4.271976
4.267313
4.480012
4.636302
5.195218
4.580138
3.337205
2.829975
4.700469
3.783012
4.038605
4.516374
3.919830
4.691994
3.862780
4.686895
5.671606
5.746064
5.685205
6.495801
5.659445
6.881112
5.984837
5.853868
5.315310
5.313805
4.914771
3.135366
3.879121
3.913048
4.047059
5.258727
3.516339
3.592030
3.468043
4.112356
4.313012
5.582474
4.552893
4.882806
5.070334
6.855610
4.065536
5.612226
5.317248
5.638149
4.992393
5.207023
3.915277
4.735966
4.848871
3.928164
3.783128
2.799699
3.613008
4.579950
3.145669
3.608789
4.152534
4.574908
4.688106
5.419500
4.992061
4.813695
5.455362
4.084633
4.140094
3.577831
4.731590
5.776472
4.369825
4.854993
3.438182
4.222280
5.099640
3.608714
4.953370
4.648437
3.332594
4.324454
3.883129
3.347884
4.550436
4.883155
4.230678
5.652409
4.653693
3.610582
4.443121
4.105220
5.117475
4.858479
5.138794
5.943087
5.914627
4.086698
5.391239
4.633175
4.840188
4.055377
4.821195
4.803204
3.518750
5.588641
5.154625
4.409686
4.707342
6.144926
3.446725
5.585018
4.188772
4.100565
4.406633
3.752532
4.283582
4.180367
3.409070
4.143970
5.037641
3.873705
3.933522
3.881353
3.344647
3.542571
3.879407
3.150910
2.508629
3.612022
4.135461
3.744488
3.355983
3.386675
3.425085
3.098705
3.970527
2.652952
4.306408
4.467638
5.463429
6.544427
6.799948
6.491593
7.716960
7.627678
9.461543
9.022308
7.286914
7.562320
7.887017
4.148780
5.486028
5.677732
5.074008
4.536895
4.929419
5.685896
5.018586
4.450886
3.941097
4.603850
4.119140
3.748933
3.771254
3.328644
2.259414
3.332478
3.930614
3.566770
4.076582
3.876019
3.650764
3.813346
4.375317
4.231972
3.297781
3.502903
4.533999
3.659988
2.899920
3.668538
3.293483
2.869545
3.210853
3.351760
3.119737
3.281057
2.991467
3.942511
3.798983
3.828303
4.222578
3.403453
4.324547
5.152292
6.099675
3.876192
4.533537
4.241733
3.315630
3.975907
4.509627
4.779089
5.104008
3.919917
5.041681
3.627493
4.375615
4.720164
4.800781
4.764117
4.687023
4.608788
4.977092
2.769683
4.492113
4.009360
5.800007
4.193416
4.265985
4.396193
4.172328
4.045813
5.509629
5.150353
4.676346
4.490327
3.852899
3.806434
4.667530
4.802508
4.107172
3.576862
3.560281
4.214212
4.073598
4.917433
4.313237
4.359795
4.511559
3.786242
4.238557
4.682188
3.836772
4.121748
3.651680
3.617224
3.899586
4.218834
3.690356
3.593987
2.486362
3.502717
3.841557
3.912084
4.426472
5.361762
4.202868
4.877131
5.415900
4.725976
4.970841
4.856813
5.314877
5.224504
5.081804
5.381558
5.733371
5.906351
4.591252
6.455314
5.649484
4.348152
5.214034
4.050516
4.567425
4.458335
3.504172
3.865808
3.524724
4.105226
3.502706
4.244574
3.703121
4.466144
4.097293
2.789932
4.280604
4.202571
4.775052
3.740072
4.345254
4.047982
5.105068
3.940325
6.314266
5.049107
3.080666
5.211318
5.492172
4.851830
5.144733
5.455217
5.202542
5.933743
5.304302
5.772270
5.068067
4.860040
4.465726
5.517193
4.827950
3.995617
3.813188
4.344236
4.088428
3.693398
3.771432
3.600708
3.850458
4.354995
2.388311
3.898364
3.336466
3.692407
2.300752
4.803747
4.369581
3.111632
3.929981
3.309210
3.991179
4.076816
4.569746
3.797800
2.973798
4.439669
4.808112
5.314140
6.801784
4.092444
4.336570
4.232246
4.073962
4.257712
3.188368
4.457486
3.810057
4.466108
4.101692
3.809070
3.414173
4.340181
3.765796
5.653408
5.485352
5.207154
4.464561
5.338429
3.886179
3.199223
4.421007
3.241387
3.769696
3.675617
4.419702
3.089661
3.475535
3.522693
3.479569
3.454452
4.080967
3.606385
4.794089
3.624401
5.474719
4.980983
4.859532
5.357706
5.750825
7.084932
6.382209
5.645780
5.439516
5.598617
5.195083
4.657574
3.988347
4.333852
4.507945
3.956194
4.026278
4.920879
4.480553
4.920939
4.022356
4.739856
5.157763
4.399999
5.410806
3.114113
3.557520
4.076917
4.429733
4.948183
3.454142
4.213453
4.728716
3.387912
4.384130
4.810050
4.144845
3.929243
5.030117
3.849199
4.673754
4.394541
5.154935
4.626601
4.388959
4.390021
4.816648
4.534591
3.878237
3.786284
3.302442
4.554161
4.178887
4.413867
3.183234
3.812416
3.741774
3.288288
3.827823
3.887096
4.329233
4.172458
4.254592
3.473416
3.461473
4.454972
4.565362
3.837168
3.766760
3.135418
4.386624
3.304825
3.830970
3.889851
4.043818
4.175172
3.350101
4.348147
4.442628
3.277415
3.237303
4.029749
4.918790
4.056236
4.461418
4.212633
4.004270
4.738678
4.124966
5.064117
5.858138
3.585309
5.201915
4.380064
3.360224
3.864568
4.373092
4.097664
4.234737
4.492826
3.326040
4.552202
4.370223
4.246390
3.263619
5.222207
4.898792
4.181681
4.389742
4.566610
4.305952
3.835831
3.654567
3.509147
3.869646
3.452964
3.174577
3.572649
3.690978
3.601615
3.716301
3.582125
3.836716
3.518863
3.103324
3.524930
3.837449
5.051604
5.124777
6.372463
4.700116
7.185100
5.815376
5.155566
4.450683
3.506124
5.034215
3.761224
4.197443
3.593133
4.406101
4.238383
3.914458
2.761304
3.253703
4.472695
3.072420
3.768989
4.065164
4.813102
4.457704
3.493967
3.959053
3.924601
4.203066
3.005074
3.544600
3.091974
3.447952
3.829872
3.150935
3.743501
3.925978
4.916395
4.593287
3.758011
3.784071
4.505386
4.412181
5.309285
4.688749
4.566041
4.339854
4.567184
4.245331
4.037936
3.401260
4.916843
2.240122
4.117172
3.226439
4.088501
4.016233
4.092351
2.535035
4.220712
2.741024
3.494449
4.390275
4.604825
5.659972
4.862373
3.560531
4.071473
5.022415
3.679133
5.134908
4.681606
5.008465
3.645537
4.498677
4.687373
4.162868
3.909523
3.997615
4.123231
3.575662
2.775684
2.809829
3.269203
3.940081
3.676625
3.632892
3.250040
4.036034
3.627805
3.521451
4.039874
4.827219
4.798041
2.974425
3.412615
3.642321
4.005439
5.718624
5.118766
4.295817
4.216108
4.814566
5.276608
4.940163
5.850681
4.962150
5.667243
4.318857
4.782043
4.785396
3.478146
3.131538
4.166582
2.882883
4.058867
3.000097
3.722161
2.600597
3.286457
4.069643
3.551356
4.181066
3.649056
5.631717
5.238313
4.449327
5.419653
3.834406
4.666612
4.402374
4.992113
4.715014
4.136720
5.808400
6.336303
4.971916
5.415934
4.283315
6.509840
4.304608
4.562771
4.615491
4.093138
3.983622
4.829149
5.357932
4.650047
3.990398
6.670551
5.435491
4.685256
5.672390
5.481461
6.499076
5.647332
5.337348
4.379243
5.370901
3.469613
4.702370
3.803539
3.567231
3.102648
3.538272
3.213556
4.202852
3.063257
3.275652
3.578357
2.918526
5.738354
3.594172
4.318293
2.922030
4.148754
4.437488
3.238726
3.538542
3.140930
3.337820
3.971541
4.047580
2.898367
2.903297
3.699626
3.843628
3.225452
4.206935
4.984726
4.116167
3.272051
5.325502
5.637629
4.308419
5.544158
5.314971
3.395821
4.181545
4.930903
5.546679
3.677082
4.379678
3.942339
4.082266
3.754049
3.958947
3.793919
4.124301
3.084208
3.172740
2.671360
3.128831
3.687600
3.527576
4.049422
3.460714
4.523080
4.006897
4.785719
4.234128
4.513353
5.335280
5.757779
6.266822
5.242917
5.264869
5.890264
5.674522
5.223718
6.396868
6.782893
6.396135
6.160432
5.135097
5.619192
4.928561
4.560752
4.271558
4.476130
3.621367
3.905782
4.174222
4.485767
4.119179
3.793466
4.615453
4.242218
4.732771
4.092342
4.441119
5.019631
3.674812
3.991473
3.753391
3.382376
3.982192
3.500011
3.937962
5.213691
5.328113
4.667011
4.622143
5.433064
4.391039
3.792715
4.143795
4.732362
5.121325
3.757343
4.814794
3.696651
4.270098
4.354605
3.300592
5.567530
3.599006
4.864891
3.453079
4.734650
3.543896
4.418625
3.685425
3.664482
4.344412
3.859786
3.426266
3.673276
4.709873
3.467585
4.680000
4.914971
4.055481
4.193097
3.954548
4.036496
4.298563
2.872544
3.675768
4.203717
3.263724
4.047200
2.872679
4.030015
3.679953
4.899949
3.375212
3.980328
4.063565
3.730773
3.816655
4.148387
3.792546
4.262068
3.846153
4.242428
6.232070
4.420805
3.924974
5.069129
3.811047
5.359719
4.642979
4.177415
5.038752
3.934779
4.411461
3.613033
3.420829
3.995425
2.921964
3.665406
4.475069
4.641928
3.703339
5.323171
4.835730
4.052633
3.951653
4.015695
4.334239
5.601028
4.561997
5.102584
5.820720
5.855148
4.909215
3.582174
4.171117
4.905903
3.782852
4.694782
3.705776
3.670358
4.675286
3.657303
4.664235
3.921454
3.335859
3.998407
3.731812
3.411166
3.689257
3.341451
3.935457
3.822472
2.928956
4.618649
4.038145
4.620771
5.009583
3.183773
3.125232
4.043614
4.311018
3.668257
4.214845
3.648690
3.987302
4.055569
3.368350
4.959739
3.498009
4.609713
3.819858
4.700211
4.148741
4.254348
5.073652
4.714000
3.827414
4.810929
3.642352
4.508944
4.615422
3.529197
4.274460
4.482360
4.596210
3.640887
4.869590
3.111699
3.829188
3.949285
4.392953
3.996725
2.974713
4.127424
3.834621
4.396821
3.230581
3.553171
3.749453
3.535792
3.483425
4.658192
3.289543
4.024051
3.887025
3.455766
4.087607
4.161371
4.588188
4.013731
5.041244
3.329489
3.906230
3.158726
3.551963
3.715406
4.764478
3.193476
3.883474
4.545033
4.526661
3.447966
3.009330
3.909337
3.967125
2.323690
2.617508
4.088094
3.162609
3.365210
4.063294
3.618188
4.297935
3.171820
4.346714
4.515965
4.652106
3.946498
3.486153
3.734923
3.766600
2.838881
3.407024
3.424605
3.586938
3.155603
3.835641
3.690980
3.864052
3.826781
3.514842
3.875330
4.515828
4.879860
4.794659
4.948589
3.943997
3.227301
4.751770
5.064447
5.370553
4.222471
4.388624
5.808387
5.417333
4.028386
4.225795
3.021037
4.937853
4.989808
4.013718
2.221988
4.588368
4.495184
4.352512
4.079628
4.352921
4.397423
3.417541
4.285118
3.883819
3.885249
4.486473
4.121195
3.184815
4.208721
4.340308
3.889964
3.452922
4.506291
3.384241
3.524606
3.761263
3.819801
3.944544
3.301532
4.698306
5.524371
5.913359
6.262287
6.110713
7.317607
6.779032
6.286530
6.744135
5.734730
5.969906
5.223758
5.125830
4.290688
3.524426
4.268446
3.807594
3.857775
3.571132
3.552854
4.810344
4.402122
5.756159
3.378483
6.686025
5.960426
5.425436
3.331440
6.513070
4.084264
6.494717
4.222437
5.599881
5.250553
4.108156
3.882847
3.920225
4.236979
5.504689
5.003544
4.089889
4.536306
3.089731
5.315331
4.164253
3.940395
3.461098
3.398657
4.273975
2.786297
4.102887
2.910962
4.106339
4.711133
4.587667
3.903137
3.390617
3.953564
3.568224
3.261493
4.023808
3.288458
2.602765
3.245298
2.392255
3.086954
4.034395
3.078084
3.125194
3.069760
2.702792
3.797162
3.385184
2.812262
3.512724
3.510703
2.676468
2.145642
3.329573
3.087126
3.612733
3.926036
3.099979
5.036569
3.629540
3.824656
3.427669
4.672061
3.596274
5.067272
4.842769
6.014749
4.682410
4.479158
5.441332
4.593290
4.179243
3.758882
2.844722
3.739706
4.419097
3.427122
3.558622
3.346591
3.906086
2.916318
3.701503
3.411062
4.748753
3.599615
4.139083
3.446243
3.667080
5.682686
3.361821
4.669152
3.515813
4.559012
4.073746
3.286114
2.804986
3.683070
4.037516
4.574368
4.596404
4.404397
3.104345
4.743536
3.638552
4.225377
3.999742
4.005339
3.861084
4.249341
2.909287
4.319822
4.370900
3.417693
3.813021
3.031708
3.921964
3.261629
2.815494
3.386688
3.455439
3.484988
3.937040
3.409452
3.555919
2.654295
2.707960
3.019443
3.190946
4.104405
2.918738
3.376706
4.430477
3.213805
3.983597
3.874435
3.765361
4.431587
3.351958
3.706583
3.996203
4.230985
5.606122
4.611005
4.439319
3.631644
5.043983
4.138958
3.472388
4.257105
4.501913
4.412364
4.571496
3.735680
4.791170
4.661369
2.875808
2.659385
4.310314
3.504557
4.622222
3.830822
4.119641
3.479355
3.568806
3.869766
4.405405
4.515110
3.783149
5.523077
4.579284
4.394186
4.131504
3.822854
4.632171
3.630037
5.353443
4.396100
3.756564
3.707903
4.050072
4.012543
4.165048
4.167321
4.256894
2.692690
3.449066
2.969693
3.667759
3.468648
3.525976
3.109324
3.009301
3.600678
3.462377
2.819440
3.434623
4.715663
3.240952
3.318719
3.600019
3.399692
3.697845
3.767537
3.152294
3.940905
2.845178
4.436545
2.584547
3.132660
3.554368
3.619627
4.323515
3.883394
3.147425
4.520159
3.827103
4.607570
4.571773
5.210927
4.223392
4.484992
5.037210
4.698486
4.650067
4.163432
5.333471
5.027696
4.813818
6.032103
4.392453
4.691198
4.518730
4.626534
4.494676
4.959787
3.161775
4.562844
4.189024
3.472305
4.065471
3.766656
3.887122
2.940443
4.025372
3.030122
3.591830
3.056944
3.991796
3.807915
3.840209
3.507758
3.564037
3.251489
3.704679
3.223605
4.203696
3.194259
3.379943
3.399733
3.527769
3.379370
4.706382
3.575498
5.471031
4.853404
6.119642
6.902874
4.966177
5.518317
5.724659
5.653212
6.048719
4.323457
4.766064
4.031888
4.468453
4.987751
5.212729
2.893229
3.408819
3.405173
3.575300
3.506600
3.773278
4.180814
4.413092
4.592753
4.382407
3.572356
4.085057
4.114996
2.733800
4.755386
4.207257
4.627158
3.756552
3.894840
4.033607
3.764344
3.690779
4.593243
4.592039
3.383312
3.134417
3.953118
3.433649
3.095005
3.632351
2.893321
3.528482
2.666576
3.210144
3.193880
3.246507
3.403419
3.697149
3.226102
5.273182
4.455355
5.580124
5.034166
5.956510
4.339173
4.729385
4.643688
4.245895
4.239270
4.316551
3.532804
2.733438
3.709827
3.425650
2.325088
3.284180
3.044452
3.581958
3.046363
3.453741
3.322900
3.077085
3.731743
2.766757
3.625276
4.709292
3.634982
4.178450
4.102626
4.455784
4.071018
4.367210
3.634989
4.502809
4.519669
4.344597
4.101902
4.428342
3.807073
4.851419
4.981285
4.347109
4.866879
3.701431
2.726177
2.352631
3.457646
3.741723
3.590198
3.205445
2.964427
3.180607
3.742415
3.057865
3.203980
2.953278
3.195810
3.249845
2.806348
4.229825
5.016772
3.882518
4.831408
4.649636
4.537530
5.162660
6.047968
6.194213
6.841152
5.763630
4.290720
4.578756
5.221604
3.209052
3.842578
4.072876
4.017214
4.060660
2.161014
3.037004
3.516577
3.310919
3.474090
3.535722
3.486673
3.473915
3.150090
3.998321
4.000695
3.493781
4.742249
3.963300
3.730844
3.648312
3.982678
3.196317
2.552327
2.827066
2.416519
2.771268
3.158531
3.224407
2.897349
3.133139
2.653263
4.147468
3.415112
3.818457
4.237106
3.786824
4.182961
2.857757
3.860337
4.432572
4.665988
3.752444
4.146603
4.205158
4.415616
3.648277
3.654159
3.349396
4.099886
4.385687
3.006348
4.565441
2.586679
2.679437
2.944058
3.539735
3.152017
3.030129
4.103931
3.365357
3.835457
4.138932
4.565705
3.258133
4.404339
3.845341
4.888063
4.765699
3.924381
4.078914
4.550031
4.498061
4.031954
3.383327
4.057009
4.471983
4.315564
3.987544
4.394207
3.941781
4.728514
4.390571
3.819897
4.392778
5.055770
4.589512
3.824532
4.965593
4.402699
4.350018
3.548545
3.156355
3.981366
3.932531
4.929118
4.803503
3.877062
4.423270
4.270876
4.036658
3.647296
3.386473
3.578896
3.848280
3.389278
3.520854
3.293943
2.289922
2.773945
3.027272
3.920712
3.224078
3.301090
3.889311
3.425399
3.808886
4.069168
3.358991
3.803063
3.316328
3.444268
3.316912
2.987370
3.590542
3.708507
2.746043
3.210400
3.231237
2.882853
2.777076
3.912925
3.455587
3.544564
3.246072
3.333222
3.266262
5.059589
3.363384
3.786019
4.377011
4.290579
3.571888
3.758537
3.928766
3.454668
2.959857
3.099499
3.565055
3.161290
2.288622
2.818393
2.990586
3.112967
2.256326
3.092402
2.757347
3.965780
2.858324
2.782814
3.143853
3.284571
3.681123
3.288078
3.486913
2.767643
4.058590
2.858854
4.454596
3.711434
4.463722
3.933499
4.991675
3.970977
2.933365
4.709853
4.801036
4.580956
3.798200
3.652552
4.152200
2.591050
3.775419
2.939203
3.454710
3.616086
2.985622
3.787958
4.880885
4.786642
6.463225
5.074060
5.386692
5.984760
4.376186
5.128225
5.166677
6.486270
4.480719
6.599268
5.261932
6.423997
5.234372
4.657980
3.856792
4.037959
3.260561
2.628048
3.272767
3.450542
3.677984
3.054889
3.191441
3.242405
2.830491
2.951036
3.352564
3.401734
3.525942
3.690747
3.308789
2.727273
3.333856
4.553067
3.847296
3.683977
3.904541
2.770679
3.374336
3.924885
3.612851
3.904763
3.560188
2.988995
4.535626
4.366517
3.720461
3.115491
3.579551
2.867832
3.174772
3.485388
3.595151
2.949886
4.667846
3.275417
3.475736
3.574242
3.321999
3.218320
3.323779
3.281671
2.253100
3.462814
3.336343
3.343054
3.161344
2.815356
2.351356
3.398144
3.395534
4.236940
3.167875
3.681075
3.948043
4.399400
4.716753
2.434427
2.585923
2.633802
3.117360
3.118678
3.498254
2.778029
3.014423
3.070287
3.462741
3.410533
3.532022
3.117982
3.465576
3.021344
3.665784
3.287252
3.395499
3.497970
2.538180
4.640640
3.857959
3.145988
4.940665
4.212609
3.076220
3.848612
3.778480
5.071240
4.504120
3.682030
4.153987
3.486210
4.728723
4.511524
5.206108
5.061943
5.249478
4.841040
4.596140
6.943816
6.714886
5.655850
5.262099
3.859962
3.729904
2.909142
3.417373
3.761455
3.912452
2.538023
3.983349
3.914500
4.465445
5.243149
4.491289
3.687382
4.854675
5.317585
5.716603
3.973744
4.063549
4.486967
5.939625
7.019580
4.911454
3.875011
4.515759
3.389408
3.788519
4.077629
3.731828
3.231932
3.222346
4.162634
3.063309
3.226829
2.946723
2.960787
3.640610
3.481777
2.813769
3.238105
3.526946
3.265318
3.490338
3.739395
3.635278
4.679675
3.914969
4.088686
3.988874
5.140818
4.159304
3.408544
4.121695
3.843679
4.732031
3.929844
4.391866
5.774393
5.013036
5.206407
4.723272
4.587278
5.945732
4.796540
4.641686
4.659477
4.612397
3.569077
3.539314
3.452468
4.121058
4.369192
3.573444
4.475695
4.199370
2.897341
4.132736
2.628518
2.757432
3.116084
3.317229
3.131701
3.037843
4.294573
3.927586
4.362514
3.073271
4.610686
3.894112
4.021893
3.365050
3.288857
4.084067
3.763564
3.276875
2.957096
3.227709
3.496584
3.992634
4.045276
2.800877
2.990319
3.724943
3.278316
3.145134
2.769584
3.773006
2.920619
3.005215
3.743891
4.593431
4.627618
3.458691
3.780196
4.889942
5.196283
4.520552
2.813003
4.209109
4.657770
4.474534
3.917367
3.869020
4.717450
4.100023
4.531262
3.019826
4.576404
3.713993
3.628910
4.543443
3.790827
3.775995
2.840513
3.821405
2.940962
2.850405
3.126502
2.630174
3.363925
3.082853
2.447359
2.823254
3.473992
2.764957
4.006801
2.860190
2.860096
3.602789
3.281662
3.416821
2.953495
3.127940
2.449867
3.304165
2.878602
3.438790
3.143518
3.163857
2.867018
3.747886
3.182215
3.099194
3.130035
3.333732
2.169881
3.316169
3.074832
2.603040
2.920861
3.059616
3.139090
2.919574
2.731481
3.219593
2.849358
2.700616
2.607835
3.849154
2.742809
3.121788
2.544889
2.665123
3.223578
3.211383
3.946128
3.754338
3.244073
3.835621
3.065610
3.372395
3.204562
3.450742
2.927658
2.839975
3.440673
2.694671
3.190860
3.853544
3.353844
3.149578
3.868235
3.129470
4.108640
3.491846
4.532007
3.389685
3.195481
3.638501
3.555379
3.607382
3.499253
3.484861
3.513664
3.210980
2.819939
2.492103
2.284811
2.854507
3.078053
3.719555
2.740078
2.464136
3.086205
2.828731
3.156088
3.015524
3.266549
3.114405
4.034776
3.064032
3.354366
2.780608
2.762706
3.876598
3.048577
3.920886
2.792524
2.959520
3.340224
2.827161
3.290200
2.968559
3.171348
2.590434
3.040949
2.478363
3.286443
3.107886
3.287750
3.306501
2.643961
3.287358
2.700144
3.144573
2.786680
3.652845
3.361975
2.405081
2.208014
3.338281
2.774239
2.733316
3.523363
2.859861
3.904752
3.552651
3.403569
3.170832
3.264584
3.810490
2.292252
3.521719
3.609454
2.896553
4.075084
2.431510
2.841144
3.764632
3.913677
3.943710
3.960488
4.235492
3.415072
3.573277
3.991527
4.114502
4.353608
5.190142
4.674686
4.724597
4.217264
4.990752
4.229480
4.111881
4.284411
3.997695
3.797139
4.584118
5.621952
5.307695
4.005016
3.951936
5.395505
4.716693
3.979766
3.065046
4.206722
2.946874
2.644079
4.321867
4.204926
2.594448
3.317880
3.693124
3.452349
3.176798
3.495693
3.704448
3.655887
3.019639
3.326581
3.085363
2.703710
2.935404
3.463769
3.470445
3.361564
2.638179
3.048334
3.273212
2.812136
2.678451
2.951239
2.793559
3.374383
2.951245
2.846839
3.638488
3.565973
3.768960
3.274441
3.886918
3.203775
3.553706
3.726499
3.196288
3.275838
3.007787
3.422121
3.193542
4.069513
3.227554
3.364300
2.350073
2.863798
2.094283
2.714190
2.005112
2.448710
2.528878
2.418727
2.481671
2.964592
2.758034
2.948246
2.346862
2.765238
2.969783
3.090880
2.866358
2.207198
2.839430
2.450487
2.922772
3.300636
2.864729
3.494283
3.127151
4.171509
3.202158
3.347527
5.037133
4.449522
3.617203
5.642123
4.195879
3.800778
3.570720
4.465231
2.733910
3.450331
3.537068
3.802624
2.875702
2.305009
3.581923
3.235798
3.330167
3.500681
3.224666
3.238825
3.509876
3.280437
2.795660
3.545945
3.220047
3.229350
3.661532
3.612803
3.312946
2.486942
2.827353
2.887487
2.322692
2.650724
2.391721
2.392128
2.591665
2.138378
2.076320
2.962549
3.060611
2.960831
2.714025
2.381311
3.336340
2.810278
3.526320
3.125630
2.854343
2.546041
2.413107
3.085728
2.787506
3.135629
2.917600
2.370625
2.542848
2.792473
2.903780
3.240382
2.955208
2.751234
2.836458
2.990065
2.866435
3.298455
1.984144
3.382626
2.828213
3.108811
3.607655
3.355960
3.383328
2.770952
3.664205
2.478739
2.815910
2.834207
3.400552
2.841955
2.902874
3.171676
2.743006
3.126280
3.236146
2.983588
3.098935
2.438948
2.318538
2.382495
2.531744
2.472816
2.475708
3.369535
2.865529
3.357878
2.799605
2.842172
2.647901
2.955392
2.859076
2.578668
3.281147
2.533796
2.429890
2.891054
3.047975
3.044407
3.179636
2.609620
3.392339
2.306931
2.812191
2.948628
2.013121
2.125107
2.830272
3.214704
3.006306
3.002363
3.386703
3.235707
3.617669
3.000802
2.882056
3.349217
2.835953
3.494833
2.686111
2.937499
3.259214
3.933960
3.226025
3.731677
2.652916
4.048362
3.021550
2.923917
2.898333
2.818680
2.100427
2.807550
2.196764
2.876178
2.603161
2.496438
2.587984
2.218321
2.239816
2.269282
3.715824
2.751644
3.201520
3.089382
3.058275
3.046544
3.236153
3.093097
3.486585
3.520618
3.574072
2.577206
3.750915
2.370187
3.022167
2.090174
3.346349
2.767578
2.734588
2.699221
2.420301
2.393082
2.883139
2.535612
2.167575
2.768605
2.744821
2.450296
2.893247
2.445202
2.152687
2.703846
2.770207
2.957617
3.003407
3.002781
2.719571
2.996087
2.805927
2.376058
2.770663
3.062964
2.989426
2.980274
2.778632
2.677383
2.236151
2.702977
2.819455
3.049838
3.900204
4.733671
5.599534
5.926287
3.639944
3.768613
3.224594
2.530991
3.199677
3.024745
3.750829
3.140386
3.305190
2.395214
2.931235
2.905560
2.870054
2.612161
3.426307
2.398593
3.050246
3.187172
2.978616
3.330051
2.729845
2.752828
2.992466
2.890001
3.106528
2.781317
3.035985
2.988115
2.376890
2.927036
2.863095
2.859712
2.996653
2.954119
2.936187
2.493835
3.386774
2.699638
4.698585
3.448908
4.154571
2.885506
3.259230
2.424192
3.397378
2.674571
2.360246
2.093923
1.996659
2.682275
1.708916
1.580833
2.296959
1.780514
2.315219
2.153577
2.461623
1.836521
2.514657
2.216245
2.775551
2.537966
2.846966
2.874784
2.623088
2.754256
3.414633
2.585868
3.238841
2.732035
3.155932
2.457539
2.528456
2.367019
2.609978
2.968480
2.517297
2.251511
2.647921
2.566794
2.857591
2.362918
2.880061
2.589741
2.845200
3.202956
2.381198
2.383182
2.866178
2.315778
2.504171
2.804177
2.583092
2.250719
2.310238
2.366368
2.446953
2.511918
2.780178
2.847831
3.027137
4.110924
2.535387
3.736080
3.087887
2.641077
3.255237
3.806380
3.857688
2.977236
3.396795
3.826565
3.445110
2.951482
3.051419
3.487807
2.602491
2.692008
2.312175
2.871318
2.990471
3.155476
2.672114
2.982131
2.197388
2.671892
2.218786
2.684071
3.172250
3.749305
2.892349
3.051423
3.253366
2.725907
3.390392
3.284582
3.484782
2.787124
2.534212
3.175889
3.696542
3.810002
3.398324
3.428701
3.271963
3.186734
3.022324
3.663687
2.431183
2.984115
3.391192
2.534820
2.016925
2.605717
2.042627
2.408976
2.110034
2.273577
2.802563
2.041924
2.174260
1.500496
2.694895
2.580890
2.754614
2.598924
2.602455
2.421959
2.639566
3.315479
3.282705
2.488298
3.912849
3.473633
2.928494
3.017884
3.337354
2.947833
3.451084
2.558490
1.844285
2.245887
2.503344
2.317963
2.724885
3.046999
2.343213
3.043888
2.801790
3.490745
3.298906
3.119831
2.674740
2.825970
3.332448
3.183174
3.012467
2.639091
2.826178
2.168150
2.913207
3.024413
1.905654
2.371922
2.775086
2.597352
3.619685
3.028363
2.881175
2.636920
2.893282
3.091516
3.564279
3.091835
2.217313
3.027259
2.363147
2.592186
2.332774
2.372528
2.233063
1.928189
2.109047
2.436097
2.304954
2.938103
2.551605
2.673488
2.214948
2.739381
2.828644
2.827460
3.746926
3.301708
2.918479
2.414681
3.631104
2.160733
2.913100
2.146413
3.033334
2.496968
3.278226
2.516324
2.424265
2.488943
1.979882
2.579863
1.996704
1.919905
2.374267
2.068012
1.941356
2.470182
2.185886
2.638278
1.452609
2.183319
2.088672
2.175964
2.357474
1.987612
2.044642
2.279073
1.869059
2.270120
1.370828
1.942014
2.076738
2.027276
1.830787
1.737062
2.051780
1.807584
1.565370
1.493477
1.822594
1.754068
1.966432
1.736744
1.560583
1.308813
1.329734
1.468575
1.222284
1.496664
1.555127
1.217090
1.437670
2.258548
1.857105
1.766271
2.511718
2.259409
1.887201
1.554400
1.829550
1.685344
1.221428
1.764937
1.228022
1.226986
1.237303
1.726176
1.779633
1.874640
2.133807
1.463975
1.724483
1.500736
1.309030
1.480596
1.298412
1.125961
1.214752
1.100989
1.085487
0.958340
1.128442
0.915636
1.446562
0.918584
1.317629
0.917419
1.481765
1.114390
1.266881
0.713487
1.547150
1.518905
1.672896
1.541294
2.068759
1.469064
1.386225
1.198368
1.507468
1.241801
1.148293
1.163773
1.026263
1.161399
1.022244
1.006222
1.364177
1.430412
1.077263
1.245024
0.872312
1.018078
0.878632
0.966976
1.632886
1.483682
0.932740
1.302126
1.570859
1.374682
1.260303
1.603200
1.320879
1.366084
1.198736
1.975308
1.071224
1.136226
0.993811
1.056626
1.383368
1.266306
0.924595
1.348654
1.451428
1.038913
1.084648
1.108150
1.220056
1.417153
1.508935
1.010940
1.676257
2.388494
1.614498
1.582211
1.239494
1.982099
1.760832
2.095052
1.326056
1.779264
3.154836
2.056547
2.085733
1.759763
1.249779
1.516000
1.032625
1.541499
1.221183
1.397455
1.028008
1.372365
1.700629
2.132365
1.191004
1.934214
1.632761
1.546945
1.896509
1.413582
1.641942
1.469923
1.990205
1.388735
2.091059
1.155806
1.126814
1.640568
1.270482
1.300388
0.918575
1.345066
1.158995
1.645784
1.373318
1.256282
1.009060
1.364589
1.657282
1.298160
1.513802
1.594546
1.329933
0.878425
1.032473
1.349056
0.946433
0.867287
0.867374
1.658604
1.595437
1.816832
2.465021
2.419505
1.801180
2.347364
1.971117
1.410977
1.183178
1.246140
1.706234
1.230968
1.016513
1.295899
0.927213
0.900484
1.233819
1.603843
1.304253
1.488245
1.376059
1.337480
1.399151
1.612957
1.611397
1.677734
0.904262
1.694896
1.636024
1.268775
1.682861
1.021342
1.265088
0.892132
0.937005
0.975096
0.830932
1.196584
1.285066
1.515828
1.682869
1.223600
1.006195
1.741945
1.717281
1.830722
1.257542
1.722933
1.287756
1.737149
1.463522
1.262590
1.266694
1.691480
1.489179
1.432503
1.662642
1.887710
1.196030
1.515691
1.295813
1.475019
1.869007
1.493226
1.945974
1.261073
2.266513
1.692195
1.786395
2.020675
1.744042
1.530601
1.097155
1.422819
1.426571
0.937813
1.183478
1.454921
1.543944
1.068911
1.136344
1.015960
1.044416
1.206028
0.916063
1.094218
1.056456
0.944920
1.249241
1.309092
1.337126
1.398987
1.047835
0.906940
1.465515
1.709140
1.364987
1.572032
1.418543
1.485402
1.457979
1.385955
1.323199
1.541503
1.691123
1.084297
1.620637
1.657336
1.339977
1.447481
1.515824
1.350867
0.879069
1.365454
0.946907
0.985921
1.536862
1.069018
1.038596
1.130048
1.903093
2.281207
1.929237
2.433164
2.122214
2.770721
2.102484
1.412290
1.848941
1.587500
1.583078
1.267939
1.540622
1.236729
0.940743
1.037229
1.283918
1.248804
1.074464
1.548204
1.391874
1.117642
1.780875
1.847543
1.940392
1.737371
1.659806
1.809087
1.690500
0.961405
1.251315
0.982381
1.491685
1.257174
1.225485
1.507377
1.045607
1.247055
0.962341
0.905726
1.077478
1.520040
1.110158
1.037301
1.226652
1.147258
1.238670
1.326886
1.249009
1.224283
1.499011
1.201985
0.940947
0.871752
1.235818
0.808031
1.100258
1.275429
1.253685
1.137046
0.817382
1.341322
1.546130
1.143018
1.381435
1.054901
1.278344
1.432232
1.121416
1.498746
1.094913
1.264698
1.064601
0.932905
1.115644
1.040462
1.170217
1.093393
0.524987
1.758904
1.052220
1.628907
0.998908
1.096018
1.251460
1.545181
1.550814
1.452725
1.205359
1.130575
1.174567
1.169393
1.292699
1.392737
1.193266
1.825165
1.533351
1.301368
2.210627
1.838454
1.015522
1.297774
1.466409
1.399681
1.080135
1.717419
1.070327
1.940117
2.632819
2.907402
3.084977
3.149944
3.637439
3.216297
3.303381
1.171152
2.157208
1.299459
1.730796
2.052811
2.421619
1.781440
1.853045
1.822557
1.355906
1.738582
2.158513
1.352160
1.500820
2.349144
1.953797
2.277671
1.774047
2.010822
1.362579
1.321221
1.153194
0.972337
1.003581
1.250635
1.189440
1.241529
1.347148
1.368497
1.080250
1.472965
1.617200
1.279512
1.240015
1.389504
1.636782
1.767213
1.713925
1.684714
1.481054
1.612982
1.775571
1.508398
1.385622
1.412367
1.047014
1.373142
1.587251
1.392267
1.692366
1.520419
2.108210
1.479151
1.781570
1.677987
1.670102
1.332936
1.546462
1.250081
1.392956
1.581454
1.404658
0.926112
1.083326
1.500401
1.247961
1.123565
1.070158
1.318398
1.440454
0.933618
1.049080
1.067968
0.971072
1.319727
1.006494
0.935287
1.302878
1.005507
1.584849
1.118411
0.826118
0.829327
1.246591
1.112233
1.047348
1.389872
1.092050
0.766216
1.014283
1.169028
1.468149
1.163817
1.196743
1.266475
1.256937
1.272227
1.524615
1.027584
1.195235
1.261445
1.031043
1.028521
1.304052
1.336741
1.595738
1.250949
1.385638
2.114399
1.401900
1.549366
1.861633
1.934764
1.570892
1.162861
1.751310
1.717997
1.643978
1.486634
2.070431
2.207088
1.753754
2.072200
1.708076
2.325063
2.167504
1.692649
1.494614
1.781001
1.483905
1.309354
1.231661
1.221814
1.342008
1.475657
1.007910
1.270639
1.062004
0.888597
1.458675
1.229443
1.368073
1.206843
0.865480
1.148374
1.198409
1.401871
0.864146
1.317855
1.181514
1.510504
1.257048
1.391696
1.000631
1.065968
1.071509
0.826978
1.017631
0.738332
0.861120
1.054413
0.622435
0.893568
1.137696
1.085495
1.266571
0.741614
1.198141
1.019896
1.559491
1.130991
0.969348
0.612379
0.879668
0.880869
0.734752
0.945676
0.956403
0.723049
1.049419
0.642312
0.840493
0.863532
0.893561
0.842405
1.285706
1.369922
0.687687
1.305456
1.016410
1.529518
1.372443
0.894531
1.170566
1.177274
1.414225
1.162692
1.121021
1.468431
1.389903
0.916115
1.668135
1.209471
1.069496
1.008987
1.476462
1.376896
0.755712
1.048127
1.030457
1.086702
0.994142
1.333848
1.689017
1.418835
1.428796
1.816281
1.659582
1.516002
1.334559
1.860326
1.861564
1.352004
1.936681
1.485959
1.182477
1.509379
1.593076
1.593913
1.778795
1.947677
1.592791
1.398105
1.911570
1.299138
1.633488
1.583809
1.068684
1.423870
1.243952
1.349740
1.201385
1.090204
1.699600
1.085537
1.771130
1.518663
2.091599
1.451673
0.712285
1.188768
1.273472
1.473044
1.225699
0.972780
1.106427
1.046445
1.493758
1.385680
0.940346
1.183254
0.852629
1.559014
1.082090
1.144538
1.041803
1.200164
1.351208
0.920041
1.251036
1.306281
1.642248
0.921562
0.765507
1.373967
0.654607
0.940008
1.100877
0.962739
0.922156
0.917984
1.268343
1.230998
1.448987
1.427433
0.957782
1.082708
1.122567
1.019899
1.270444
0.776891
2.024104
1.790579
1.656908
2.045807
1.488471
1.678212
1.358128
2.081784
1.733300
1.373858
1.590680
1.453392
1.156062
0.979517
1.112295
1.429626
1.348135
1.452951
1.340521
0.949357
1.482422
1.146282
1.226504
1.149133
1.249629
1.765046
1.612521
1.558148
1.888928
1.155006
1.982175
1.471422
1.259165
1.728031
1.407802
1.866171
1.246846
1.252510
1.337203
1.094199
1.339629
2.371016
0.956663
1.470406
1.065452
1.221317
1.287065
1.258058
1.071246
1.790524
1.147932
1.358091
1.337753
1.678792
1.326160
1.436564
1.962201
1.953076
1.266487
1.208974
1.377875
1.245905
1.152658
1.064271
1.323565
1.465563
1.282775
1.284673
1.165106
1.298235
1.724438
1.701981
1.142364
1.155385
1.405969
1.469826
1.376590
1.100118
1.456907
1.240834
1.688565
1.409866
1.932453
1.815683
1.224058
1.112603
0.993452
1.646283
1.089077
0.858197
1.356424
1.205935
1.115587
0.800542
1.227831
1.463474
0.872267
1.256725
1.727735
1.729211
1.903366
1.851150
1.838692
2.034927
1.615198
1.970122
1.673849
1.334571
1.449505
1.730095
1.297860
0.898427
1.269390
0.876546
1.345524
1.416703
1.186302
1.384886
1.669288
1.455635
1.362670
1.633728
1.553672
2.028977
1.653237
1.668923
1.118165
1.269956
1.318308
1.421942
1.512259
1.114200
1.386138
0.809163
1.051822
1.468343
1.103536
1.355855
1.511277
1.200911
1.662729
2.153466
1.535270
1.305303
1.558396
1.401598
1.307317
0.985115
1.065156
0.859259
0.823187
1.269077
1.483614
1.215904
1.260793
1.473969
1.585801
1.447257
1.048668
0.893279
1.342531
1.466017
1.528437
1.339003
0.805595
1.776068
1.837593
1.899875
1.515719
1.117833
1.382687
0.911873
1.336821
1.101931
1.117120
1.331565
1.206685
1.137891
1.041908
0.781251
1.565075
1.349166
1.448285
1.664515
1.678395
2.308359
2.051413
2.625432
2.317273
1.323562
1.375930
1.226004
0.813364
1.495164
0.795846
1.341222
1.233706
0.847058
0.962709
1.078534
1.725905
1.125113
0.904063
1.286270
1.076347
1.362847
1.257787
1.587718
0.958413
1.014532
1.711375
2.100021
1.628455
1.669327
1.617499
1.878395
1.050702
1.125291
0.787168
1.037903
0.789512
1.639640
1.026200
1.073864
1.200881
1.068057
1.476801
1.520956
1.078315
1.512648
1.091836
1.209918
1.369607
1.287186
1.287458
1.540331
1.217173
0.831273
1.030693
1.446439
1.232033
1.083640
1.782478
1.319362
0.917092
0.868018
1.150075
1.010619
0.903296
1.638339
1.347499
0.851514
1.070653
1.283783
1.603590
1.092616
0.854554
1.026106
1.210701
1.011424
0.986972
0.942014
1.207164
1.069819
1.266826
1.958894
1.159473
1.464275
1.328077
1.048210
1.445319
1.645471
1.525876
1.144533
2.003792
2.313381
1.859461
2.873047
2.550740
2.627296
1.588186
2.317122
1.479727
1.110425
0.988434
1.464174
0.819056
1.171606
1.236977
1.343334
1.279354
1.563807
1.610777
1.144312
1.796797
0.941167
1.022458
1.461026
1.381881
1.702890
1.437143
0.953544
1.017080
0.984593
1.081465
0.979186
1.327575
1.059138
1.357193
1.108150
1.210163
1.191404
0.875535
1.119295
1.192924
1.548477
0.884035
0.922660
0.981007
1.037299
1.057466
1.345770
1.528738
1.220363
1.370683
0.783581
0.928363
1.155525
0.916297
0.921127
1.177777
1.216588
1.032012
0.720805
1.060719
0.915841
0.994442
1.117371
0.984477
1.318604
1.717507
1.712181
1.556461
1.932382
1.869748
1.790082
2.019646
1.464650
1.896152
1.366811
1.434597
0.786939
1.429895
1.102100
1.365300
1.045035
1.538532
1.305188
1.275967
1.533734
1.117725
0.961114
0.982392
1.443452
0.860445
0.981764
1.257823
1.052580
1.225475
1.228068
1.135213
1.142110
1.182519
1.265896
1.064550
0.948994
1.397827
1.510260
1.191779
1.435643
1.506827
1.082656
1.139378
1.304410
1.421533
1.159163
1.625273
1.297121
1.231339
1.161438
1.406772
1.312184
1.863221
2.157546
1.648233
1.268144
1.126189
1.308161
1.393318
1.015053
1.423007
1.934012
1.680235
1.175945
1.309280
0.956752
1.523066
1.315142
1.316636
1.076962
1.463532
1.845975
1.403420
0.879819
1.730587
1.400901
1.897096
1.089119
1.252381
0.919006
1.193111
1.516199
1.386666
1.030252
1.360583
1.394258
0.782188
1.187667
1.123064
1.417670
1.114006
1.032927
1.324678
1.069942
1.149075
1.519133
0.868246
1.231330
1.418941
2.006356
1.014409
0.951810
1.042832
0.785400
1.044104
1.660999
1.237447
1.028600
1.093202
1.383954
1.701247
1.383582
1.416244
1.297922
1.497494
1.503865
1.617942
1.102528
1.342191
1.450063
1.398907
1.609001
2.012188
1.621764
1.841789
1.234002
1.205836
1.274859
1.168879
1.068567
1.222702
1.006976
1.325488
1.517522
0.868280
1.434140
0.718670
1.223343
1.699625
1.048403
1.311995
1.682394
1.640200
1.310557
1.820093
1.161864
0.727713
1.049667
1.175927
1.172642
0.986884
1.009004
0.737316
0.953520
1.123464
1.194225
1.177274
0.920068
1.198581
1.532063
1.245575
2.035902
1.802426
1.667837
1.186849
1.494543
1.361887
1.496966
1.788460
1.288636
1.635016
1.457351
1.219945
1.607065
1.707490
2.565430
1.524954
1.403784
0.897913
1.159966
1.035509
1.555392
1.491967
1.353079
0.866569
0.818444
1.091731
1.238292
1.163151
1.876135
1.417840
1.771351
1.895310
1.734285
1.922364
1.435728
0.865567
1.141574
1.572875
1.354090
0.937289
1.277074
1.137458
1.066878
1.449075
1.257350
1.721836
1.615060
1.246230
1.099156
1.144697
1.352440
1.295737
0.962042
1.132354
1.305996
1.072950
1.470077
1.190549
1.190589
1.246657
1.541717
1.238539
1.365971
1.461462
1.518311
1.659071
1.298404
1.011646
1.672041
1.331177
1.284686
1.576067
1.655646
1.531735
1.587165
1.287918
1.815543
1.082222
1.228712
1.184967
1.309316
1.138448
1.013840
1.633828
1.140788
0.864279
1.592556
1.170081
1.277224
1.352681
0.729564
0.879233
0.784044
1.175669
1.434682
0.954443
1.209164
1.716813
1.300985
1.854769
1.298272
1.688103
1.642342
1.131317
0.681875
1.454783
0.825334
0.878158
1.159493
0.921668
1.262665
1.110740
1.086699
0.696475
0.926299
1.065496
0.934571
1.581789
1.062421
0.787263
1.410239
1.693081
1.113133
1.001624
0.982905
0.936482
1.449186
1.211825
1.188187
1.062612
1.233963
1.478640
1.113094
1.616352
1.328171
1.010582
1.265709
1.341357
0.988306
0.776395
0.689204
0.773455
0.817275
1.221826
1.546706
0.979394
1.042250
1.033201
1.131224
1.700372
1.126873
1.363433
1.190271
1.580717
1.607030
1.398640
1.473934
1.146603
1.564371
0.998312
1.224554
1.437449
2.066591
1.362825
1.704666
0.884938
1.501898
1.091206
0.968060
1.629440
1.044943
1.354141
1.089265
1.198199
0.948140
1.455330
1.131683
1.004379
1.622436
1.173394
1.538720
1.172684
1.337935
1.382352
0.814140
1.517538
1.042972
0.934836
1.339275
0.820290
1.394336
1.041349
1.143796
1.883127
1.192482
1.566842
1.581724
0.856585
1.386880
1.608037
1.362025
0.795510
1.555049
1.079144
1.147142
1.392259
0.962140
1.571015
1.372858
1.222299
1.257597
1.081981
1.149579
1.087306
0.987481
1.343475
1.262241
1.299171
1.428028
1.529248
1.306842
1.290130
0.808589
1.095881
1.317469
1.378160
1.025602
1.544634
1.176259
0.885641
1.159691
1.224059
1.117089
1.353858
1.402912
1.483172
1.267343
1.408411
1.396246
1.114914
1.464556
1.069915
1.505368
1.815052
1.489400
1.833742
1.358291
1.642524
1.530808
1.687054
1.353669
1.688564
1.548261
1.181181
1.205631
1.787406
1.593821
1.201087
0.607309
1.362634
1.641605
1.257369
1.401422
1.231975
1.687617
1.248822
1.199440
1.192690
1.116480
0.921493
1.393440
1.423633
1.466469
1.292856
1.249515
1.310545
1.158484
1.309320
1.537560
1.381809
1.888341
1.387177
1.371315
1.546373
1.285826
1.383550
1.350055
1.658243
1.059612
1.217980
1.259655
0.974631
1.033032
1.353144
0.869446
0.908561
0.969786
1.139495
0.848357
1.077113
0.718811
1.110654
0.828725
1.005681
1.191162
1.102775
1.110836
1.104195
1.105240
1.067911
1.499806
1.762734
1.984374
1.403127
1.257555
1.611342
0.799327
0.879389
1.003191
1.254324
1.251822
1.277424
1.060490
1.320838
1.062159
1.067728
1.245829
1.432277
1.873087
0.990959
1.726609
1.220079
1.488270
1.226052
1.256449
1.201127
1.004964
0.774463
1.250297
1.386777
1.408058
1.698829
1.697489
1.702641
1.368133
1.325706
1.143167
0.975184
1.070319
0.984970
1.330034
1.495005
1.445556
0.890852
0.609770
1.339525
1.166931
0.986131
1.140325
1.134091
1.156481
1.348766
1.178173
0.915888
1.070964
1.264539
0.977495
1.199536
0.986413
1.459064
1.330687
1.393255
1.841226
1.629127
1.228967
1.536837
1.398450
1.420865
0.758910
1.036855
1.191631
1.226704
1.312430
0.906353
0.915475
1.098419
1.022685
1.001917
1.134704
1.570048
1.268626
1.209438
1.319881
0.759567
1.190726
1.355720
1.351824
0.973014
1.382242
1.250604
1.152785
1.164672
1.332455
1.164965
1.205425
1.388525
1.171508
1.343651
0.851776
1.207705
1.160524
0.779351
0.826205
1.474683
1.119839
1.220690
0.982261
1.293308
1.149174
1.207985
1.251944
1.493549
1.121586
1.308929
1.061307
1.447266
1.039840
1.269897
1.060542
0.967979
1.558979
1.413785
1.009112
1.399342
1.244132
1.078225
1.507947
1.223734
0.681987
1.185837
1.614335
1.219975
1.088035
1.036404
1.324899
1.025688
0.675584
1.006142
0.825514
0.929262
1.291355
1.118888
1.211003
1.016343
0.853576
0.895021
1.112029
1.001301
1.234723
1.175195
1.255140
0.955382
1.197690
0.949107
1.299312
1.524385
0.709648
1.181422
0.819573
1.014244
1.043682
1.380147
0.784285
1.353197
0.994488
1.469624
1.041873
1.012615
1.278247
1.279795
1.199863
1.136361
1.304041
0.975987
0.873107
1.059504
1.296607
1.220355
1.071308
1.356588
1.785941
1.280992
1.029009
1.657389
0.901983
1.534807
0.934369
1.041742
1.638510
1.269951
1.088402
1.519556
1.541471
1.754110
1.724863
1.094057
1.407805
1.691570
1.076888
1.753499
0.974111
0.972878
1.448504
0.713266
0.681830
1.317511
1.294974
1.114385
0.722615
1.032413
1.225800
1.216540
1.512761
0.827975
0.776876
0.995237
1.072819
0.845614
0.839166
0.853501
1.230836
0.741771
1.599254
1.346456
0.999878
0.992636
1.628121
1.751871
1.556812
1.761690
1.809156
1.592233
1.288875
1.328559
1.063482
0.933436
0.594306
1.230519
1.500851
1.405340
1.357051
1.269526
1.085208
1.271144
1.435814
1.203846
1.336388
1.193268
1.438653
2.021833
1.986025
2.031414
1.526609
1.706359
1.278104
1.468078
1.473736
1.531994
1.248243
1.159493
1.729987
1.625627
1.915858
1.459624
1.292490
1.723944
1.618920
1.138500
1.520487
1.035844
1.361971
0.796054
1.078765
1.089043
1.042353
1.493863
1.577844
1.365119
1.278658
1.427154
1.529877
1.596943
1.095437
1.211626
1.551167
1.685635
1.351839
1.193829
1.443395
1.574884
1.458586
1.920833
1.227534
1.451671
1.591218
0.977012
1.241358
1.098490
1.419832
1.263958
1.005810
1.319737
1.569681
1.158401
1.154992
1.171957
1.453102
1.207313
1.209373
1.259236
1.156440
1.400018
1.242602
1.141675
1.971388
1.357538
1.047861
1.022831
1.289461
1.402395
1.469391
1.048203
0.988447
1.515457
1.655566
0.910770
0.982614
1.337091
1.445906
1.127112
1.433326
1.130476
0.725376
2.852165
2.219256
1.339972
1.263128
1.129817
1.151198
1.542406
1.240495
1.328554
1.340148
1.228766
1.117079
0.857476
1.176810
0.993531
1.030951
1.213834
1.440145
0.919962
0.956201
1.069090
1.459711
1.386100
1.029574
1.496544
1.683746
1.525016
1.007107
1.382964
1.280933
1.044732
1.076924
0.794880
1.269577
1.508174
1.328529
1.173706
1.630619
1.026502
1.126491
1.016845
1.376293
0.829543
1.078491
0.900335
0.988716
0.868985
1.273984
1.798008
1.656279
1.425248
1.804158
1.456179
1.335775
0.852629
0.878956
1.156727
1.244397
1.352811
0.926029
1.136721
0.928378
1.686133
1.458676
1.179148
1.147398
2.040251
1.552057
1.298888
2.024730
1.514568
1.390440
1.169418
1.291889
0.809125
1.055634
0.812327
0.761808
1.852128
0.567377
1.178792
0.963163
0.657746
0.953051
1.353949
0.947053
0.747093
1.047989
1.210261
1.323532
0.885477
0.872858
1.124201
0.897043
0.827713
0.830111
0.641408
0.852027
0.916663
0.697110
0.965160
0.784096
0.920097
0.867810
0.706243
1.244016
1.263018
1.313448
1.376046
0.856918
0.863994
1.246372
1.253099
0.876613
1.203229
1.388749
0.998787
0.908284
1.351241
0.902257
0.814033
1.384950
1.445743
1.084836
1.447595
1.480599
1.408480
1.475264
1.524939
1.404054
0.674777
1.475649
1.108496
0.906521
1.079908
1.239644
1.395393
1.136632
1.099582
1.102549
1.138907
1.473811
1.337369
1.709215
1.259837
0.904851
1.035829
0.816788
1.224195
0.969918
1.231112
1.147929
1.451484
0.806418
1.017231
1.770388
0.930439
1.401966
1.091422
1.044574
1.278586
0.651003
1.183115
1.086633
1.467547
1.256056
1.352843
1.628911
1.463428
1.080847
0.902111
0.939319
1.094159
1.108623
0.957694
0.985832
0.912574
1.268393
1.494792
0.864360
1.025687
1.457183
1.103390
0.936841
1.329178
1.125480
0.685529
0.782623
0.636211
0.995456
0.777844
1.205537
0.983523
0.933135
1.193496
1.404497
1.338099
1.049218
1.112174
1.269704
0.925259
1.197924
0.795709
0.886035
1.302897
0.924704
1.240668
1.233930
1.385612
1.438730
1.157470
0.921656
1.167445
0.829884
0.802406
0.908931
1.106353
1.018479
0.980234
0.971632
0.876416
1.200016
0.963257
1.084812
1.197116
1.321211
1.018291
0.948539
1.146733
1.440858
1.488546
1.566520
1.919595
1.754562
1.521364
0.972834
1.389742
1.026716
0.869880
1.132624
1.766209
1.134328
1.466892
1.137193
1.064418
0.724469
0.941309
0.987136
0.615459
1.410959
0.851990
0.980507
1.504967
0.937045
1.419215
2.196530
1.476963
0.923353
1.294086
1.396409
0.897045
1.406106
1.356303
0.895597
1.013615
0.880004
1.584984
0.939636
1.220814
0.909265
0.895971
0.901099
0.946115
0.793567
1.123944
0.812050
0.956902
0.902906
1.012468
1.092671
1.213847
1.457843
0.705634
0.776833
1.484302
0.953910
1.149604
1.056255
1.530383
1.254565
1.032117
0.994020
1.319524
1.118822
1.528367
1.645266
2.074277
1.167726
1.127853
1.462862
0.817795
1.025257
0.800346
1.184024
1.258943
1.035964
0.970186
1.232781
1.096294
1.198606
1.383912
1.380557
1.752415
1.017884
1.301529
1.546237
1.139340
1.292235
1.089428
1.314170
0.961755
0.726483
1.143529
0.729817
0.970348
0.971159
1.084432
0.970739
0.851746
0.895689
1.037203
0.789390
0.946854
1.500847
1.176084
1.270902
1.157682
1.015838
1.086874
1.245092
0.779898
1.076036
1.229192
1.292830
0.704916
0.613679
1.413910
1.397190
1.278880
1.193623
1.325321
1.260367
0.864557
1.395810
1.093955
1.013921
1.046713
1.230910
0.995174
1.029460
1.177742
1.263954
1.283063
1.039266
1.266965
1.096252
1.581677
1.538614
1.159388
1.362321
1.814958
1.546842
1.697158
0.845256
1.616638
1.361734
1.346287
1.191975
1.306298
1.437492
0.910857
1.983727
1.584089
1.023029
1.247614
0.839652
1.046071
1.028465
0.920132
1.220545
1.157541
0.858282
1.059353
0.620227
0.985572
1.208378
0.993533
1.409099
1.397451
1.295369
0.925239
1.560978
1.112772
1.024832
1.095010
1.272058
1.107811
1.158280
1.046461
1.123069
0.930213
1.832855
0.795541
1.727613
1.187917
1.428917
1.167053
1.749110
1.390610
1.332973
1.267671
1.496063
1.307364
1.442411
1.232822
1.047729
1.231250
1.406549
1.329926
1.061103
1.171961
1.124588
1.365101
0.753853
1.289899
1.214461
1.670398
1.099076
1.205991
1.084788
1.328173
1.515372
1.118397
1.068523
1.389219
0.665763
1.594583
1.670566
0.791412
0.894127
1.581400
1.006013
0.900274
1.245625
1.281331
1.647871
1.177341
1.089375
1.116589
1.545294
1.513233
1.072517
1.184146
1.310066
1.670510
1.011874
0.784417
1.124277
1.277598
1.039521
0.738804
0.969683
0.942702
0.820107
1.002845
0.945545
1.110132
1.039343
1.180325
1.174809
1.350994
1.284904
0.873338
0.852743
0.918037
1.348126
0.961586
1.388553
1.260503
0.751039
0.784678
1.079605
1.106084
1.371536
1.103257
1.177636
1.699845
1.170999
1.622548
1.187618
1.110073
1.573595
1.075946
1.596530
0.824213
0.928669
1.307559
0.706191
1.182965
1.153880
1.253495
0.771933
1.123071
1.526001
1.221850
1.347604
1.188055
0.968412
2.346136
0.956290
1.403864
0.839573
0.770348
1.379564
1.389485
0.839820
0.868252
1.336721
1.420854
1.102869
1.251654
1.269598
1.113206
0.969561
1.257888
1.314371
1.254203
1.692972
1.112498
1.060938
1.353628
0.815442
0.918767
0.976331
0.899564
1.119130
1.076134
1.200245
0.770248
0.839094
0.599461
1.154334
0.865582
0.828269
0.790481
1.757707
0.894073
1.056754
1.010475
0.981047
0.762371
1.133378
0.912519
1.300908
1.162399
1.147556
0.974020
0.984484
1.396541
1.094965
1.165431
1.121585
1.334600
1.379531
0.888594
1.207755
1.319785
1.340425
1.397772
1.183924
0.980370
0.858472
1.029200
1.917092
1.858264
1.428127
1.478161
1.806596
2.357204
2.090591
2.009466
2.060870
1.819573
1.393592
1.694797
1.212323
1.623647
1.704513
1.245349
1.817272
1.425352
1.771852
3.518670
4.713019
5.730530
6.171517
6.149916
4.974699
3.946281
2.492596
2.310934
2.615124
1.491966
2.025405
1.626285
2.561619
1.773388
1.733400
2.047285
1.817923
1.674957
1.542162
1.269641
1.424586
1.506930
1.338919
1.278341
1.336927
1.457768
1.547685
1.042494
1.358163
1.563951
1.447839
1.516481
1.279281
1.819005
1.186280
1.666058
1.739485
1.687185
1.938492
1.921277
1.862930
1.881025
2.004628
1.158432
1.647809
1.605301
1.245663
1.651561
1.292692
1.479850
1.264808
1.053833
1.210565
1.280085
1.207712
1.442905
1.746038
1.227635
1.514523
1.434180
1.298822
1.059735
1.354662
0.997525
1.318613
1.534739
1.263485
1.245228
1.158926
1.297425
0.949836
1.702084
1.467744
0.771189
1.539002
1.042214
1.055159
1.245027
1.051356
1.201527
1.195170
0.976255
1.166451
1.403738
0.935051
0.863976
1.032220
1.104217
1.218231
0.979608
0.913923
0.803627
0.947824
1.200035
0.888889
1.100988
0.560216
1.105124
1.027116
0.931762
0.670685
1.215910
0.979126
0.659159
1.035907
0.999915
0.783124
1.219718
0.769962
1.219097
1.480358
1.218426
1.029837
1.058939
1.167337
0.654490
0.919631
1.093391
1.531568
1.260724
0.826664
0.782163
0.996639
0.927335
0.632228
0.984508
1.040171
0.840634
1.010837
1.040455
0.944027
1.367256
1.508076
1.398021
0.958507
1.078738
1.149129
0.807023
0.583783
0.946528
0.923408
1.208367
0.786989
0.854661
0.884478
1.070264
0.982324
0.825019
0.945472
0.896319
1.145994
1.094376
1.307635
1.184506
1.591272
1.349608
0.869643
1.088879
1.346424
1.430949
1.006241
0.883592
1.183326
1.144911
1.785566
1.163255
1.170119
1.882182
1.456149
0.987492
1.171159
0.981029
0.828588
0.367493
0.964359
1.198220
1.148067
0.733071
0.763771
1.077545
0.799098
1.060042
1.203154
0.936414
1.122807
0.915278
0.579182
1.079352
1.478384
0.912761
0.906835
0.983191
0.857673
0.918805
1.391212
1.180378
1.024055
1.074855
1.130566
0.927392
0.904462
0.700928
0.928339
0.818303
0.808095
0.973586
1.132977
0.631270
1.116102
1.009879
0.731822
0.908294
1.147707
1.072215
1.121779
1.032366
1.361033
1.483866
0.915862
1.663700
0.911080
0.824214
1.533778
1.027276
1.558559
1.163035
1.505753
1.300993
1.040404
0.874349
0.978529
1.018223
0.676615
0.651646
1.106110
0.852377
0.912584
0.874723
1.275017
1.056810
0.784620
1.238026
1.176389
1.350107
0.908970
0.911415
1.038557
0.925752
0.934515
1.068189
0.812688
1.191843
0.755288
1.042128
0.752457
1.111002
1.244854
0.999613
1.213419
1.194096
1.032000
0.795804
1.359916
1.016840
0.629371
0.683307
0.890116
1.260165
0.854581
1.018011
1.615633
1.603358
1.022717
0.858883
0.696821
0.934511
0.939848
1.137565
0.725028
0.848465
1.408002
0.860402
1.252565
1.082413
1.211117
1.143826
0.921413
1.315050
1.142501
1.188521
0.830511
0.797347
0.620986
0.826018
0.658454
0.957461
0.937079
1.018520
1.014916
0.829297
0.776277
0.908318
1.715849
1.228371
0.704541
0.843002
1.243534
1.374303
1.172922
1.098488
0.610107
1.297909
1.208395
1.013593
0.744355
1.313878
0.772854
1.177715
1.101812
0.827073
1.272465
0.611384
0.638013
0.666333
0.737890
0.812594
0.769482
0.788931
0.935765
1.373140
1.631788
1.808966
1.727177
1.575529
0.829110
1.650310
1.121672
1.023018
1.374980
1.461926
1.343057
1.047015
0.908261
0.956318
1.288319
1.151064
0.772109
1.070568
0.972902
1.114118
0.940907
1.030078
0.997861
1.235721
1.781689
1.066100
0.742217
1.227902
1.614902
1.637676
1.130282
1.455252
0.928043
1.137613
1.122298
1.241663
1.051011
1.001473
1.090298
1.033868
1.146755
1.338389
1.100804
0.700112
0.991026
0.832951
0.707147
1.286116
1.349355
1.421830
1.377262
1.378706
0.998682
1.048606
1.058267
1.349955
0.840131
1.020838
1.267841
0.949469
1.346462
0.927062
1.335128
1.040760
1.240138
1.433455
1.133078
1.058663
1.180264
1.089279
0.972295
0.721026
0.737019
0.998415
1.058241
1.046460
1.002101
0.996362
0.736326
0.815750
0.774247
1.042239
0.862256
1.177910
0.985735
1.184740
0.798840
1.457285
0.965828
1.383606
0.938208
0.972389
0.895311
1.123406
0.745204
1.323349
0.702052
1.169101
1.252403
1.164597
0.908638
1.627401
1.415929
1.471680
1.456449
1.816050
0.816936
1.611585
1.348934
1.052214
1.197326
0.927945
1.651142
1.265536
1.257144
1.080124
1.015860
1.187415
0.966884
0.907695
0.706569
0.912380
0.897612
1.629691
1.239646
1.163691
1.217694
0.674541
1.305933
1.271232
1.000196
0.942386
1.040362
1.238845
1.122322
0.906250
1.131608
1.223388
1.773685
1.487404
0.714490
1.613346
0.657273
1.360798
1.482453
1.518746
1.299797
1.277781
1.596348
1.566630
1.074999
1.531940
1.126249
0.890668
1.373159
0.985981
1.096621
0.676613
0.765971
1.035446
0.995380
0.998656
1.052624
1.068494
0.809412
0.789953
0.798586
1.303883
1.076744
0.908714
1.577306
0.922739
1.390190
0.781838
0.902281
0.993089
0.788487
0.909283
0.848410
0.988254
1.538870
1.253095
1.238550
0.777343
1.014925
1.152980
1.224962
1.240511
0.783836
0.509162
1.075901
1.225443
0.640781
0.922778
0.831831
1.230167
1.312715
1.975204
1.775568
1.573773
0.647806
0.901140
1.286299
1.116137
0.753465
0.634367
0.914852
0.746299
1.096547
1.572750
1.251905
1.118231
0.808722
0.896118
1.075959
0.720760
0.739774
1.126316
0.993026
1.150692
1.324517
1.149448
1.259562
1.133583
1.092698
1.780281
1.645844
1.441083
1.361368
1.543885
1.059314
1.209982
0.987162
1.331282
1.303128
1.445613
1.127884
1.135547
1.665344
1.595703
1.292292
1.706921
1.703161
0.879885
0.776246
1.290319
1.093929
0.724601
1.207665
0.793414
1.305148
0.983872
0.995807
0.722403
1.612729
1.285812
1.491748
1.306933
1.223365
1.177389
1.241398
1.078738
0.671853
1.061638
1.086311
0.785309
1.025497
0.759740
1.173257
1.318228
0.543960
1.195313
0.958934
1.032908
0.877566
0.962444
0.891711
1.118557
0.874007
1.225144
1.167485
0.895477
1.103878
0.992339
0.856247
1.496320
1.083026
1.174914
1.677753
1.456494
1.425811
1.586762
1.215123
1.237034
1.203454
1.144638
1.220013
0.919521
0.756610
0.541584
1.027445
0.725679
0.968080
1.057313
0.630542
0.975852
0.813702
0.924537
0.904844
1.036581
0.807557
1.106701
1.656405
1.420394
1.297487
0.990482
1.219316
1.250230
0.990455
1.263627
0.872987
0.997141
0.801393
0.954367
0.948821
0.601606
1.023363
1.089633
1.643854
1.027494
1.242160
1.121027
1.108035
1.236446
0.702782
0.996320
0.817987
1.074707
1.148581
1.252409
0.898811
0.698108
0.946128
0.756044
1.025175
1.089885
0.984740
1.257369
0.709407
0.757548
1.286443
1.006194
0.426048
0.916252
1.008462
0.673794
1.027808
1.231348
1.660059
1.274110
0.971351
0.851384
1.363828
1.415213
1.321517
1.037319
1.583976
0.973533
1.378635
1.105226
0.840225
1.109724
1.113917
0.949136
1.286033
0.809735
0.960580
1.119156
1.066537
1.723258
2.172754
1.850056
1.609838
1.791662
1.655597
1.078983
1.079320
1.314659
1.159329
0.681910
1.045377
1.149191
0.947797
1.412286
1.534627
1.337752
1.040354
1.007931
0.913869
0.887568
1.585485
0.795202
1.234379
0.717517
1.063963
0.723350
0.951890
1.266836
1.105931
1.349253
1.096576
1.049828
1.652210
1.137733
0.953993
0.675394
0.544431
1.272341
0.764455
1.138189
1.413235
0.645097
1.019396
1.000238
1.656125
0.913155
0.748266
0.872804
1.365036
1.268537
0.878061
1.281276
1.294766
1.161160
1.037775
1.240347
1.210222
1.701041
1.234196
1.041993
1.636016
1.349547
0.895847
1.332909
0.680305
1.536898
0.830264
1.220378
1.500540
1.121750
0.750483
1.148395
0.685527
1.315971
1.148156
1.210758
1.383680
1.324745
1.458769
1.240170
1.375842
0.948808
1.339398
1.018898
1.074676
0.761632
1.320746
0.952888
1.656938
1.388014
1.407295
1.402435
1.889128
2.289605
2.392794
1.759520
2.544873
2.053236
1.245532
1.581500
1.467530
1.548035
1.489054
1.052743
1.049214
1.461722
1.603964
1.659389
1.217436
1.302241
1.514780
1.019620
1.343758
1.979253
1.831484
2.708902
2.112509
2.215845
1.804031
2.174955
2.427061
2.450780
1.902772
1.459856
1.152661
2.038048
1.966500
1.732386
1.796345
3.075058
3.790518
3.776550
2.658078
2.181063
1.909095
2.428410
2.910578
3.241645
1.660851
1.339214
1.261642
1.395116
1.749714
1.333484
1.676587
1.165943
1.472680
1.539396
1.495463
1.491706
1.462312
1.289837
1.588398
1.420772
1.885021
2.078995
1.683134
1.424466
1.276531
1.264345
1.757291
1.329357
1.277247
1.438907
1.939068
1.893683
2.122567
2.550557
1.564642
1.926443
1.495459
1.154427
2.155195
1.183668
1.501129
1.215208
1.306162
1.301328
1.731352
1.233249
1.206341
1.343732
1.214228
0.966537
1.570493
1.587828
1.817950
2.085808
1.407923
2.444866
2.242887
1.844277
1.577575
1.470217
0.918660
1.127615
1.070335
1.171663
1.075628
1.274734
1.265451
0.987114
1.190284
1.064250
1.236674
1.558312
1.766299
1.303113
1.010451
1.077724
1.485105
0.794027
1.401271
1.087262
1.183190
0.988706
1.297848
1.644086
1.084328
0.954210
0.950219
1.076760
1.121558
1.484412
1.167569
0.775019
1.045785
1.421300
1.210664
1.288020
0.863350
1.136850
1.308763
0.779017
1.652186
1.033097
0.957562
0.899263
1.131824
1.515962
1.464283
1.893305
2.350746
1.809841
1.533391
2.477577
1.742992
1.546517
1.162259
2.173387
1.095062
1.498292
1.383579
1.206742
1.762151
1.333201
1.356803
1.286176
1.022428
1.531431
1.256231
1.197388
0.949649
1.076619
1.398144
0.902575
0.646999
0.668444
0.905424
0.828362
1.267345
0.912233
0.923923
1.054403
0.990723
0.885900
0.767046
1.393354
1.219723
1.554748
1.594053
1.038721
0.615890
1.577163
1.855050
0.980018
0.856963
1.364199
0.895099
1.160046
1.348011
1.140925
1.085859
0.954913
1.408962
1.631141
1.586212
1.466842
1.599178
1.151928
1.295567
1.356831
0.911012
1.003261
0.591803
1.279481
1.440009
0.616127
0.698956
1.534650
0.833568
0.980799
1.910296
1.529778
1.027764
0.825243
1.158583
0.901604
1.332462
0.868942
0.843756
1.212732
0.874259
1.192943
1.098881
0.938995
0.955048
1.101626
0.903086
1.055407
1.819252
1.269166
1.514473
1.017661
1.386788
1.142796
1.329546
0.968594
0.939446
0.848263
1.077615
1.222645
1.114011
1.600321
1.205338
1.454310
1.065715
1.276380
1.374280
1.194164
0.760982
1.074439
0.802720
0.810096
1.437944
1.200581
0.724096
1.241037
1.830150
1.611082
1.435132
1.290656
0.715565
0.981718
1.127362
1.303357
1.028559
0.943400
0.763161
0.929857
0.923381
1.310457
0.930102
0.817175
1.118671
0.645594
0.697641
0.826492
1.108160
0.792050
1.179650
1.327531
1.252994
0.737861
0.976206
1.143841
1.690275
1.936373
0.831881
0.920113
1.056190
1.189351
1.241732
1.492110
1.013135
1.682374
1.145723
1.148300
1.242165
0.988508
0.878125
1.050258
0.820778
1.153724
0.827593
0.815644
0.834928
1.195808
0.809208
0.871461
0.887345
0.829741
1.388186
0.965956
1.315557
0.936181
1.148764
1.388734
1.279264
1.186450
0.786090
1.448977
0.974884
1.163568
1.074706
1.022411
1.156792
1.078469
0.948727
1.259048
1.002820
1.020343
1.407915
1.260604
1.788907
2.239492
1.823203
1.340931
0.967262
1.082271
0.967491
1.122028
0.954077
0.693777
1.095787
1.030771
0.898999
0.880178
0.956924
1.139923
0.841798
0.903352
1.001686
1.387711
1.605332
1.776240
0.838669
1.572986
1.640672
1.027857
1.045865
0.992487
0.973468
1.659596
1.093128
1.228959
0.867178
1.217552
1.183856
1.300406
1.173681
1.478327
1.199182
1.097432
1.119040
1.100780
1.200989
1.184310
0.808788
0.975459
1.368495
1.130466
0.813184
1.134134
1.040924
1.575998
1.009480
1.132169
1.647347
0.813456
0.506187
1.024693
1.083600
1.234352
0.910885
0.677220
0.934771
1.000100
1.383336
1.259712
0.984057
1.413001
1.332596
0.983670
0.916940
1.085998
1.273623
1.035980
1.265832
1.105630
0.890245
1.812508
0.691991
1.495110
0.927530
1.120707
1.228446
1.658112
1.245644
1.758644
0.822331
0.963795
0.673575
1.001403
0.677499
0.895787
1.168877
1.103619
0.664551
0.905975
0.408967
1.450209
1.070310
0.767777
0.941684
1.369340
1.070734
1.124838
1.124413
1.422612
0.884867
1.434721
0.760797
0.926836
1.019078
1.204571
0.985630
0.782204
0.869779
0.561997
1.234594
0.700375
0.495741
1.162799
0.891544
0.813921
1.229422
0.917011
0.716058
0.846305
0.723343
1.002963
0.677969
1.078638
1.066177
0.760244
1.346996
1.290268
0.803458
0.892681
1.066944
0.747065
1.071342
1.094217
0.908604
0.827788
1.282131
1.224453
1.011079
0.526233
1.060891
0.983333
1.058973
0.640745
0.923534
0.977826
1.066827
0.685353
0.874921
0.903225
0.598924
0.795819
0.694168
1.082328
0.639908
0.968526
1.195785
1.253660
1.739158
1.390754
0.653352
1.103484
1.295985
1.004354
0.513671
0.519314
1.117236
0.860501
0.689689
0.642169
0.788831
0.641424
1.234811
1.082024
0.989784
0.954498
1.380317
0.886939
1.145016
1.146868
1.255164
1.274424
0.809942
1.307073
1.086074
0.618501
1.249219
1.170706
1.412365
1.214995
1.157580
1.295993
1.403009
1.159210
1.141428
0.825641
1.179356
1.059438
0.876861
0.709910
0.823233
0.768117
0.917401
0.695622
1.101468
1.203550
0.955270
0.844115
1.113565
1.071970
1.234989
0.861492
0.712551
1.284744
0.741716
1.172233
1.224344
1.641448
0.794831
0.551711
0.537897
1.272787
1.259668
0.815988
0.650529
1.004040
1.020596
1.482386
0.830844
1.036616
1.048026
1.417830
1.123815
1.255993
0.749821
0.748534
0.750890
1.123347
1.118373
1.080066
0.578011
0.677849
0.760740
0.687174
1.134776
1.006804
1.062729
0.972808
0.686030
0.653056
1.167993
0.847003
0.956069
0.932900
0.689634
0.996241
0.635517
0.822207
1.053070
0.870263
0.748430
0.879206
1.271774
1.100261
0.838833
1.172033
0.714351
1.130536
1.097874
0.772993
0.781542
0.881778
0.992773
1.257251
1.170160
1.276955
0.669362
1.137512
1.005948
1.153456
0.650696
0.882485
1.340088
1.241032
1.839411
1.004651
1.653557
0.974695
1.082656
2.060829
1.093685
0.759189
0.789092
1.089556
0.799592
0.670149
0.841597
0.838483
1.088555
0.984716
0.811168
0.808118
0.865245
0.695171
0.864065
1.032171
0.578222
1.124947
0.688699
0.767675
1.118449
1.094254
1.129441
1.162520
1.031075
1.058642
0.788336
1.020007
1.114253
0.676538
0.838711
1.099463
0.996664
1.008639
0.818338
1.449433
1.294545
1.337238
1.325569
1.145095
1.126833
1.030206
0.999691
0.982973
0.812398
0.945182
0.630046
0.904983
0.589575
1.073704
0.796620
0.946288
1.077118
1.283431
1.228941
1.142310
1.197220
0.903255
1.173235
1.452011
0.897073
1.184554
1.587157
1.386633
0.801169
1.460706
0.825156
1.127009
1.462316
1.476013
0.819738
1.064429
0.895493
1.276238
1.168811
1.153901
0.618542
1.057614
1.079806
1.336740
0.884860
1.021326
1.244284
0.624700
0.897266
0.715946
1.284533
0.979491
0.821120
1.224545
1.098288
0.991018
0.996051
1.151466
0.852541
1.552619
0.641266
0.896664
1.034562
0.690751
1.148778
1.407996
0.841696
0.947260
1.036166
0.876673
0.727404
1.066343
0.915208
0.982401
1.116999
1.287704
1.156146
1.388223
1.067690
1.065209
1.402484
1.196502
1.191088
1.205638
0.909032
1.227394
1.227213
1.104227
0.722069
1.390885
1.186002
0.993897
0.982259
0.607282
1.033370
0.727802
0.673769
0.881030
1.159334
1.194904
0.984909
0.535244
0.969473
0.728933
0.927558
0.763791
0.938803
1.267037
0.683171
0.700972
0.747027
1.092498
1.143104
1.360215
1.216378
0.879476
1.071574
1.110359
0.512089
0.796106
0.574015
0.745535
1.254554
1.099949
0.979752
0.986853
0.600862
0.651678
1.173609
0.818629
1.119529
1.291117
1.143375
0.923716
1.036680
1.104606
1.129871
0.943399
1.228127
1.162196
1.490082
1.724880
1.528185
1.271906
1.619220
1.212830
0.895330
1.257871
1.555174
0.815796
0.872502
1.181241
1.153081
1.093052
1.191739
0.894199
0.667426
1.059397
1.204056
0.752081
0.881833
1.123611
0.872061
0.644145
0.572069
1.190148
1.406562
0.743508
1.073335
1.108646
1.321308
0.900565
1.589220
1.079625
1.265612
1.397440
0.805191
0.937765
0.960721
0.760773
1.134211
0.908318
0.753833
0.509689
0.799914
1.087972
1.196160
0.927450
0.991201
0.723939
0.378323
1.756036
1.266681
1.192561
1.000564
0.948960
0.736551
1.017814
0.902599
0.599313
0.767963
0.872265
1.514656
0.648510
0.952598
1.215393
0.960999
0.939583
1.322440
1.713722
1.474995
1.268411
1.143715
1.172543
1.027580
0.598493
1.127912
0.663744
0.838812
0.678736
0.583711
1.059454
1.254271
1.538666
0.762545
1.548965
1.001146
1.526704
1.388685
1.351486
1.277972
1.353015
0.840461
0.839656
0.952049
0.901067
1.219721
1.479515
1.325654
1.094377
0.783689
1.217414
1.418042
1.300285
1.131697
1.741018
1.532517
1.895694
1.246332
0.731319
1.052481
1.127305
0.566156
1.004767
1.048459
1.118342
1.407259
1.285692
1.167551
1.495060
1.390411
0.940214
1.261136
1.182187
1.297878
1.460171
1.059050
1.374919
1.328157
1.086654
1.026502
0.784799
1.216633
1.270109
1.205406
1.168949
1.213651
1.667729
0.995724
1.035579
0.842889
1.272857
1.047231
0.923356
1.116723
0.907694
0.867547
0.852886
0.901313
1.281081
0.903188
0.817085
0.930026
0.926343
0.713584
1.167821
1.384884
0.909754
0.935646
0.742323
0.952533
0.857739
1.270891
0.876036
1.491376
0.992002
1.042159
0.942020
0.750677
0.927876
1.030045
0.752226
1.118335
1.361224
0.928555
1.238822
1.103711
0.645361
0.715007
1.128080
1.141943
0.881388
1.796734
0.807274
1.099674
1.011239
1.010213
0.883285
0.952579
1.411965
0.933949
1.077370
1.206930
1.071939
1.030083
1.138791
1.291310
0.870500
0.796541
1.133810
0.816847
0.841115
1.200997
0.628353
1.045871
0.870807
1.831333
0.645936
1.363061
1.016051
1.127849
1.027504
1.098520
1.086756
1.265676
0.760184
1.558501
1.345477
1.311239
1.675959
2.068361
1.707836
1.231750
1.456298
0.627803
1.280683
1.187369
0.584841
1.575591
1.426852
0.995769
0.962645
1.335453
1.137261
0.844414
0.858104
1.068881
0.729555
0.953578
1.137167
0.946676
0.530306
1.161383
0.935530
0.975250
1.306058
1.303544
1.082082
1.033956
0.917127
1.820205
1.520211
0.987405
0.998024
0.946803
0.953309
1.159311
0.953179
1.059960
1.166996
1.421936
0.843352
0.743474
0.819681
1.307881
0.935954
1.042596
1.585542
1.302375
0.811033
1.206663
1.196343
1.539326
0.954077
0.961365
0.818862
0.886308
0.786711
1.338406
1.595997
1.382254
1.401316
1.661376
1.603973
1.472108
1.363090
1.293417
0.712062
0.782681
0.886914
1.083298
1.091376
1.012346
1.158664
0.725963
0.756134
0.797495
0.924218
0.714419
1.114054
1.123116
0.985808
1.260389
0.816348
1.628086
1.135448
0.886007
1.522073
0.717300
0.762184
0.761632
1.387784
0.959377
0.625400
0.907643
1.168558
0.672609
1.134574
0.676000
0.940988
1.049203
1.193133
1.075531
1.160311
1.150605
1.369608
1.252404
1.270965
0.894756
1.115683
1.267807
0.898361
1.028953
0.887924
0.915775
0.886798
0.989440
0.943335
1.072369
0.668447
0.983634
1.302214
0.969546
1.167291
1.560847
1.197008
1.269554
0.969488
1.223444
1.129934
1.143459
1.171589
0.942925
0.806377
1.374175
1.220667
1.048081
1.172379
0.890825
2.039024
1.058576
1.223541
1.055674
1.460766
1.393956
0.785545
1.236350
0.972095
0.781654
1.021886
0.665454
1.106036
1.370333
1.006862
1.177878
1.205538
1.123949
0.942109
1.489569
0.893987
2.090421
0.953497
1.210005
1.385676
1.405595
0.925868
1.136087
0.707584
0.909786
0.908428
1.129562
0.815677
1.164427
1.131526
1.155121
0.962300
1.075888
1.006727
0.695822
0.851704
1.252182
0.693893
0.792000
1.065510
1.060266
0.755458
1.264633
1.185463
1.497392
1.208291
0.932947
1.476841
0.528773
1.239202
0.813309
0.784393
0.826344
0.757666
1.030219
0.786358
0.573836
0.989152
1.040398
0.979129
1.108352
0.677889
0.997953
0.820037
0.691834
1.285140
0.958291
1.588040
0.891570
1.260329
1.476602
1.394200
1.188702
0.767560
1.022132
0.949975
0.862158
1.005334
0.785912
1.272614
1.524989
0.854815
1.077371
0.896972
1.664167
1.905016
1.379185
1.329918
2.036172
1.938202
2.319556
1.622108
2.569711
1.423958
1.320474
1.199104
0.767115
1.268849
1.029684
0.720833
1.353295
1.108290
1.666580
0.824881
1.327427
0.730595
1.499743
1.077008
1.430281
0.564320
0.988856
1.328481
1.363872
1.419540
1.165476
1.144073
1.302596
1.248867
1.053455
1.080212
1.299717
0.949651
0.852391
1.570105
0.979151
1.212097
1.311851
1.179750
0.681396
1.351795
1.063236
1.028245
1.112396
0.745330
