140.604172
6340.315918
13185.515625
17311.005859
13177.224609
10179.908203
10687.691406
9212.100586
8486.047852
7988.932617
6256.618164
5140.480469
3027.328369
2228.145752
1078.312256
889.694824
734.032532
562.995483
672.736450
478.233734
377.173767
397.671021
345.266724
329.105133
246.897217
181.528931
122.928001
125.836052
79.076294
69.198906
47.759159
36.692627
33.713882
27.094872
18.035568
14.949529
10.687599
8.143353
6.011896
5.830060
4.428117
3.907360
3.949646
4.335168
3.338596
3.604072
3.810071
3.476608
3.546008
3.182409
2.814170
3.274571
2.859602
3.624559
3.362248
3.055348
3.443657
3.193384
3.680742
3.373820
4.156565
3.679482
3.672215
3.308154
3.011254
3.091042
2.449855
2.846724
3.016635
3.188144
3.458560
3.518554
2.834428
2.802936
3.029979
2.949191
3.099913
3.071358
3.483340
3.078263
3.034151
2.947493
2.965595
2.767051
2.877892
2.594529
3.099092
2.715413
2.964215
3.181747
3.101597
2.952914
3.081958
2.821193
2.504048
2.451210
2.026884
2.241396
2.191983
2.223084
2.326659
2.255157
2.302570
2.269252
2.468138
3.126284
2.900506
2.474361
2.731455
2.191029
2.073517
1.972883
2.353734
2.119475
2.112291
2.313434
1.923145
2.172891
1.996516
2.633137
2.022741
1.898143
1.688539
2.348029
2.269143
2.338935
2.242810
2.185951
1.876381
1.812683
1.926705
2.060308
1.960190
2.116163
1.919676
1.891106
1.794061
2.064127
1.963591
1.887351
1.868000
1.737512
1.795016
1.940216
1.729763
2.107379
2.434547
2.365643
2.212705
1.863714
1.916164
1.839702
1.753067
1.769540
1.636299
1.725031
1.524422
1.644935
1.549520
1.740054
1.628811
1.826566
1.650431
1.730142
1.971046
1.873157
1.919004
1.631100
1.448492
1.763370
1.567923
1.673726
1.961343
2.665432
2.637704
2.308406
2.068601
1.737231
1.960180
1.818652
1.699135
1.729237
1.521847
1.609319
1.456506
1.450578
1.529781
1.381767
1.621177
1.258582
1.485111
1.704367
1.589276
1.610343
1.603247
1.603325
1.583966
1.521964
1.589214
1.622151
1.754214
1.729063
1.722963
1.500131
1.503061
1.922448
1.678067
1.569886
1.487803
1.486566
1.447130
1.513783
1.423734
1.679879
1.654119
1.550492
1.582589
1.485564
1.510344
1.580790
1.396861
1.406942
1.493794
1.407949
1.528866
1.718068
1.406462
1.494183
1.302560
1.602549
1.772188
2.195126
1.911129
1.713937
1.527155
1.445180
1.423391
1.497210
1.541121
1.419817
1.615815
1.577196
2.045512
2.312043
1.864615
1.787724
1.692590
1.550678
1.389743
1.337869
1.346685
1.695412
1.893669
2.086468
2.024170
1.899568
1.754573
1.629800
1.120399
1.333008
1.598014
1.623162
1.546663
1.153087
1.298677
1.293519
1.456808
1.306139
1.462476
1.356611
1.504100
1.489143
1.475319
1.466458
1.166519
1.219592
1.443391
1.677086
1.470003
1.424999
1.645578
1.543306
1.270498
1.445014
1.195998
1.512640
1.410231
1.384199
1.384306
1.449585
1.399552
1.274379
1.602672
1.499663
1.332163
1.463642
1.223837
1.221878
1.354047
1.229090
1.213759
1.287196
1.511738
1.518247
1.316196
1.512152
1.369599
1.289934
1.614387
1.693632
1.879660
1.451706
1.544964
1.350149
1.380784
1.514317
1.309303
1.305135
1.193980
1.266577
1.201820
1.266739
1.129095
1.216146
1.238745
1.299407
1.268443
1.583323
1.289963
1.441637
1.526872
1.477736
1.432319
1.576714
1.287306
1.310663
1.385459
1.765125
1.820090
1.792099
2.083775
2.072095
1.869594
1.994226
1.664805
1.298557
1.417695
1.656110
1.791065
1.904411
1.966288
1.403634
1.500621
1.798911
1.281916
1.172229
1.708738
1.584866
1.921188
1.497486
1.282839
1.282664
1.233707
1.308933
1.626323
1.326808
1.458647
1.344870
1.650377
1.889102
1.956466
1.902183
1.664345
1.389357
1.522928
1.984215
2.251299
1.625235
1.578350
1.366067
1.259355
1.315946
1.392169
1.174001
1.298856
1.270932
1.406311
1.457630
1.295648
1.340924
1.326549
1.492050
1.789014
1.697490
1.429215
1.420678
1.166216
1.307843
1.444529
1.319656
1.530690
1.298375
1.481197
1.419517
1.512146
1.314330
1.367023
1.253936
1.266289
1.098820
1.173392
1.449493
1.239800
1.543122
1.297800
1.407601
1.089773
1.252336
1.193100
1.442361
1.201680
1.611679
1.318877
1.635021
1.429924
1.425287
1.217723
1.108579
1.505739
1.472112
1.393544
1.261669
1.361272
1.479007
1.489046
1.610270
1.620109
1.265936
1.471583
1.384228
1.291074
1.313920
1.494975
1.469496
1.400629
1.366663
1.099846
1.277158
1.524263
1.173313
1.284830
1.170553
1.229554
1.247248
1.146704
1.214841
1.226303
1.192352
1.325388
1.348024
1.228874
1.186248
1.311960
1.244702
1.349347
1.316207
1.352342
1.257055
1.295471
1.100223
1.333964
1.284145
1.128902
1.152199
1.168496
1.200266
1.185427
1.077409
1.396686
1.358877
1.403568
1.493709
1.278407
1.522965
1.515700
2.081464
3.120311
2.123337
1.982382
1.884710
1.439744
1.223432
1.388883
1.332339
1.321405
1.301335
1.076805
1.394386
1.762773
1.492840
1.280574
1.396779
1.468942
1.365960
1.227232
1.275650
1.311792
1.119861
1.145329
1.059461
1.012303
0.984967
1.300886
1.124614
1.238125
1.173438
1.288082
1.485043
1.476348
1.264986
1.272921
1.276626
1.418882
1.299083
1.369727
1.180054
1.154828
1.261202
1.128005
1.224837
1.210543
1.288805
1.275920
1.176250
1.192237
1.020278
1.110486
1.239271
1.327135
1.261294
1.125894
1.060616
1.371417
1.173649
1.276662
1.078698
1.161466
1.093306
1.241984
1.194057
1.029984
1.155865
1.295099
1.389286
1.690726
1.484195
1.539376
1.355278
1.235067
1.425518
1.428332
1.417954
1.288517
1.244023
1.500013
1.316794
1.498893
1.121927
1.184325
1.101709
1.138562
1.122623
1.219743
1.377081
1.295024
1.433607
1.186570
1.119314
1.251409
1.179112
1.276626
1.058924
1.141244
1.011020
1.139350
1.083831
1.063202
1.123270
1.164388
1.069281
1.241057
1.273877
1.461697
1.403657
1.407096
1.205315
1.283650
1.374975
1.409416
1.381288
1.393184
1.219171
1.387752
1.256542
1.330245
1.217358
1.238506
1.451871
1.358292
0.990958
1.342082
1.342042
1.488512
1.248129
1.095291
1.210382
1.171989
1.044195
1.420751
1.223520
1.345542
1.292749
1.229593
1.277690
1.251292
1.288865
1.261371
1.034925
1.255437
1.027741
1.349127
1.595461
1.525964
1.351858
1.208865
1.240170
1.274445
1.246845
1.071107
1.326306
1.374153
1.521551
1.270338
1.280043
1.585249
2.071915
2.299834
1.678302
1.301102
1.737001
1.590349
1.208729
1.206684
1.102045
1.376826
1.404889
1.497218
1.555687
1.475756
1.615428
1.384946
1.171104
1.213322
1.263574
1.168429
1.399889
1.436069
1.505563
1.494047
1.410408
1.411613
1.292561
1.240313
1.252020
1.413397
1.186669
1.155758
1.076016
1.268248
1.180589
1.259099
1.465628
1.202263
1.135920
1.134855
1.127427
1.077589
1.176430
1.062031
1.018230
1.215401
1.464501
1.254437
1.315218
1.232763
1.051805
1.239471
1.406791
1.509227
1.390612
1.189359
1.638823
1.518136
1.584566
1.274604
1.285952
1.192281
1.158291
0.991084
0.989056
1.105297
1.219606
1.277346
1.188050
1.242439
0.973824
1.186389
1.334856
1.470770
1.573025
1.567853
1.087077
1.198632
1.299537
1.130297
1.276708
1.110188
1.125004
1.046310
1.074716
1.379472
1.128505
1.218392
1.403242
1.555790
1.035422
1.516459
1.085703
1.040631
1.153106
1.143351
1.263473
1.078281
1.082863
0.968358
0.967644
1.193250
1.071366
0.950638
1.020439
1.038368
1.175634
1.134358
1.100931
1.034311
1.170235
1.054719
1.164542
1.086133
1.069771
1.146599
1.033599
1.197604
0.968857
1.086346
1.120967
1.095589
1.008201
1.364115
1.371104
1.253382
1.003421
1.045226
1.244084
1.110319
1.137120
0.867474
1.243762
1.218417
1.282081
1.483664
1.051304
1.269630
1.347306
1.594088
1.275942
1.152682
0.931668
1.275090
1.408530
1.579790
1.632036
2.119295
1.815642
1.590944
1.402633
1.116496
1.122920
1.090688
1.159891
1.023168
1.118137
1.042142
1.043381
1.136333
1.028900
1.004153
0.920720
1.056164
1.042869
0.962753
1.040857
1.100692
1.030359
1.037676
0.952359
0.968721
0.998271
1.161015
0.916548
1.238834
1.419274
1.081208
1.200293
1.185073
1.385968
1.038276
0.969001
0.958013
1.093636
1.315475
1.250157
1.130959
1.140616
1.212034
1.322302
1.210822
1.113541
1.118003
1.403474
1.196253
1.154503
1.168537
1.461045
1.506416
1.411366
0.907827
1.218868
1.212218
1.299485
1.278391
1.150575
1.498846
1.734182
1.308871
1.301896
1.187402
1.332820
1.398637
1.329567
1.082729
0.831137
0.958511
1.084150
1.324429
1.098642
1.093459
1.208882
1.275168
1.375205
1.147753
1.088832
1.327688
1.053185
1.397736
1.120596
1.047251
0.999492
1.153230
0.916137
1.293930
1.256867
1.457773
1.238862
1.441238
1.244775
1.296907
1.112526
0.928247
0.946297
0.857048
1.039321
0.978545
1.155987
0.905160
0.972754
1.206896
1.000091
0.937542
0.973702
1.017187
0.925657
1.232683
1.124202
0.960203
1.021839
1.107852
1.018376
0.905207
1.098827
1.062713
1.034017
1.164454
1.317346
1.369096
1.158130
1.159550
1.054810
1.045900
1.013066
1.218488
1.127266
0.966335
1.025405
1.037407
0.869599
1.076931
1.050512
0.843372
1.005437
1.088846
1.199739
0.907277
0.969467
0.906512
0.974323
1.011443
0.955192
1.047866
1.108275
1.307652
1.120016
0.898373
0.919329
0.990374
0.933345
0.856335
1.077397
0.951703
0.951918
1.006499
1.004119
1.102448
1.240718
1.302114
1.096757
1.157854
1.010209
0.982195
1.158146
1.060825
1.024490
1.287329
1.002884
1.092909
0.888101
0.940603
1.112093
1.176125
1.276613
1.197171
1.087563
1.040282
1.151011
1.143723
1.446445
1.267360
1.510941
1.268103
1.383317
0.966947
1.096118
1.331385
0.991137
1.221028
1.059340
1.007954
0.997657
1.045100
1.039213
1.222316
1.072977
1.028624
0.936872
0.822545
1.211833
0.969448
0.892215
0.875307
0.961239
1.133389
1.099483
1.118334
1.219602
1.122409
0.838629
0.914625
1.080965
1.086800
1.047217
1.248104
1.178576
1.078068
0.982584
0.974322
0.977164
0.867485
0.995167
0.964511
0.968561
1.091319
0.918855
0.852002
0.969791
1.017654
1.132782
1.291879
1.116709
1.194666
1.060604
1.041388
1.269693
1.392241
1.519185
1.709889
1.849504
1.549428
1.140621
1.386602
1.218946
1.096415
1.298109
1.233064
0.978505
0.871163
1.059950
0.970657
0.727043
1.055255
1.101796
1.073893
1.001339
1.086713
1.161067
1.439673
1.301875
1.161926
1.268220
1.167563
1.159747
1.356230
1.532465
1.123895
1.144096
0.995072
0.974940
1.046481
0.998770
1.121569
1.158394
1.528968
1.188501
1.246100
1.061140
1.187501
0.962851
1.061095
0.976393
1.131159
1.120649
1.101156
1.169739
1.393100
1.414361
1.135306
0.825837
1.017721
1.229549
1.517057
1.484477
1.504379
1.775228
1.797263
1.948021
1.552431
1.721439
1.271461
1.378784
1.236709
1.380574
1.324462
1.377566
0.916296
1.064904
1.282262
1.129609
1.319998
1.435451
1.805231
1.884459
1.662624
1.625259
1.064931
1.096445
1.145006
1.215367
1.447937
1.115626
1.347231
1.009375
1.269615
1.585580
1.148287
1.451605
1.551977
1.402123
1.425372
1.113748
0.973778
1.141393
1.080434
1.112523
0.934055
0.929971
0.811934
0.869024
0.967138
1.147192
1.160434
0.891097
1.063836
0.842485
0.802997
1.161013
1.137874
0.896015
1.056430
1.054304
0.942791
0.854566
0.947570
1.141264
1.088719
1.125321
0.992595
0.884375
0.999751
1.120755
1.025107
0.980725
0.831338
0.910406
0.941936
0.782745
1.025007
0.952630
0.777974
0.965379
0.894442
0.764097
1.019505
1.138867
1.166805
1.079630
0.976945
0.820341
1.028429
1.147187
1.195193
1.369507
1.117926
0.950213
1.069767
1.197058
1.059691
1.089477
1.058519
0.980248
0.919891
1.004875
1.115610
1.181702
0.955957
1.081407
1.108131
1.116984
0.983546
0.828589
0.950336
1.055849
1.001604
0.834787
0.766629
1.070729
0.994987
1.297606
1.083166
0.901462
1.080006
1.155866
1.123458
0.983512
1.026157
1.247944
1.409600
1.281916
1.165278
1.030635
0.822865
0.865235
1.020719
0.791129
1.006598
0.943650
1.020922
0.785295
0.874454
0.841434
0.882509
0.943346
0.938454
0.976130
0.964873
0.982790
1.137790
1.427219
1.255403
1.052838
1.026765
1.048671
0.889704
1.238290
1.197142
1.010572
1.212785
1.467741
2.268757
2.696941
2.734771
2.225255
1.365624
1.132817
1.281528
0.892911
1.139974
1.294103
1.686828
2.334588
2.778332
2.566003
1.728416
1.511691
1.102664
1.404032
1.343671
1.444166
1.256372
1.231729
0.988802
0.806680
0.802778
0.882245
0.987480
0.920513
1.086314
1.164763
0.957442
0.981490
1.092311
0.932655
0.920206
0.716999
0.860721
1.214874
1.024228
0.737845
0.865046
0.793325
0.916238
0.731808
0.720903
0.825849
0.994839
1.172382
1.172393
1.024123
0.904385
0.949847
0.833191
0.937623
0.944068
0.828901
0.842644
1.171768
0.886742
0.899656
0.927316
0.817689
0.877368
0.871663
0.834705
1.024781
1.007375
0.958530
1.118833
1.162237
1.168098
1.083544
1.154310
0.941061
1.179833
1.188658
1.115126
1.272654
0.884256
0.849268
1.056385
0.911614
0.939968
0.824847
1.147921
0.944813
0.709446
0.906236
0.856710
0.768707
1.017105
0.994186
1.047786
0.894695
0.908664
0.919706
0.920295
1.113881
1.455417
1.102469
1.095241
1.031471
1.515251
1.359725
1.336080
1.372901
1.133109
1.245420
1.840794
1.795342
1.448011
1.199242
0.925305
1.068612
0.974189
0.812457
1.211284
1.118955
1.464290
1.282049
0.948623
0.904262
0.916275
0.905136
1.080786
0.943728
0.888139
0.928863
0.906955
0.960724
1.268100
1.228374
1.058584
0.924837
1.067317
1.192887
1.103216
1.272961
1.098552
1.107410
1.270417
1.271453
1.132343
0.943123
0.785421
0.894945
1.053903
0.857995
0.892741
0.760548
0.845448
0.908909
0.983553
0.913500
0.749441
0.988923
1.104489
1.495357
1.227918
1.128098
1.180942
1.029293
0.930577
0.866771
0.732906
1.027986
1.413335
1.006670
1.187946
1.157880
1.273797
1.025142
1.090206
0.976352
0.919108
0.894631
1.033579
0.874983
1.045497
1.127174
1.167372
1.382696
1.254402
1.596070
1.510871
1.463028
1.693556
1.293399
1.104972
0.991442
0.868186
1.008620
1.181857
1.163895
1.127206
1.425308
1.348416
1.651123
1.228325
1.382450
1.680601
1.619546
2.129862
2.355632
2.322662
1.932124
1.806747
1.116445
0.929026
0.927157
0.983851
1.546924
1.486064
1.931133
1.475025
1.250809
0.910920
1.054824
1.060958
0.951476
0.795499
0.956082
1.110619
1.041296
1.106126
1.022609
0.874104
0.873165
0.854732
0.989419
1.148158
1.250453
1.204348
1.307343
1.029362
1.240682
1.046407
0.851787
0.994587
1.097237
1.364770
1.649312
1.618377
1.662052
1.536389
1.114522
0.763130
0.888597
1.015352
0.997139
0.914610
1.246483
1.658977
1.650691
1.590226
1.196377
1.284486
0.985760
1.023555
1.196321
1.045543
1.010450
0.833883
0.692345
0.841538
0.807196
0.789940
0.903899
1.011757
0.886925
1.062219
0.862297
0.769787
0.853244
0.818305
0.903678
0.986810
0.840160
0.909176
0.909521
0.976841
1.190210
1.187382
0.895306
0.918333
0.823079
0.930784
0.807515
1.202580
1.210320
1.119932
1.180194
0.935297
1.057636
0.978739
0.881911
1.098045
1.580100
1.612731
1.702632
2.068161
1.285009
1.638826
1.290228
1.262329
1.181361
1.353142
1.156342
1.100572
0.887072
0.901342
0.813036
1.070353
0.777976
1.235488
1.260726
0.975454
1.077241
0.864951
0.697663
0.730880
0.979921
1.000692
0.753320
0.996370
0.970094
0.809858
0.963393
0.990202
1.005063
0.961612
0.922453
0.806496
0.807508
0.873888
0.791376
0.842491
0.827583
0.698251
0.755018
1.013355
1.279406
0.976081
1.322913
1.185443
0.750997
0.952655
0.852895
0.693383
0.720279
0.898609
0.906229
1.048652
0.850045
0.734811
0.762315
0.725852
0.958908
0.980489
0.803222
1.021268
1.088601
0.951439
1.003859
1.082837
1.029361
1.140262
0.996067
0.982735
0.989218
0.868052
0.748247
0.772653
0.823965
0.999697
1.278926
1.028161
0.955529
1.030073
0.988117
1.051887
0.848171
0.840753
0.977534
0.804884
1.059599
0.728425
1.007928
1.088362
0.681044
0.740325
0.892038
1.430670
1.476151
2.026887
2.126177
1.728957
1.626823
1.325417
1.107711
0.785918
0.858132
0.991204
0.814907
1.068411
1.129442
0.990918
1.069540
1.174072
0.870188
0.850426
0.965113
0.956073
1.150582
1.124844
1.011318
0.830640
0.893454
0.838317
0.957774
0.867456
0.790724
1.000362
0.841389
1.031308
1.013290
0.990895
0.940477
0.863199
0.824672
0.868239
0.832083
1.120679
1.423186
0.817816
1.003883
1.041568
1.161265
0.992027
0.977052
0.695213
0.720098
0.937270
0.882608
0.784746
0.993358
0.651448
1.294955
1.078756
1.330689
1.161340
1.560697
1.830825
1.134909
1.125078
1.189322
1.173192
1.360515
1.523614
1.264713
1.196000
1.082545
1.023000
1.266784
0.956351
0.904646
0.923798
0.984849
0.843812
0.790053
0.998860
1.092798
1.120277
1.132509
1.022447
1.035018
1.427688
1.241431
0.729560
0.904095
0.930201
0.758592
0.931761
0.739960
1.094800
0.983780
0.990609
1.094704
1.015175
1.515766
1.302022
1.152367
0.956382
0.781578
0.809312
0.916862
1.085332
0.975220
1.094996
1.186081
0.798973
0.676837
0.937976
0.680276
0.765567
0.980608
0.764028
0.967743
1.094954
1.004630
1.210867
1.268956
1.092093
1.000494
0.855249
0.711910
1.001189
1.153724
1.181278
0.967389
1.005477
0.904550
0.844362
0.894281
0.891808
0.978224
0.999048
1.003996
0.946154
0.868937
0.856028
0.806569
0.865571
0.742057
0.731266
0.722140
0.936428
0.751937
0.759442
0.972885
0.831989
0.934373
0.937213
0.827425
0.752204
0.855952
0.792544
0.794061
1.039838
0.893176
0.889061
0.911362
0.977712
1.287155
0.664462
0.935349
0.676610
0.787307
0.685447
0.907417
1.069458
1.288524
1.100472
0.630923
0.733770
0.880470
0.824010
0.981377
0.883135
0.832681
0.896499
1.310476
1.158195
1.229811
1.113235
1.065609
1.114853
0.884834
1.009833
1.061409
1.450460
0.959074
0.895416
0.903118
0.786132
0.902669
0.713102
0.761248
1.099837
1.229689
1.009888
0.954648
0.899293
1.009836
0.969936
1.163812
1.112864
1.058807
0.946141
0.727606
0.824757
0.904145
0.827954
0.749609
0.716095
0.868415
0.788646
0.946575
0.865778
0.918505
0.995182
0.849778
0.936566
1.167320
1.202876
1.029425
1.117003
1.072880
1.035516
1.009012
1.047951
1.116764
1.632497
1.600713
1.302055
1.021389
0.932497
0.972107
1.590841
1.663251
1.178645
1.364290
1.031795
1.032815
1.034944
0.793043
0.586749
0.627731
0.756011
0.686717
0.843472
0.756056
0.713916
0.758167
0.609294
0.875870
0.658718
0.766560
0.952800
1.012094
0.932752
1.017614
1.114311
0.872079
1.270490
1.165012
1.146640
1.169385
1.027148
0.888613
1.232975
1.248495
1.403639
1.288217
1.142003
0.813970
0.753017
0.928586
1.234432
1.459152
1.669209
1.122144
1.170232
1.166316
1.108284
0.694793
0.964806
0.890057
0.766302
0.667375
0.707348
0.683854
0.870562
0.781359
0.693839
0.878314
0.806544
0.820190
0.867401
0.952841
0.841722
0.793683
0.747167
0.666119
0.660769
0.984538
0.875277
0.985326
1.100390
1.163009
1.325780
0.948440
0.720578
0.734907
0.817871
0.861057
0.857143
0.795037
0.819466
0.873317
0.773363
0.816318
0.910946
0.740805
0.833885
0.815044
1.040855
0.928575
1.094926
0.894680
1.161510
1.205172
0.951925
0.633878
0.609611
0.769765
0.819911
0.698372
0.712075
0.597595
0.842176
0.764347
0.946934
0.754474
0.771475
0.894981
0.882454
0.869499
0.595296
0.573340
0.707114
0.692415
0.803586
1.122658
1.116361
1.224259
1.009846
0.848841
0.604292
0.959078
0.864951
0.913868
0.942518
1.202872
0.936875
1.011874
0.934394
0.823522
0.914091
0.564073
0.875078
0.697536
0.864243
0.804630
0.796041
0.807439
0.909488
0.905421
1.179666
1.185191
0.873655
1.441487
1.056957
0.823280
0.868044
0.755045
0.800278
0.818699
0.918990
1.070297
0.780303
0.704247
0.759112
0.758538
0.803076
0.970588
0.788112
0.788607
0.602655
0.706003
0.929597
0.633131
0.616586
0.851278
0.759413
0.583939
0.796761
0.657595
0.940768
0.997847
0.795803
0.763368
0.713830
0.633228
0.913776
0.871694
1.103759
0.836037
0.889232
0.958667
0.839873
0.618966
0.718090
0.665860
0.717426
0.898285
0.918877
0.677303
1.036576
0.921295
0.797948
0.821344
0.809029
0.739324
0.754665
0.862339
1.047198
1.043084
1.297174
1.059271
1.044329
0.794988
0.855346
1.057729
0.727748
0.788778
0.675912
0.644466
0.649556
0.770995
0.761410
0.763049
0.954016
0.769836
0.739637
0.709592
0.800625
0.891050
0.919279
0.716532
0.902697
1.012514
1.084508
0.856572
0.742122
0.838972
0.801237
0.614587
0.800155
0.938491
1.014639
0.945301
0.932911
0.965413
0.777516
1.098817
0.853287
0.774041
0.795492
0.748588
0.847628
1.052230
0.965128
1.238196
0.994923
1.333306
0.858118
0.798046
0.808845
0.752194
0.850008
0.789422
0.882161
0.885382
0.786238
0.787242
1.013053
0.883636
0.869648
0.767356
1.034041
0.839745
0.824640
0.749535
0.735194
0.659551
0.841805
0.885149
0.890179
0.960568
0.914675
0.895278
1.057323
1.303444
1.068057
0.995552
0.938510
0.956090
0.681762
0.866916
0.819059
0.860901
0.985343
0.985998
0.858941
0.835824
0.976699
0.749867
0.606620
0.825100
0.898892
0.914913
0.783431
0.903630
1.005874
0.870497
1.011115
0.766790
0.738935
0.768506
0.872321
0.706755
0.625295
0.787387
0.860571
0.811933
0.782390
0.836230
0.847071
0.648099
0.718330
0.685233
0.647445
0.759232
0.693762
0.775196
0.867891
0.752052
0.704622
1.008358
0.910223
0.770211
0.744332
0.967489
0.919307
1.187360
0.983145
1.049023
0.713160
1.047989
0.934163
0.868567
0.631946
0.622861
0.741122
0.925872
0.847651
0.841422
0.949305
1.058688
0.964650
1.268213
0.958320
1.206165
0.778122
0.774144
0.684053
0.727805
0.696199
0.815138
0.952064
1.065098
0.725252
1.037869
0.784140
0.826736
1.104862
0.779290
0.818003
0.694436
0.625820
0.669083
0.787202
0.812368
0.984583
0.848812
0.933992
0.759796
0.827177
0.755760
0.696257
0.733578
0.727920
0.702505
0.951953
0.893793
1.112662
0.799858
0.857263
0.793155
0.801440
0.649187
0.675319
0.936888
0.905873
0.685116
0.702794
0.922526
0.809844
1.065058
0.721487
0.781582
0.659200
0.996738
0.980499
1.183028
0.916295
1.319283
1.217737
1.046140
0.742581
0.603719
0.612872
0.693584
0.758563
1.014388
0.948228
0.780431
0.960567
1.234980
0.785192
0.840020
0.952465
0.965702
0.901475
0.790728
0.800884
0.820289
0.967674
0.681403
0.861840
0.677731
0.815445
0.843949
0.740167
0.892695
0.685614
0.752743
0.556205
0.619667
0.627454
0.430245
0.569471
0.686454
0.851065
0.715263
0.793882
0.713424
0.951073
0.774622
0.722030
1.095463
0.985239
0.968230
0.967783
0.740546
0.795486
1.118688
0.975274
0.912416
0.659220
0.967574
0.696246
0.758068
0.799413
1.062605
0.937624
1.047454
0.888547
0.715815
0.719058
0.558654
0.755908
0.807751
0.819182
1.003861
0.903404
0.845666
0.963229
0.830646
0.758166
0.795044
0.705855
0.925765
1.037804
1.195843
1.032730
0.882979
0.717181
0.764490
0.812644
0.711747
1.006732
0.980034
0.740167
0.854017
0.845070
0.804269
0.878072
0.674779
0.842372
0.869006
0.870892
0.990270
0.890217
0.953768
0.784568
1.061511
0.621053
0.784555
0.957398
0.822388
1.100347
0.972693
1.116095
1.244379
1.162818
1.081320
0.861716
0.878656
1.405125
1.390905
1.202921
1.274310
1.065266
0.961843
1.002953
1.134011
1.147364
1.312997
1.190338
1.035642
0.761357
0.977712
0.756846
0.803051
0.732595
0.681846
0.722242
0.756839
1.041015
0.739584
0.634613
0.619795
0.768593
0.608059
0.804101
0.795937
0.849761
0.947989
0.896273
0.607124
0.661223
0.656462
0.746463
1.131288
0.946054
0.958776
0.859591
1.075837
0.625790
0.695706
0.712431
0.873664
0.644702
0.700350
0.826352
0.839046
0.827784
0.963101
0.794163
0.642245
0.742920
0.855997
0.858228
1.032738
0.688738
0.716117
0.657085
0.701584
0.790797
0.867119
0.863627
0.698992
0.821020
0.937314
0.739417
0.779655
0.538609
0.758292
0.763222
0.764576
0.902546
0.716258
0.644656
0.548545
0.654573
0.603904
0.900334
0.705486
0.668050
0.631340
0.631258
0.703455
0.578133
0.810251
0.683729
0.901299
0.721061
0.655364
0.702797
0.984689
0.968977
0.870417
0.593125
0.702178
1.014017
1.269444
0.838824
0.849405
0.906398
0.869322
0.803474
0.656507
0.660172
0.619849
0.621252
0.709266
0.635386
0.894561
0.758294
0.672633
0.787196
0.798913
0.691431
0.705565
0.664755
0.718367
0.874791
1.071988
1.407015
1.246537
0.857938
0.732067
0.750664
0.688856
0.836657
0.642948
0.677101
1.043061
1.085129
1.000937
0.869169
1.003758
0.931747
0.747709
0.825278
0.910392
1.173545
1.074807
0.970506
1.047982
1.031821
0.747470
0.855433
0.681804
0.687762
0.710048
0.753346
1.259680
1.206637
1.224107
1.028375
0.978429
1.158256
0.916253
1.037172
0.901198
0.591849
0.770500
0.679415
0.860036
0.779554
0.915694
0.697425
0.726348
0.785625
0.830621
0.567008
0.896454
0.620498
0.602763
0.599129
0.677986
0.800028
1.005423
0.987287
0.717806
0.575303
0.822036
0.637766
0.617161
0.542011
0.776216
0.725671
0.543344
0.885279
0.728328
0.762087
0.779860
0.846220
0.638002
0.822139
0.861802
0.818061
0.628637
0.814341
0.801827
0.694179
0.683011
0.621736
0.824335
0.822526
0.906192
0.906712
0.936694
0.828044
0.610497
0.861692
0.764355
0.731815
0.797049
0.690137
0.676287
0.563828
0.845322
0.753762
0.864940
0.971414
0.881975
0.875060
0.842408
0.766054
0.998985
1.014678
0.942497
1.034814
0.685599
0.977148
0.913177
0.891206
1.029326
0.682638
0.919118
1.501720
1.468271
1.693877
1.490054
1.197477
0.740600
0.785368
0.958445
0.982037
1.151334
1.105915
1.308642
0.820000
0.948288
0.799624
0.763298
0.954041
1.032405
0.968919
0.886729
0.891276
0.701943
0.769497
0.783237
0.769581
0.742438
0.852510
0.769019
0.820894
1.006752
0.952248
1.269986
1.334332
0.906482
0.883568
0.973325
0.815607
0.734397
0.889460
0.759247
0.719717
0.620837
0.657192
0.837225
0.775365
0.726743
0.911404
0.846747
0.670298
0.834221
0.697472
0.680304
0.834024
0.942504
0.833747
0.899976
0.845436
0.690463
0.771031
0.947632
0.942573
0.971013
0.999006
1.199608
1.058838
1.132971
1.100779
1.178712
0.979556
0.738667
0.825807
0.726418
0.880729
0.576690
0.594976
0.713477
0.660809
0.654474
0.570508
0.673940
0.962198
0.737191
0.631890
0.607944
0.541063
0.719843
1.000989
0.759045
0.787949
1.067707
1.262554
1.263101
1.195720
1.299876
0.873192
1.153638
0.862397
1.023965
0.617188
0.939276
0.756971
0.918047
1.244353
1.158983
1.044312
0.757238
0.794666
0.757444
0.721516
0.510127
0.668923
0.605770
0.606286
0.572722
0.714256
0.814081
0.860348
0.874108
0.934428
0.896777
0.937139
0.962733
1.026601
0.988527
0.929352
0.811528
0.700653
0.682104
0.783528
0.647144
0.568556
0.834669
0.773794
0.841074
1.023344
0.940672
0.955917
1.010321
0.770052
0.672407
0.589483
0.700906
0.935795
0.829116
0.850387
0.812920
0.714332
0.727437
0.815044
0.694401
0.672739
0.661273
0.717432
0.668424
0.761208
0.769195
0.481782
0.695687
0.641780
0.745552
0.523382
0.611321
0.496724
0.932580
1.025152
1.061401
1.196079
1.043989
0.991418
0.806585
0.911101
0.808471
0.891728
0.922243
0.768391
1.044243
0.993038
1.170417
2.206126
1.568854
1.468291
1.025193
1.049142
0.686680
0.875396
1.047762
0.841262
0.618666
0.650556
0.690335
0.794673
0.693228
0.496520
0.784616
1.086638
0.947884
0.979041
0.846016
0.855588
0.673728
0.854404
0.651834
1.010101
0.718802
0.827903
0.819769
0.600098
0.722987
0.503978
0.773479
0.706226
0.683970
0.789081
1.083803
1.290856
1.488216
1.476437
1.221447
1.121249
1.168549
1.021435
0.955508
0.880392
0.621597
0.709814
0.764335
0.721680
0.877139
0.933123
0.573076
0.527044
0.702646
0.723560
0.837973
0.827988
0.864933
0.895772
0.762914
0.619533
0.555463
0.720462
0.737873
0.583405
0.686552
0.905377
1.000019
0.922622
0.962804
0.783547
0.597879
0.647065
0.583948
0.831298
0.980270
0.864142
0.708334
0.835514
0.901316
0.771617
0.791811
0.777902
0.895222
0.991237
0.720087
0.647218
0.823453
0.805080
0.659314
0.675916
0.756122
0.601933
0.860717
0.623146
0.657001
0.786050
0.717716
0.565615
0.772704
0.769796
0.733957
1.037780
0.641434
1.157735
1.168338
1.276801
0.955267
0.894629
0.744178
0.775548
0.725786
0.646026
0.531487
0.509723
0.753081
0.731874
0.782520
0.492157
0.533700
0.692649
0.680219
0.833282
0.753649
0.662136
0.836590
0.842609
0.904436
0.922069
0.829567
0.786270
0.865253
0.976113
0.760761
1.110152
0.852763
0.941454
0.843111
0.972717
1.085227
0.749080
1.040376
0.898316
0.707977
0.848748
0.812340
0.907261
0.539085
0.630721
0.619882
0.656273
0.590830
0.648973
0.722507
0.682945
0.733563
0.758921
0.958419
0.723741
0.747424
0.816372
1.027014
0.753257
0.661964
0.831658
0.833321
0.817026
0.986660
0.849104
1.159065
0.959182
0.820321
0.665955
0.615523
0.605275
0.759161
0.737540
0.976663
0.592456
0.831492
0.544429
0.643854
0.654803
0.648387
0.725028
0.689011
0.663437
0.809025
0.953278
0.682207
0.802743
0.748183
0.824972
0.746916
0.838011
0.883706
0.626924
0.610026
0.890802
0.843288
0.759954
0.869085
0.962943
0.811119
0.805608
0.670232
0.710704
0.807757
0.800932
0.752186
0.704554
0.675460
0.746111
0.691844
0.677839
0.760944
0.708873
0.637164
0.627952
0.676455
0.664020
0.710438
0.819814
0.668538
0.733726
0.756196
0.847957
0.837671
0.614649
0.630789
0.891460
0.589164
1.265626
0.686097
0.798907
0.824542
0.653069
0.617698
0.655184
0.630706
0.843000
0.927932
0.685196
0.779257
0.848215
0.909151
1.077998
1.124585
0.991859
0.930891
0.987134
0.607817
0.503980
0.526973
0.654864
1.094699
0.859744
0.952954
0.873411
0.775290
0.490422
0.395982
0.622993
0.540671
0.535776
0.612918
0.881095
1.023562
0.794160
0.626753
0.628602
0.755103
0.609256
0.605823
0.604768
0.792655
0.683753
0.617294
0.556669
0.668336
0.583094
0.695153
0.573597
0.613251
0.786428
0.822576
0.558110
0.669738
0.560145
0.643754
0.784142
0.799140
0.816540
1.175176
0.663092
0.847718
0.663425
0.761282
0.744595
0.567846
0.737035
0.730191
0.600780
0.631942
0.571670
0.583235
0.565323
0.756101
0.632810
0.863467
0.729437
0.947111
0.925072
0.611888
1.031054
0.660274
0.641341
0.613308
0.889992
0.620552
0.755990
0.731878
0.746552
0.591519
0.575502
0.632894
0.247527
0.378714
0.604624
0.586405
0.605887
0.494925
0.630286
0.876332
0.943886
0.856063
0.657540
0.946296
0.661111
0.587544
0.572508
0.669138
0.722161
0.844835
1.065571
1.251851
0.681396
0.502539
0.501450
0.780354
0.784062
0.558852
0.516916
0.494294
0.719655
0.640497
0.786647
0.939038
0.717243
0.855004
0.496154
0.736479
0.797264
0.964380
0.596367
0.668815
0.641891
0.663275
0.524349
0.741003
0.504209
0.592217
0.455496
0.567879
0.759013
0.745540
0.615188
0.586077
0.698933
0.683737
0.731512
1.266600
0.777713
0.880643
0.851613
0.795292
0.809618
0.713909
0.673982
0.745619
0.688669
0.601847
0.804415
0.755446
0.737590
0.857043
0.943435
0.841445
0.619176
0.442686
0.729717
0.734171
0.788746
0.847926
0.709214
0.903484
0.604405
0.505563
0.459112
0.724864
0.703917
0.729551
0.875300
0.503382
0.551485
0.491838
0.615864
0.574870
0.692886
0.795324
0.914872
0.845465
0.849223
0.888207
0.783479
0.803900
0.598817
0.556613
0.692365
0.509251
0.884562
0.426609
0.687252
0.684191
0.824865
0.687245
0.798959
0.623230
0.758601
0.747487
0.700762
0.671830
0.639633
0.633364
0.867115
0.802423
0.917707
0.752250
0.582192
0.694290
0.695004
0.631168
0.644741
0.815238
0.882998
0.560803
0.547109
0.427815
0.747908
0.836684
0.929104
1.292804
1.069698
1.093818
0.879407
0.775037
0.805720
0.500918
0.636442
0.773742
0.805741
1.050972
0.885734
0.856771
0.616184
0.777193
0.785101
1.062004
0.801664
0.994869
0.886416
1.203980
0.728561
0.804049
0.696382
0.565754
0.709736
0.508432
0.637423
0.613014
0.554697
0.634774
0.685798
0.775927
0.711233
0.533402
0.637588
0.630689
0.668127
0.466706
0.510275
0.720304
1.117727
1.061911
0.747472
0.455612
0.605918
0.596015
1.340538
1.143403
1.394745
1.083716
1.343245
1.200389
1.945764
1.860956
1.195832
0.957959
0.788833
0.849842
0.780939
0.675703
0.702073
0.551082
0.658095
0.730921
0.707212
0.941699
0.899255
0.939121
0.832212
0.669132
0.690831
0.791439
0.722227
0.800659
0.604402
0.567768
0.751387
0.535479
0.797674
0.594996
0.860086
0.721518
0.772394
0.441328
0.632472
0.761720
0.528035
0.620324
0.620467
0.556227
0.603103
0.530230
0.500407
0.570011
0.469349
0.589993
0.622297
0.647273
0.607712
0.522533
0.580821
0.602380
0.465907
0.539233
0.470520
0.523985
0.531773
0.787196
0.701820
0.735054
0.500798
0.578435
0.560200
0.549245
0.703267
0.722485
0.742226
0.637615
0.531150
0.760216
0.577593
0.488530
0.494318
0.497492
0.704552
0.606102
0.652059
0.469378
0.464542
0.569826
0.684417
0.832319
0.900314
0.967208
1.040380
0.931919
1.243209
1.524584
0.915064
0.638190
0.627567
0.844066
0.780045
0.853220
0.774188
0.668705
0.738089
0.581512
0.630745
0.636068
0.663599
0.486246
0.588720
0.732022
0.628671
0.631203
0.598474
0.577130
0.681279
0.702547
0.620649
0.841873
0.537749
0.603269
0.522457
0.553307
0.644545
0.581421
0.589009
0.588338
0.876281
0.721290
0.816635
0.700526
0.742239
0.513069
0.653658
0.706461
0.604297
0.835844
0.655206
0.861180
0.569551
0.828915
0.549604
0.804489
0.592123
0.526386
0.614859
0.483065
0.723498
0.861552
0.758815
0.627441
0.425058
0.506295
0.530138
0.723227
0.685519
0.652341
0.796145
0.595418
0.505681
0.568888
0.559462
0.922829
0.883843
0.899576
0.674995
0.849962
0.800410
0.979917
0.932916
0.751605
0.758041
0.574439
0.641825
0.740924
0.699144
0.575370
0.538520
0.884339
0.815182
0.897299
0.907912
0.997672
0.876212
0.858621
0.973597
0.730858
0.729519
0.501993
0.750315
0.620742
0.707871
0.704556
1.077901
0.982910
0.954209
0.739622
0.561572
0.520234
0.978858
0.665939
0.770948
1.102118
1.467677
1.196440
0.865521
0.739485
0.809998
0.992542
0.959530
1.089672
0.995302
0.738482
0.781473
0.933184
0.628161
0.780507
0.893853
0.820786
0.739532
0.853939
0.942289
0.608343
1.016087
0.831897
1.012578
0.810815
0.702546
0.913970
0.697253
0.648777
0.740721
0.827027
0.670528
0.677525
0.620474
0.799868
0.738435
0.624484
0.512998
0.417841
0.526273
0.555523
0.591150
0.743872
0.647051
0.675828
0.561614
0.694618
0.459943
0.907174
0.695052
0.516381
0.704014
0.458376
0.552765
0.686842
0.496961
0.662057
0.396111
0.687984
0.742635
0.541577
0.582410
0.655831
0.579432
0.544850
0.445578
0.451603
0.535672
0.609522
0.718184
0.646908
0.713724
0.659021
0.604704
0.612483
0.552104
0.625870
0.565196
0.520612
0.569675
0.467320
0.601591
0.540473
0.647414
0.532106
0.535443
0.656040
0.514176
0.723546
0.540999
0.504377
0.554753
0.596352
0.455768
0.769421
0.763490
0.524842
0.631628
0.489881
0.799558
0.422427
0.314765
0.387614
0.521862
0.660644
0.657739
0.427080
0.857875
0.717649
0.995382
1.152398
0.915533
0.728839
0.764858
0.721644
0.662743
0.662699
0.899869
0.738941
0.741634
0.474442
0.574974
0.511314
0.602786
0.526173
0.581715
0.893140
0.605476
0.526823
0.495364
0.481235
0.707419
0.597485
0.525880
0.653492
0.731377
0.606499
0.677868
0.686134
0.718353
0.704669
0.600594
0.776652
0.882453
0.673292
0.516691
0.674964
0.749635
1.071301
0.932435
0.935315
1.020632
1.256638
1.649303
1.992308
2.832450
2.386122
1.494816
1.348188
0.782958
0.521022
0.557058
0.651712
0.547111
0.483186
0.694079
0.679923
0.777190
0.673080
0.634964
0.663206
0.662049
0.526404
0.723455
0.644924
0.549284
0.568333
0.543986
0.573557
0.681011
0.713498
0.581970
0.702538
0.614870
0.899886
0.871657
0.543274
0.396896
0.620318
0.550980
0.578621
0.572460
0.783771
0.594936
0.849595
0.935871
0.713136
0.680146
0.517514
0.770929
0.603324
0.579789
0.693506
0.622215
0.622458
0.688043
0.633756
0.904822
0.767720
0.705301
0.611561
0.742265
0.562958
0.726626
0.613801
0.741317
0.939302
0.832353
0.840074
1.112034
0.875520
0.968769
0.686060
0.673844
0.549660
0.682651
0.832853
0.873444
0.716090
0.633709
0.972586
0.928399
0.763794
0.524093
0.556995
0.507726
0.736017
0.585521
0.737016
0.798192
1.030766
0.703369
0.692403
0.594310
0.653442
0.689447
0.505299
0.738959
0.753793
0.721810
0.560914
0.603422
0.536918
0.375436
0.590404
0.712857
0.721375
0.803504
0.896384
0.690249
0.574943
0.662807
0.476022
0.430291
0.669345
0.604443
0.674993
0.531556
0.547143
0.592281
0.641270
0.724281
0.577185
0.585989
0.585436
0.549218
0.633104
0.586012
0.537409
0.723121
0.466189
0.710514
0.557015
0.543166
0.580846
0.557224
0.521225
0.555819
0.509179
0.410663
0.394404
0.530848
0.642922
0.531739
0.613303
0.645932
0.657915
0.650539
0.518699
0.683222
0.786893
0.657182
0.635571
0.589261
0.424597
0.395076
0.499029
0.514435
0.793968
0.622404
0.633549
1.093973
0.736115
0.705809
0.883596
0.844219
0.794863
0.623485
0.689827
0.688269
0.920196
0.713359
0.807086
0.603118
1.122126
0.725545
0.685028
0.647006
0.727069
0.714714
0.653911
0.418923
0.465609
0.438641
0.569155
0.611617
0.503535
0.533475
0.677669
0.738533
0.649952
0.848499
0.740514
0.709409
0.536036
0.417286
0.422749
0.585515
0.681725
0.721912
0.763508
0.804014
0.806365
0.583666
0.637638
0.533075
0.419745
0.606790
0.956056
0.789218
0.613529
0.495184
0.788578
1.134184
0.995362
0.988692
0.896827
0.822579
0.492168
0.611319
0.565144
0.595783
0.562660
0.498067
0.568662
0.520588
0.506960
0.417979
0.490545
0.590742
0.737140
0.471517
0.555998
0.507087
0.671196
0.512830
0.689141
0.837918
0.618982
0.766790
0.760495
0.560915
0.613140
0.694626
0.362128
0.568343
0.514643
0.438823
0.413046
0.559157
0.571275
0.635336
0.625058
0.687108
0.663535
0.758464
0.784970
0.431205
0.546978
0.493812
0.508971
0.404433
0.564361
0.648839
0.622850
0.535537
0.763522
0.603563
0.406514
0.394573
0.471678
0.489973
0.592229
0.538251
0.514144
0.558082
0.628179
0.534896
0.434671
0.506053
0.539920
0.611049
0.662125
0.636451
0.626006
0.604560
0.532629
0.690124
0.465801
0.572523
0.714873
0.762922
0.622270
0.690860
0.764385
0.674756
0.622607
0.509041
0.704316
0.483247
0.761165
0.445757
0.671188
0.434901
0.360233
0.597163
0.412061
0.658110
0.544824
0.585064
0.608066
0.492131
0.413838
0.678217
0.656231
0.510007
0.709270
0.659317
0.721797
0.517053
0.799362
0.714473
0.727966
0.734897
0.836747
1.225055
0.931855
1.063388
0.860414
0.736353
0.595692
0.653377
0.560981
0.428069
0.548163
0.829320
1.113894
0.960392
1.008299
0.821902
0.897197
0.722420
0.685146
0.658149
0.585552
0.556984
0.584606
0.497453
0.671138
0.608714
0.559498
0.538968
0.630220
0.325387
0.419871
0.363215
0.451395
0.464291
0.512647
0.547767
0.657325
0.463269
0.683531
0.410442
0.432645
0.651447
0.574584
0.674421
0.695757
0.609141
0.566833
0.596658
0.485075
0.747035
0.500025
0.900101
1.037813
0.778818
0.885472
0.856121
0.818862
0.685551
0.488747
0.591215
0.579361
0.387451
0.545217
0.707396
0.525693
0.560199
0.515119
0.608171
0.522084
0.591633
0.662918
0.464954
0.591235
0.565139
0.660874
0.712855
0.955618
0.957987
0.771893
0.648105
0.794502
0.585166
0.705092
0.651367
0.629107
0.780256
0.716969
0.619160
0.643374
0.516742
0.739864
0.497700
0.557160
0.812374
1.348427
1.054448
0.699149
0.844824
0.546304
0.668500
0.804352
0.684961
0.689756
0.586896
0.631139
0.677078
0.770013
0.796363
0.760115
0.607425
0.643789
0.648087
0.697786
0.543697
0.685092
0.677770
0.513591
0.637185
0.675877
0.645690
0.644211
0.483920
0.834048
0.767929
0.716325
0.518884
0.570116
0.576183
0.800149
0.968469
1.020918
1.056156
0.983232
1.057348
1.021201
0.901602
0.691854
0.645098
0.720867
0.439885
0.599241
0.815257
0.495133
0.506345
0.568079
0.424741
0.616547
0.810646
0.684789
0.683580
0.626961
0.637760
0.909997
1.154475
1.085057
1.001077
1.162779
0.913115
0.601564
0.550124
0.318871
0.444915
0.323652
0.702556
0.536577
0.490062
0.374613
0.658394
0.486597
0.695554
0.807896
0.582388
0.565767
0.567675
0.532284
0.560063
0.804877
0.441742
0.417154
0.615337
0.681920
0.754062
0.941131
0.936711
0.844313
0.699201
0.606633
0.625376
0.655639
0.694348
0.527376
0.953019
0.582703
0.650334
0.640337
0.487324
0.447189
0.561557
0.421683
0.456144
0.493268
0.674256
0.441028
0.482143
0.786520
0.832513
0.655381
0.617105
0.969683
0.782261
1.027260
0.880812
0.784241
0.795925
0.600194
0.424768
0.410113
0.844502
0.448660
0.500318
0.387038
0.579359
0.578067
0.625104
0.942909
0.741201
0.762210
0.957299
0.862307
1.007221
1.023567
0.667205
0.723356
0.836963
0.868768
0.907943
0.878811
1.040916
0.593128
0.663510
0.591025
0.723459
0.651166
0.809542
0.591880
1.029604
0.966806
0.596532
0.940596
0.630862
0.661542
0.642282
0.647444
0.572273
0.587844
0.495353
0.707885
0.629501
0.534497
0.515969
0.476973
0.291309
0.754933
0.434255
0.468939
0.700529
0.677111
0.882023
0.885628
0.996962
0.938128
0.807392
0.703664
0.587553
0.572637
0.512167
0.573381
0.574673
0.549159
0.545670
0.693453
0.607129
0.623617
0.505289
0.484716
0.439987
0.520269
0.459758
0.825565
0.752803
0.671846
0.667804
0.529327
0.597907
0.589687
0.413510
0.555217
0.478906
0.515840
0.689795
0.761529
0.588783
0.702915
0.656691
0.942998
0.720882
0.502253
0.589012
0.584897
0.579416
0.742117
0.611817
0.595113
0.663372
0.773874
0.501450
0.591599
0.618516
0.476646
0.440143
0.458511
0.703965
0.817352
0.673546
0.485541
0.486814
0.410667
0.430749
0.548366
0.539768
0.418344
0.701383
0.612537
0.765152
0.526790
0.566636
0.553594
0.546355
0.675130
0.671634
0.629051
0.650091
0.558000
0.463417
0.404692
0.531095
0.683903
0.461055
0.485672
0.727819
0.709566
0.498183
0.442288
0.544986
0.626296
0.514200
0.645688
0.836202
0.693257
0.532155
0.593731
0.456196
0.620932
0.487402
0.470368
0.571403
0.467006
0.375790
0.502873
0.523032
0.443174
0.553876
0.513319
0.662309
0.786353
0.684047
0.659780
0.646688
0.588622
0.510469
0.690780
0.772731
0.533940
0.701770
0.830032
0.494225
0.569208
0.605783
0.575682
0.546703
0.638988
0.518540
0.572151
0.649411
0.525382
0.469164
0.738852
0.810018
0.989378
0.884115
0.967984
0.725793
0.648383
0.520491
0.519747
0.606416
0.710319
0.640382
0.538788
0.464417
0.393266
0.465141
0.331974
0.478773
0.533324
0.658458
0.582132
0.716152
0.681953
0.656873
0.517548
0.534528
0.502110
0.513311
0.609203
0.485599
0.417244
0.400547
0.548899
0.360988
0.361171
0.468860
0.407793
0.606691
0.379484
0.433117
0.446862
0.469774
0.748565
0.549798
0.825734
0.570904
0.663074
0.489711
0.530936
0.481466
0.549248
0.642699
0.744511
0.565575
0.808868
0.996224
0.861386
0.937487
0.540425
0.581437
0.569161
0.545057
0.505377
0.589051
0.521447
0.522754
0.519471
0.559378
0.584172
0.475236
0.530129
0.662902
0.577279
0.414972
0.528793
0.666171
0.502501
0.655169
0.656241
0.632913
0.616125
0.790347
0.732872
0.928671
0.656017
0.550025
0.529114
0.543846
0.433234
0.605149
0.734767
0.442827
0.427537
0.384633
0.661007
0.849076
0.801525
0.757436
0.515871
0.578657
0.630830
0.575865
0.696278
0.664735
0.670715
0.791482
0.914570
1.212555
1.065192
0.781460
0.979938
0.729380
0.600350
0.570411
0.564588
0.491960
0.519546
0.516831
0.392815
0.370029
0.339066
0.439348
0.495323
0.391204
0.454023
0.482904
0.635354
0.543582
0.690356
0.440012
0.672242
0.570674
0.398047
0.479826
0.504238
0.556788
0.416896
0.673584
0.493156
0.525915
0.536917
0.426990
0.540116
0.525693
0.541571
0.508220
0.446700
0.453304
0.452299
0.535685
0.630471
0.355380
0.437753
0.380092
0.379699
0.559777
0.597045
0.730011
0.566066
0.561703
0.391885
0.502419
0.481975
0.536139
0.519797
0.639315
0.522252
0.749811
0.777738
0.736948
0.554504
0.527456
0.592414
0.757302
0.802828
1.246755
0.895185
1.033989
1.119623
0.663424
0.901547
0.809198
0.867314
0.687675
0.436618
0.571590
0.604927
0.786707
0.631290
0.541737
0.450735
0.430058
0.430714
0.505610
0.472377
0.728280
0.505618
0.519547
0.617606
0.540225
0.644222
0.619373
0.384944
0.599833
0.421206
0.454655
0.536053
0.752410
0.593840
0.537100
0.663961
0.498466
0.551784
0.683777
0.572710
0.459522
0.464635
0.587774
0.518037
0.548473
0.586797
0.569139
0.495767
0.659177
0.583113
0.606595
0.625334
0.595095
0.611321
0.372824
0.579823
0.490139
0.486403
0.604566
0.459100
0.683238
0.442615
0.501722
0.396486
0.623052
0.502538
0.515722
0.494132
0.568953
0.396997
0.345027
0.451137
0.458840
0.460391
0.670110
0.594420
0.630829
0.763273
0.519660
0.574311
0.616218
0.341720
0.486097
0.698916
0.669348
0.614777
0.582057
0.682602
0.604497
0.783003
0.451107
0.437964
0.461367
0.434788
0.584343
0.467010
0.744567
0.677849
0.624413
0.721553
0.585161
0.598788
0.492607
0.649477
0.766084
0.505115
0.435265
0.485177
0.617574
0.553597
0.557177
0.718249
0.447589
0.442037
0.493391
0.369716
0.534342
0.845926
1.000157
0.932666
1.031685
0.815586
0.705131
0.603989
0.560527
0.492922
0.479604
0.553756
0.510361
0.377729
0.461189
0.453661
0.393608
0.541593
0.653782
0.367775
0.483663
0.524138
0.644562
0.465554
0.357098
0.440851
0.566965
0.689137
0.768461
0.702612
0.770078
0.666320
0.665766
0.632379
0.739968
0.504896
0.616206
0.506321
0.538195
0.568819
0.575981
0.648706
0.501214
0.401806
0.508338
0.412232
0.522538
0.642352
0.622098
0.572571
0.393964
0.376314
0.784566
0.679549
0.607198
0.643985
0.569044
0.456895
0.453095
0.653529
0.575353
0.420931
0.567393
0.529436
0.549930
0.615448
0.799615
0.566971
0.687364
0.733207
0.620199
0.506009
0.500110
0.523244
0.578075
0.555228
0.568654
0.513359
0.429455
0.461423
0.620356
0.575551
0.659252
0.407677
0.608072
0.588808
0.780538
0.538039
0.664587
0.563847
0.582647
0.484120
0.583704
0.561402
0.945936
0.676769
1.024678
1.067885
0.500626
0.424331
0.507984
0.440632
0.579407
0.454253
0.406195
0.460708
0.480256
0.443658
0.497128
0.498565
0.380244
0.637125
0.438434
0.443441
0.529363
0.521926
0.583717
0.458867
0.544450
0.578789
0.489365
0.317736
0.443151
0.413641
0.554195
0.460886
0.516818
0.574087
0.339056
0.507944
0.490520
0.694160
0.569602
0.828954
0.845233
0.671939
0.711854
0.528915
0.615438
0.690661
0.512187
0.426262
0.673499
0.606363
0.861318
0.728755
0.756802
0.466668
0.395933
0.534594
0.534757
0.599407
1.033309
0.917405
1.132309
1.148655
0.818603
0.678823
0.731473
0.755101
0.599690
0.803111
0.630190
0.430976
0.644331
0.510130
0.702490
0.571740
0.542048
0.440896
0.504057
0.574576
0.517685
0.610623
0.560532
0.603088
0.489616
0.628679
0.536407
0.576729
0.733594
0.645159
0.524428
0.480898
0.645593
0.764005
0.726764
0.510874
0.630186
0.572653
0.575827
0.433477
0.640732
0.442669
0.536282
0.767266
0.644270
0.628785
0.572073
0.517226
0.542836
0.523899
0.437796
0.482035
0.433568
0.471030
0.459587
0.423827
0.491122
0.494672
0.765609
0.643286
0.672108
0.539536
0.566897
0.513804
0.439019
0.536956
0.454449
0.412602
0.816742
0.911075
0.648213
0.623131
0.505422
0.382074
0.482171
0.663827
0.830228
0.881003
0.724175
0.537256
0.558012
0.508999
0.412226
0.552846
0.647848
0.504193
0.398167
0.424820
0.381489
0.408659
0.461451
0.436710
0.712097
0.568585
0.636930
0.457413
0.444093
0.455390
0.550990
0.584268
0.320714
0.432017
0.388686
0.529635
0.842565
0.748557
0.925325
0.625022
0.692858
0.356948
0.463078
0.867019
0.724271
0.669518
0.447531
0.759405
0.854961
0.969800
0.862058
0.692798
0.524715
0.467062
0.596359
0.622124
0.571075
0.671890
0.432552
0.396547
0.519340
0.476198
0.405429
0.346063
0.346317
0.607897
0.607145
0.698607
0.349443
0.517181
0.650406
0.654416
0.445852
0.400556
0.468962
0.432529
0.453902
0.530571
0.526200
0.506249
0.455811
0.470498
0.646204
0.490515
0.456539
0.427855
0.440450
0.304159
0.515032
0.571476
0.555500
0.519700
0.577060
0.570649
0.394247
0.372149
0.532990
0.677289
0.521624
0.404709
0.523734
0.484175
0.598881
0.442812
0.517443
0.396070
0.449405
0.627464
0.638541
0.454720
0.634297
0.632118
0.558180
0.786394
0.449223
0.437305
0.351434
0.404985
0.506062
0.510398
0.315324
0.511757
0.397647
0.384737
0.422407
0.468620
0.464319
0.367814
0.379441
0.630462
0.397184
0.673737
0.682709
0.561125
0.757787
0.731932
0.600528
0.614914
0.498297
0.483523
0.461105
0.479228
0.497360
0.575329
0.752001
0.532566
0.554815
0.592739
0.591914
0.527783
0.631167
0.687213
0.646003
0.627304
0.669697
0.432448
0.519359
0.747428
0.366641
0.328191
0.511161
0.370340
0.621773
1.011310
0.607218
0.533589
0.478408
0.472978
0.399722
0.409963
0.532385
0.565789
0.805896
0.968469
0.561929
0.791216
0.541749
0.408021
0.456085
0.452973
0.588896
0.687004
0.638779
0.412285
0.421883
0.654258
0.566706
0.432177
0.503004
0.547990
0.555103
0.435181
0.504322
0.396749
0.381113
0.566451
0.518493
0.616473
0.566561
0.567069
0.752280
0.476173
0.759796
0.541133
0.645278
0.537905
0.439434
0.371459
0.405108
0.379864
0.491285
0.550295
0.591522
0.550565
0.460549
0.550758
0.648662
0.582942
0.433187
0.708579
0.490109
0.531032
0.557979
0.342822
0.454186
0.355859
0.614300
0.506599
0.417108
0.583638
0.294608
0.540583
0.383649
0.452363
0.679468
0.485578
0.434509
0.449120
0.480641
0.583395
0.737035
0.960412
0.760620
0.577973
0.423773
0.490232
0.467313
0.513203
0.612906
0.564083
0.731200
0.480599
0.508981
0.360031
0.673852
0.461381
0.412711
0.512805
0.527045
0.607268
0.525421
0.648013
0.665429
0.374055
0.389344
0.404619
0.372074
0.404284
0.346036
0.364367
0.426838
0.464393
0.536720
0.480452
0.426973
0.829229
0.716859
0.814203
0.598545
0.775156
0.787628
0.593611
0.732728
0.615713
0.566275
0.442053
0.426575
0.670420
0.450566
0.486201
0.710547
0.581035
0.407147
0.609893
0.472005
0.444886
0.587584
0.324978
0.399445
0.443958
0.561568
0.605239
0.672173
0.487560
0.514550
0.467446
0.440557
0.649099
0.497703
0.594495
0.437989
0.432347
0.560573
0.515671
0.431424
0.478656
0.508145
0.485763
0.642816
0.566949
0.358995
0.369506
0.449330
0.357363
0.451083
0.439153
0.516653
0.511010
0.367652
0.562392
0.539205
0.607855
0.585884
0.535128
0.447148
0.644355
0.573783
0.599415
0.616103
0.502660
0.672939
0.569195
0.489949
0.628110
0.485764
0.491355
0.717752
0.495849
0.513282
0.495529
0.415207
0.524051
0.446451
0.528773
0.455179
0.427878
0.495304
0.405108
0.672127
0.660715
0.717137
0.749986
0.825276
1.138173
0.934689
0.968882
0.930826
1.193498
0.698258
0.741674
0.718489
0.562011
0.552627
0.843985
0.492700
0.575612
0.640548
0.480285
0.408686
0.379758
0.410461
0.438953
0.699331
0.627828
0.608543
0.556821
0.501523
0.311779
0.401256
0.567203
0.515482
0.550343
0.537791
0.680351
0.503205
0.450382
0.355347
0.572042
0.405916
0.347190
0.506157
0.431581
0.465405
0.777449
0.547971
0.582668
0.652783
0.496108
0.524309
0.454540
0.452487
0.395077
0.481494
0.659191
0.485381
0.503975
0.586839
0.459426
0.617508
0.512880
0.439322
0.461362
0.514546
0.385614
0.466739
0.475367
0.494460
0.600698
0.531264
0.529735
0.491040
0.506235
0.524423
0.493792
0.492448
0.367477
0.248762
0.391984
0.317367
0.363170
0.433354
0.428436
0.476600
0.570391
0.501759
0.449994
0.483703
0.470935
0.464105
0.589203
0.334705
0.528779
0.736341
0.647327
0.632271
0.881926
0.784315
0.699292
0.743896
0.366633
0.373093
0.448596
0.424295
0.655011
0.725357
0.530922
0.578119
0.697150
0.961575
0.533159
0.630571
0.591233
0.717065
0.704551
1.106419
1.012234
0.830026
0.624193
0.453505
0.460349
0.660974
0.769841
0.819564
0.865803
0.598824
0.351472
0.517970
0.486412
0.604814
0.662998
0.822995
0.586379
0.580703
0.569923
0.439718
0.474508
0.511404
0.284203
0.476207
0.388482
0.375420
0.486635
0.516263
0.395501
0.505335
0.428039
0.418720
0.350498
0.438115
0.451267
0.451748
0.427378
0.530286
0.482225
0.522667
0.525598
0.477944
0.477012
0.478690
0.341829
0.567137
0.373471
0.395010
0.500999
0.467293
0.463876
0.567341
0.934830
0.460741
0.668712
0.459117
0.485132
0.509517
0.479949
0.493302
0.524720
0.404610
0.466790
0.354473
0.479086
0.441602
0.492297
0.600659
0.542521
0.643742
0.832782
0.729783
0.545087
0.665333
0.696926
0.427598
0.459202
0.576706
0.541321
0.471311
0.457331
0.846919
0.435371
0.487761
0.643715
0.574346
0.696262
0.383643
0.502916
0.561737
0.476254
0.586129
0.343211
0.366776
0.386947
0.451820
0.398686
0.428165
0.645332
0.467820
0.407425
0.445083
0.503341
0.449540
0.552906
0.553225
0.375950
0.356820
0.512570
0.411590
0.384433
0.339411
0.471743
0.379950
0.469355
0.421918
0.602012
0.650529
0.578115
0.701262
0.560902
0.609696
0.673517
0.657090
0.513817
0.565641
0.575227
0.747929
0.522275
0.409560
0.668129
0.555252
0.453321
0.437512
0.580785
0.355948
0.525815
0.471728
0.371001
0.465250
0.437854
0.584094
0.477565
0.306123
0.480753
0.331741
0.472679
0.385634
0.602817
0.593817
0.384445
0.696541
0.610728
0.602741
0.698493
0.460540
0.477551
0.616571
0.525789
0.431154
0.365153
0.608372
0.474219
0.656718
0.439137
0.455152
0.424040
0.411152
0.307562
0.699529
0.675557
0.647567
0.493316
0.622070
0.549508
0.436040
0.562451
0.528569
0.617436
0.499149
0.533704
0.343880
0.467420
0.576183
0.763973
0.577116
0.604631
0.558176
0.423406
0.404590
0.575657
0.390381
0.407311
0.449862
0.395210
0.451828
0.563648
0.512235
0.393106
0.479441
0.651572
0.429906
0.596893
0.451329
0.557903
0.560334
0.428157
0.332822
0.444301
0.590260
0.389325
0.421508
0.453235
0.689979
0.832954
0.595205
0.547144
0.736094
0.559848
0.664243
0.495603
0.402935
0.609361
0.568032
0.714128
0.661306
0.535169
0.481575
0.541571
0.717808
0.648915
0.719234
0.413615
0.419709
0.565806
0.535635
0.395427
0.418207
0.424635
0.580136
0.652838
0.516103
0.492647
0.522421
0.566446
0.466989
0.355078
0.617113
0.431714
0.442619
0.391278
0.549144
0.577998
0.483856
0.562431
0.459750
0.466785
0.545118
0.470432
0.530227
0.418005
0.367809
0.332376
0.301875
0.266003
0.574711
0.602254
0.554386
0.605192
0.476498
0.664340
0.501097
0.572874
0.460398
0.297333
0.456417
0.605813
0.409905
0.326973
0.438070
0.524553
0.632885
0.304936
0.386336
0.386647
0.457874
0.632655
0.496389
0.478647
0.444918
0.536118
0.580660
0.711108
0.567546
0.523691
0.874187
0.625135
0.502338
0.474424
0.434027
0.526886
0.442071
0.440498
0.519302
0.428912
0.376261
0.370940
0.480698
0.552945
0.447147
0.451080
0.370623
0.423618
0.323388
0.392851
0.434075
0.339712
0.570632
0.462975
0.386395
0.468094
0.375891
0.509928
0.410734
0.523317
0.536458
0.502609
0.556029
0.312132
0.519377
0.628140
0.832028
0.782845
0.659248
1.080802
0.847218
0.560446
0.436829
0.512355
0.420355
0.553047
0.508853
0.481007
0.587560
0.353347
0.441992
0.445123
0.394540
0.460959
0.453227
0.470690
0.419926
0.622506
0.628715
0.472024
0.545921
0.509659
0.573155
0.396669
0.604958
0.413116
0.349564
0.302785
0.423957
0.494115
0.464257
0.281847
0.253185
0.422096
0.469488
0.487120
0.427860
0.385546
0.377461
0.578484
0.495722
0.489109
0.416882
0.358254
0.555585
0.243342
0.592636
0.413000
0.480157
0.512568
0.382788
0.572831
0.499337
0.593340
0.652108
0.503412
0.461682
0.503951
0.840704
0.517529
0.723495
0.323976
0.393976
0.307084
0.323160
0.306714
0.485150
0.590908
0.562477
0.596331
0.577253
0.435933
0.445547
0.425462
0.379994
0.359498
0.320441
0.377853
0.588239
0.571768
0.529850
0.507778
0.572781
0.543569
0.755814
0.598233
0.541203
0.622967
0.768074
0.488517
0.439555
0.460507
0.490244
0.318006
0.351903
0.357300
0.303177
0.617883
0.493949
0.407410
0.315734
0.375405
0.291713
0.446443
0.426196
0.539154
0.494692
0.416551
0.513653
0.542633
0.566646
0.604362
0.476833
0.373482
0.435625
0.451419
0.319679
0.418194
0.435017
0.477977
0.515272
0.616550
0.717211
0.404985
0.644690
0.630056
0.685053
0.706076
0.406477
0.521434
0.764171
0.770750
0.676146
0.575477
0.474207
0.353179
0.404119
0.609651
0.704610
0.637465
0.544293
0.703996
0.775178
0.803854
0.828157
0.716231
0.583464
0.672560
0.638734
0.752565
0.491009
0.612329
0.348113
0.490373
0.459058
0.573496
0.487379
0.679667
0.306894
0.398173
0.439132
0.658802
0.425943
0.595960
0.770759
0.812200
1.172953
1.031663
0.889453
0.724065
0.550065
0.707374
0.442996
0.626898
0.439582
0.597477
0.496862
0.493089
0.623658
0.631156
0.729845
0.574290
0.631221
0.651360
0.442156
0.542494
0.435099
0.484098
0.542977
0.608706
0.704141
0.817663
0.695961
0.927980
0.779222
0.699266
0.654902
0.579188
0.652245
0.604661
0.637561
0.535941
0.766529
0.594902
0.459578
0.512813
0.424287
0.609668
0.594723
0.502016
0.453411
0.553391
0.387402
0.599232
0.512575
0.534164
0.528244
0.572064
0.501943
0.439719
0.552026
0.398456
0.526079
0.381390
0.608044
0.569257
0.505360
0.534925
0.493434
0.637029
0.629856
0.609005
0.374237
0.481357
0.422457
0.311741
0.322046
0.380923
0.484926
0.452419
0.436484
0.555593
0.484153
0.324445
0.466392
0.443383
0.533441
0.402243
0.492754
0.306072
0.351797
0.284307
0.389224
0.439096
0.315817
0.415874
0.369940
0.401434
0.420744
0.311104
0.376271
0.555684
0.315896
0.421771
0.468109
0.462422
0.347066
0.560086
0.426553
0.364237
0.476452
0.300633
0.377543
0.659217
0.359695
0.370364
0.477238
0.299492
0.368766
0.538557
0.587135
0.484167
0.565141
0.518191
0.332323
0.405361
0.429022
0.335737
0.292976
0.404287
0.398988
0.359591
0.517188
0.561176
0.457071
0.465773
0.571241
0.533752
0.508534
0.300834
0.457543
0.668957
0.545558
0.483132
0.635149
0.416466
0.666114
0.519990
0.481532
0.799937
0.722664
0.595242
0.977042
0.861972
1.020926
0.812484
0.686890
0.499253
0.722137
0.474872
0.675479
0.483496
0.378514
0.309812
0.462756
0.470219
0.519071
0.446639
0.332515
0.362978
0.393363
0.491521
0.452685
0.499221
0.620130
0.647407
0.615893
0.790420
0.455142
0.308260
0.362498
0.347163
0.694565
0.528646
0.649981
0.546094
0.678087
0.887288
0.781051
0.629538
0.477376
0.508598
0.492721
0.446288
0.502068
0.437532
0.531639
0.645021
0.551332
0.512336
0.514078
0.352176
0.402158
0.454257
0.484608
0.351944
0.349541
0.326390
0.471447
0.448100
0.504243
0.513988
0.452891
0.492103
0.382635
0.406738
0.489570
0.319813
0.455601
0.263257
0.427411
0.466920
0.467443
0.599096
0.408429
0.604192
0.631984
0.482850
0.571683
0.328206
0.316346
0.448744
0.571126
0.482722
0.557431
0.430506
0.614636
0.445532
0.448783
0.437728
0.258568
0.400868
0.550346
0.534264
0.569502
0.360033
0.464687
0.236785
0.497237
0.533467
1.009741
0.928654
0.753194
0.824248
0.858287
1.014820
0.664839
0.484984
0.444430
0.473428
0.590767
0.485234
0.518135
0.464495
0.336160
0.550670
0.498040
0.444089
0.549615
0.373593
0.459742
0.507777
0.421732
0.290541
0.435039
0.362927
0.520102
0.329672
0.523597
0.532386
0.366157
0.476622
0.436617
0.271883
0.434948
0.442423
0.373123
0.458235
0.348286
0.479214
0.380641
0.502815
0.474004
0.714610
0.740923
0.783293
0.675636
0.516175
0.511230
0.297028
0.696385
0.440096
0.457189
0.540436
0.432151
0.532578
0.512041
0.396646
0.486090
0.354722
0.355418
0.490723
0.385916
0.504019
0.353458
0.399837
0.350371
0.493383
0.484635
0.464358
0.380325
0.536486
0.385516
0.628899
0.506081
0.428543
0.376554
0.240152
0.374813
0.327658
0.360940
0.393890
0.444109
0.297799
0.461433
0.500653
0.483207
0.511160
0.465379
0.515836
0.672205
0.634400
0.590826
0.450592
0.426535
0.405105
0.540407
0.355009
0.492491
0.399762
0.460232
0.590794
0.552548
0.586316
0.964424
0.723458
0.639519
0.450271
0.569308
0.548285
0.653049
0.733820
0.680079
0.854224
0.729136
0.635121
0.748466
0.856178
0.769527
0.776507
0.656224
0.683336
0.472521
0.419654
0.377956
0.513431
0.489002
0.441495
0.608336
0.542081
0.559968
0.487070
0.364877
0.401872
0.523499
0.539049
0.592874
0.848577
0.537695
0.533987
0.491102
0.412648
0.482819
0.344862
0.421878
0.497670
0.411604
0.404738
0.363616
0.451767
0.606573
0.545106
0.550537
0.506375
0.681975
0.420128
0.644871
0.502024
0.416016
0.442456
0.486256
0.496542
0.453116
0.465746
0.493545
0.430367
0.424024
0.444116
0.314204
0.273749
0.374215
0.531992
0.429186
0.555589
0.424551
0.499130
0.688285
0.521373
0.470556
0.285364
0.367864
0.386599
0.418649
0.517973
0.463964
0.373537
0.255321
0.432440
0.447554
0.256534
0.324627
0.464762
0.366681
0.446906
0.516120
0.316563
0.446048
0.332266
0.491455
0.550229
0.578682
0.491893
0.509717
0.311633
0.306021
0.393491
0.340764
0.300238
0.447597
0.546990
0.362963
0.559712
0.364082
0.495316
0.382192
0.287216
0.325297
0.544643
0.467896
0.261019
0.234779
0.340893
0.338697
0.284474
0.299505
0.367331
0.408877
0.306355
0.321575
0.277564
0.562727
0.384128
0.437443
0.513587
0.374967
0.517398
0.443714
0.566312
0.419145
0.451011
0.381305
0.416854
0.434737
0.436320
0.596845
0.565393
0.410931
0.344758
0.452149
0.362208
0.299329
0.294521
0.341278
0.589858
0.486445
0.478674
0.537765
0.431631
0.460800
0.519507
0.647066
0.674618
0.572893
0.523930
0.311073
0.361947
0.473664
0.393694
0.459015
0.551378
0.413111
0.634231
0.652102
0.771251
0.618572
0.646432
0.409915
0.517855
0.397895
0.394440
0.308752
0.520510
0.438278
0.523918
0.372239
0.345903
0.497519
0.453125
0.310093
0.458341
0.444236
0.572648
0.376651
0.354571
0.474005
0.521774
0.465124
0.353585
0.403669
0.388567
0.612641
0.514222
0.639982
0.587933
0.526540
0.414971
0.477226
0.523681
0.363047
0.611289
0.487384
0.419321
0.415432
0.398511
0.450176
0.366172
0.314932
0.459452
0.307407
0.404614
0.295796
0.423941
0.534365
0.709087
0.493071
0.591817
0.525299
0.424226
0.321047
0.337956
0.356049
0.467714
0.397357
0.451452
0.518856
0.340909
0.253822
0.360053
0.297261
0.491953
0.595017
0.455806
0.476378
0.364970
0.472167
0.446552
0.388792
0.471698
0.413505
0.338776
0.321102
0.310640
0.347354
0.405917
0.354551
0.511362
0.442069
0.343271
0.286475
0.304470
0.304851
0.532902
0.495484
0.495503
0.537188
0.628677
0.412309
0.332765
0.328413
0.353638
0.569849
0.474394
0.522974
0.455515
0.462346
0.511773
0.417556
0.577768
0.395588
0.403473
0.487279
0.328871
0.486220
0.392403
0.494035
0.420143
0.299699
0.620858
0.421987
0.417191
0.451496
0.369542
0.542621
0.312211
0.445483
0.544044
0.749764
0.708599
0.610482
0.443425
0.530180
0.438951
0.462537
0.456108
0.338604
0.450893
0.501798
0.518818
0.490404
0.481987
0.494932
0.345544
0.481737
0.321526
0.431631
0.467762
0.466894
0.431339
0.360366
0.264986
0.497942
0.303109
0.553305
0.414432
0.821226
0.577438
0.650244
0.435930
0.328187
0.571748
0.594734
0.425558
0.555631
0.350521
0.451843
0.852902
0.643701
0.555768
0.449410
0.574174
0.392606
0.420056
0.345864
0.392755
0.437562
0.290423
0.533554
0.613861
0.499013
0.504912
0.527363
0.441397
0.614640
0.504875
0.613331
0.455568
0.520811
0.739282
1.027222
1.126174
0.922522
0.938540
0.888330
0.716202
0.522128
0.518382
0.278514
0.380349
0.522289
0.416916
0.346539
0.360743
0.322637
0.383355
0.457276
0.337139
0.411169
0.298054
0.470579
0.328205
0.510749
0.397617
0.391032
0.518116
0.476332
0.409590
0.489213
0.622994
0.673154
0.734938
0.419118
0.510970
0.412072
0.520121
0.406588
0.641651
0.597054
0.427613
0.488827
0.463226
0.467744
0.400243
0.365257
0.482228
0.393360
0.514183
0.540564
0.596807
0.553420
0.489903
0.373584
0.385740
0.490295
0.348243
0.424354
0.379461
0.516873
0.452299
0.547035
0.605934
0.438394
0.299929
0.441342
0.312420
0.251991
0.527311
0.491447
0.383488
0.343706
0.328311
0.308731
0.268481
0.442301
0.387987
0.343418
0.377920
0.414354
0.495410
0.402033
0.771760
0.444440
0.473999
0.426165
0.294437
0.457642
0.279754
0.518318
0.380692
0.318243
0.281188
0.406371
0.458109
0.345208
0.309955
0.353727
0.386204
0.321885
0.315872
0.345722
0.359119
0.267652
0.395408
0.295980
0.331367
0.616042
0.440914
0.367455
0.330880
0.439339
0.419014
0.515238
0.396251
0.394408
0.481484
0.604503
0.685171
0.596743
0.532540
0.477473
0.431208
0.479425
0.634148
0.645963
0.637978
0.576913
0.384697
0.532278
0.321770
0.387902
0.328503
0.253686
0.287254
0.396220
0.505334
0.306783
0.528636
0.746693
0.557746
0.677357
0.448874
0.362631
0.412291
0.397497
0.435926
0.620830
0.445270
0.473211
0.524368
0.358606
0.445527
0.456830
0.298637
0.532726
0.434810
0.264721
0.452980
0.560054
0.442578
0.324018
0.445683
0.472848
0.456586
0.354414
0.458311
0.383696
0.457762
0.401001
0.479327
0.366872
0.371840
0.391606
0.271119
0.271112
0.272833
0.369496
0.465005
0.505036
0.335612
0.413276
0.379941
0.412603
0.513783
0.328501
0.316293
0.341867
0.480332
0.383690
0.487042
0.406055
0.654035
0.443482
0.321676
0.397103
0.373166
0.307935
0.388708
0.365314
0.273025
0.335534
0.492512
0.267722
0.240626
0.481736
0.679500
0.417882
0.558937
0.395191
0.430360
0.396577
0.514273
0.541233
0.495928
0.466720
0.327145
0.448536
0.454821
0.268503
0.311421
0.471171
0.372584
0.380425
0.433835
0.278949
0.390761
0.548258
0.534496
0.609601
0.423218
0.541656
0.322062
0.334068
0.351796
0.544500
0.318149
0.376904
0.289226
0.469016
0.363052
0.342917
0.478854
0.294100
0.323887
0.295531
0.341561
0.353225
0.552622
0.347062
0.597494
0.417595
0.294665
0.377730
0.349063
0.441732
0.321849
0.364141
0.426105
0.499411
0.463142
0.552831
0.423640
0.469742
0.417973
0.349564
0.410130
0.324519
0.401451
0.390725
0.302464
0.248403
0.256885
0.366059
0.230627
0.281287
0.336578
0.394318
0.439602
0.338514
0.500497
0.626728
0.687942
0.712882
0.631195
0.577238
0.633687
0.465105
0.467804
0.400165
0.387623
0.562779
0.695434
0.338044
0.512976
0.245597
0.547700
0.577728
0.359312
0.386254
0.364068
0.404287
0.486884
0.296952
0.487756
0.434735
0.287067
0.329264
0.442837
0.438353
0.511694
0.374459
0.336861
0.493498
0.461302
0.440349
0.409302
0.427047
0.411117
0.345544
0.458447
0.365390
0.695801
0.692205
0.639591
0.648967
0.785416
0.675301
0.603741
0.412794
0.704475
0.534993
0.432879
0.376042
0.467865
0.291849
0.339722
0.281985
0.331200
0.227548
0.322450
0.402700
0.387905
0.419348
0.445177
0.558470
0.343658
0.427626
0.345611
0.551195
0.416610
0.415424
0.310960
0.344798
0.411944
0.384109
0.367802
0.503942
0.478592
0.336386
0.515891
0.284181
0.346722
0.300845
0.407191
0.436116
0.385028
0.307535
0.241371
0.331358
0.286442
0.314056
0.555444
0.372284
0.379509
0.403561
0.433197
0.195034
0.382377
0.642631
0.555480
0.527228
0.296577
0.401590
0.313200
0.411124
0.563822
0.354735
0.327656
0.336801
0.504109
0.362647
0.408100
0.421615
0.368598
0.381487
0.350246
0.386608
0.341074
0.432161
0.451086
0.344598
0.447456
0.359879
0.390971
0.286418
0.294386
0.404271
0.480919
0.480708
0.476967
0.403327
0.462716
0.335780
0.397544
0.527548
0.421245
0.443794
0.387873
0.268318
0.532341
0.243143
0.360975
0.408453
0.336127
0.307163
0.330904
0.389680
0.351931
0.743651
0.560124
0.699482
0.478360
0.523457
0.354938
0.580378
0.230113
0.390251
0.374530
0.303788
0.347240
0.542471
0.534606
0.380550
0.413020
0.352982
0.412306
0.519431
0.563123
0.585652
0.350573
0.456736
0.505886
0.352652
0.304519
0.291105
0.299028
0.296595
0.398136
0.326168
0.314592
0.489191
0.470316
0.594348
0.439781
0.504096
0.518515
0.523340
0.540747
0.410349
0.586650
0.658481
0.567528
0.790922
0.771950
0.749070
0.522856
0.532274
0.686101
0.483168
0.413245
0.481137
0.416815
0.633524
0.517833
0.464455
0.370459
0.543789
0.677324
0.522611
0.704063
0.653661
0.417869
0.416385
0.553428
0.491953
0.484229
0.375029
0.351645
0.336964
0.472352
0.364504
0.383058
0.369320
0.435413
0.315187
0.537661
0.620377
0.443231
0.354456
0.277465
0.388098
0.518783
0.392560
0.378075
0.438571
0.392847
0.369301
0.432050
0.288025
0.294057
0.472640
0.419340
0.423556
0.452988
0.321523
0.269366
0.429650
0.311678
0.480109
0.494477
0.420543
0.533548
0.587936
0.316891
0.453633
0.425519
0.298554
0.271984
0.476123
0.451625
0.452843
0.543317
0.655266
0.622704
0.510642
0.632369
0.648201
0.428256
0.632526
0.513534
0.311051
0.430510
0.395875
0.280708
0.261748
0.305504
0.290089
0.354057
0.430543
0.369005
0.344863
0.411910
0.387783
0.489951
0.304956
0.242359
0.322823
0.240267
0.335515
0.379834
0.239385
0.369811
0.465917
0.263538
0.360085
0.442811
0.367194
0.617417
0.458678
0.383330
0.505960
0.490689
0.437526
0.566562
0.428760
0.314225
0.441407
0.368750
0.308069
0.354325
0.457701
0.343258
0.401068
0.235159
0.326646
0.259836
0.372778
0.369314
0.502288
0.488802
0.551233
0.555870
0.450008
0.295241
0.337383
0.198508
0.300922
0.377510
0.379895
0.372923
0.304526
0.451637
0.318939
0.450051
0.454862
0.438242
0.528833
0.476769
0.421150
0.295919
0.290057
0.262831
0.423267
0.386633
0.344102
0.267956
0.283999
0.287393
0.387050
0.346075
0.351141
0.204287
0.236704
0.265585
0.250312
0.228407
0.341505
0.377950
0.279909
0.333307
0.336591
0.314358
0.182688
0.255058
0.348352
0.382248
0.428711
0.537760
0.491380
0.478552
0.643598
0.626758
0.729977
0.485758
0.386860
0.426054
0.366166
0.250429
0.457016
0.236581
0.301776
0.375422
0.407759
0.381011
0.349118
0.312998
0.273085
0.175212
0.352879
0.319125
0.470887
0.363717
0.376138
0.271473
0.408911
0.392557
0.426467
0.502222
0.378491
0.485109
0.264120
0.323467
0.411481
0.316138
0.331303
0.281407
0.282080
0.369702
0.282060
0.288401
0.412518
0.359437
0.445516
0.398372
0.536621
0.466991
0.441775
0.355534
0.366167
0.427515
0.639934
0.421213
0.571279
0.682486
0.574024
0.352457
0.463841
0.385542
0.267608
0.357031
0.535793
0.314307
0.410014
0.447407
0.376227
0.309246
0.367022
0.429253
0.381581
0.323553
0.449000
0.348932
0.398448
0.289674
0.395705
0.402913
0.421418
0.332876
0.292386
0.508725
0.438021
0.410470
0.306127
0.422581
0.367128
0.393727
0.299451
0.290144
0.311752
0.259165
0.394212
0.353746
0.307388
0.353343
0.426509
0.375639
0.366941
0.433155
0.685955
0.395459
0.382135
0.390333
0.541170
0.508228
0.507621
0.492716
0.424298
0.376531
0.503605
0.495837
0.419622
0.474639
0.457176
0.463692
0.448698
0.554645
0.356543
0.415575
0.518278
0.413245
0.321536
0.336292
0.360906
0.494150
0.306505
0.431204
0.569169
0.413237
0.412284
0.440654
0.487145
0.476097
0.384026
0.405036
0.339549
0.304076
0.564541
0.513377
0.472909
0.355204
0.428850
0.408822
0.341036
0.536925
0.457689
0.355015
0.407029
0.293589
0.284802
0.477745
0.381280
0.493656
0.347751
0.329079
0.345752
0.392952
0.301671
0.702826
0.449403
0.435178
0.518748
0.481116
0.597401
0.401542
0.815376
0.723959
0.525667
0.432937
0.473582
0.321438
0.362427
0.215816
0.285105
0.320749
0.258125
0.409583
0.292279
0.325692
0.369469
0.466093
0.352016
0.454513
0.415435
0.542384
0.239745
0.211240
0.194471
0.463795
0.384521
0.500459
0.305899
0.497417
0.469990
0.353753
0.290487
0.292975
0.266034
0.320132
0.468278
0.423733
0.379753
0.516427
0.495320
0.303321
0.446405
0.367547
0.241013
0.288973
0.355365
0.265764
0.356129
0.544367
0.275940
0.427925
0.546156
0.433131
0.364151
0.558862
0.320257
0.461408
0.291857
0.392797
0.443072
0.447604
0.354160
0.523488
0.530567
0.499244
0.380485
0.367865
0.349384
0.341949
0.355216
0.404130
0.451222
0.459802
0.608256
0.462775
0.439192
0.370898
0.548991
0.363180
0.214068
0.332969
0.371597
0.555768
0.298751
0.421784
0.307435
0.341390
0.496138
0.695357
0.479262
0.285917
0.358332
0.489318
0.466232
0.425608
0.405209
0.316006
0.390215
0.555459
0.614792
0.640873
0.443853
0.322429
0.334351
0.369864
0.384095
0.470323
0.437493
0.663238
0.712285
0.493824
0.735635
0.562005
0.625385
0.475451
0.366520
0.326691
0.350147
0.565914
0.632879
0.439253
0.519603
0.384236
0.410231
0.368492
0.458579
0.304353
0.300491
0.403832
0.410507
0.465846
0.442153
0.333677
0.413976
0.362891
0.403263
0.290791
0.476014
0.510953
0.452563
0.425483
0.518749
0.562643
0.534295
0.418982
0.363588
0.337181
0.293454
0.329684
0.416441
0.400580
0.217828
0.432408
0.314882
0.620749
0.315517
0.445649
0.420534
0.371945
0.513258
0.389087
0.356135
0.383122
0.365530
0.375120
0.408562
0.627913
0.652798
0.622394
0.510842
0.480663
0.341618
0.493852
0.292999
0.335176
0.346794
0.253729
0.338656
0.340747
0.316124
0.397767
0.436135
0.271212
0.439878
0.498230
0.382963
0.495067
0.520353
0.470644
0.464401
0.383785
0.467469
0.412965
0.368182
0.368650
0.438056
0.396604
0.281695
0.348913
0.222041
0.344523
0.478548
0.563016
0.615389
0.514442
0.512459
0.369340
0.380064
0.362284
0.286730
0.229487
0.319473
0.479944
0.234470
0.293083
0.245004
0.299958
0.345833
0.197579
0.271679
0.337040
0.491550
0.300929
0.442377
0.395683
0.495028
0.458691
0.274078
0.370610
0.327202
0.371263
0.446475
0.369328
0.381444
0.322589
0.329231
0.235294
0.293588
0.513621
0.399301
0.366714
0.428183
0.505428
0.558906
0.512611
0.373885
0.427846
0.391726
0.538633
0.366648
0.218735
0.349999
0.220254
0.356574
0.355113
0.397193
0.326234
0.411114
0.607607
0.356632
0.340223
0.518708
0.455820
0.460797
0.476793
0.412575
0.379666
0.433046
0.277932
0.318558
0.275483
0.428407
0.238815
0.486630
0.305646
0.458280
0.325682
0.318067
0.382731
0.439587
0.384686
0.254155
0.360915
0.380920
0.290418
0.289169
0.296711
0.331217
0.308610
0.539887
0.408089
0.324981
0.332919
0.248326
0.368911
0.323258
0.437804
0.355590
0.346612
0.476912
0.373835
0.282546
0.432989
0.712787
0.579812
0.377857
0.496291
0.436335
0.437206
0.526802
0.530780
0.552078
0.619546
0.547948
0.596885
0.514337
0.378723
0.466906
0.637352
0.512407
0.493881
0.646278
0.545917
0.396999
0.239241
0.321385
0.278362
0.531567
0.417579
0.335463
0.266362
0.311131
0.365106
0.234174
0.376718
0.284760
0.330218
0.447795
0.409121
0.483303
0.331481
0.316613
0.322687
0.230752
0.326126
0.222784
0.512449
0.450971
0.438164
0.278689
0.406696
0.302443
0.300577
0.314176
0.435786
0.456774
0.460855
0.386326
0.342765
0.540155
0.528467
0.436428
0.491725
0.806226
0.481541
0.633089
0.426512
0.518465
0.441216
0.525651
0.454772
0.591329
0.543356
0.797287
0.497836
0.393161
0.611308
0.412472
0.332785
0.403331
0.336739
0.259247
0.893806
0.303625
0.328991
0.307287
0.230398
0.496158
0.271068
0.383998
0.322726
0.285274
0.248863
0.315824
0.418731
0.374034
0.340255
0.274735
0.358501
0.341281
0.351402
0.480248
0.647457
0.510380
0.423368
0.439384
0.395236
0.321156
0.339053
0.349918
0.176201
0.321401
0.257284
0.366709
0.408989
0.311099
0.392270
0.222769
0.287452
0.200837
0.309118
0.295277
0.201445
0.303571
0.357305
0.301847
0.317159
0.440580
0.527000
0.270628
0.423836
0.294156
0.426933
0.640986
0.540613
0.575445
0.409067
0.405630
0.462619
0.585952
0.533729
0.413513
0.417647
0.434424
0.396545
0.333570
0.365298
0.367736
0.636968
0.576501
0.586731
0.575768
0.329140
0.503549
0.225997
0.335265
0.478247
0.450187
0.387390
0.306492
0.328722
0.447675
0.405297
0.352056
0.280803
0.353456
0.338269
0.346019
0.175476
0.271183
0.347744
0.311279
0.334388
0.434081
0.377843
0.275336
0.447816
0.366210
0.249152
0.343378
0.433954
0.236187
0.333858
0.455086
0.461397
0.348164
0.423623
0.311655
0.378980
0.257757
0.432105
0.387356
0.395548
0.545423
0.402074
0.219530
0.364862
0.424228
0.294181
0.415443
0.981203
0.615074
0.635070
0.411460
0.420646
0.354222
0.566115
0.433889
0.579154
0.549593
0.529716
0.597897
0.539328
0.319443
0.369643
0.424528
0.345291
0.606706
0.622774
0.552857
0.651016
0.591866
0.577830
0.686139
0.525129
0.675843
0.679023
0.718094
0.580472
0.747888
0.552033
0.758958
0.661879
0.501096
0.651242
0.385853
0.353543
0.351791
0.410031
0.361257
0.411626
0.394029
0.377317
0.507004
0.491390
0.445375
0.346048
0.351665
0.408553
0.474719
0.316021
0.306745
0.469927
0.427467
0.430454
0.388090
0.272135
0.218201
0.384246
0.389121
0.299692
0.469945
0.417350
0.444329
0.288922
0.286691
0.548018
0.287131
0.531847
0.435192
0.359561
0.542785
0.441390
0.378031
0.245643
0.266930
0.354317
0.377895
0.612798
0.272287
0.351699
0.676313
0.603825
0.359391
0.245854
0.381864
0.390030
0.412144
0.230623
0.370977
0.484688
0.538007
0.257501
0.246216
0.320874
0.305378
0.247871
0.252253
0.297887
0.304552
0.394132
0.289473
0.278332
0.326730
0.526730
0.407481
0.377795
0.238101
0.294727
0.250600
0.303139
0.336095
0.266865
0.343123
0.273877
0.434201
0.397312
0.412680
0.413821
0.324457
0.263847
0.534063
0.587634
0.438121
0.545379
0.539126
0.405397
0.297950
0.329006
0.499421
0.349936
0.246775
0.238889
0.346477
0.365843
0.546959
0.424182
0.548112
0.693652
0.518622
0.464495
0.427811
0.568206
0.542525
0.762857
0.701351
0.464428
0.306889
0.386606
0.574156
0.479531
0.490716
0.388034
0.454850
0.303093
0.399538
0.401861
0.431516
0.503951
0.665443
0.634305
0.694466
0.964108
0.615314
0.542066
0.634593
0.406637
0.315976
0.754755
0.738597
0.737507
0.839808
0.692527
0.584054
0.469111
0.493656
0.462672
0.544195
0.449435
0.472897
0.268276
0.259011
0.198282
0.335432
0.454418
0.510509
0.367647
0.330197
0.375560
0.437286
0.433574
0.267709
0.374379
0.314322
0.342670
0.325598
0.247628
0.310231
0.268234
0.271094
0.349835
0.478341
0.324486
0.494751
0.351993
0.366506
0.309454
0.338383
0.410400
0.383662
0.356469
0.182012
0.161552
0.342180
0.402133
0.336537
0.451353
0.429867
0.530656
0.298225
0.266302
0.413744
0.330188
0.212405
0.306773
0.421975
0.290313
0.466600
0.288446
0.348140
0.327453
0.324183
0.218425
0.351933
0.291200
0.434331
0.463408
0.319540
0.254699
0.257925
0.375419
0.292100
0.352416
0.233559
0.340667
0.475510
0.436195
0.574259
0.378492
0.302736
0.322675
0.274870
0.273976
0.306006
0.428983
0.271538
0.303212
0.383155
0.190880
0.278743
0.238773
0.352446
0.305505
0.557767
0.289360
0.366126
0.380061
0.332649
0.213594
0.256950
0.279554
0.292241
0.363010
0.391975
0.579901
0.368693
0.361840
0.336948
0.398613
0.405247
0.491092
0.349100
0.375196
0.479846
0.630652
0.472332
0.282870
0.435913
0.341152
0.270460
0.428445
0.475837
0.325945
0.406253
0.496959
0.358943
0.369613
0.429126
0.313891
0.461179
0.375978
0.349018
0.475776
0.478249
0.402348
0.459254
0.350890
0.401626
0.244514
0.300875
0.445519
0.535049
0.385479
0.285492
0.283093
0.432601
0.437029
0.344582
0.366296
0.376852
0.317335
0.305607
0.350018
0.526840
0.580451
0.383096
0.349904
0.434431
0.386792
0.456124
0.330813
0.527243
0.580252
0.557720
0.598833
0.586433
0.693825
0.524882
0.335496
0.436690
0.312890
0.451467
0.391433
0.338751
0.439024
0.379031
0.305063
0.376879
0.375150
0.428893
0.439242
0.352684
0.426435
0.354879
0.364576
0.422664
0.353952
0.441590
0.327582
0.411637
0.283507
0.450454
0.314488
0.405358
0.436332
0.365873
0.487288
0.372798
0.390238
0.446561
0.514901
0.567594
0.411227
0.726092
0.427663
0.400170
0.324407
0.447008
0.420229
0.276586
0.459870
0.606382
0.441651
0.586730
0.515539
0.571510
0.655570
0.479779
0.450640
0.573114
0.524415
0.426703
0.622161
0.355093
0.428022
0.643061
0.480761
0.356404
0.321225
0.377637
0.357298
0.387946
0.307885
0.338061
0.396422
0.465943
0.450101
0.377385
0.338169
0.544231
0.311027
0.309528
0.321000
0.357044
0.514119
0.450528
0.453674
0.470997
0.510577
0.341261
0.367221
0.346237
0.422167
0.473800
0.269100
0.325389
0.500516
0.504972
0.568594
0.453170
0.475601
0.390263
0.394166
0.323327
0.416018
0.342937
0.468064
0.445310
0.393060
0.420610
0.359045
0.399965
0.575499
0.568282
0.370133
0.552609
0.425160
0.527553
0.374994
0.416892
0.362238
0.356191
0.273989
0.327597
0.274485
0.184094
0.288154
0.283422
0.283153
0.535539
0.316042
0.572384
0.407203
0.339760
0.751449
0.441497
0.357461
0.406630
0.358932
0.158952
0.276171
0.319776
0.418597
0.227286
0.221702
0.293485
0.204982
0.326839
0.377260
0.339053
0.330417
0.293643
0.335909
0.389055
0.362656
0.435977
0.577459
0.386600
0.471896
0.266175
0.353355
0.363086
0.248979
0.262360
0.544723
0.288130
0.228069
0.392953
0.295423
0.353810
0.330693
0.330847
0.399932
0.422166
0.437162
0.413356
0.490971
0.292108
0.143908
0.597469
0.277266
0.252718
0.379130
0.326748
0.310966
0.306636
0.277338
0.327515
0.301009
0.255365
0.411243
0.241012
0.426951
0.281176
0.358450
0.383882
0.441738
0.517035
0.334452
0.305611
0.334314
0.259635
0.321583
0.283278
0.353292
0.258947
0.328108
0.255493
0.561851
0.242146
0.310186
0.256325
0.452578
0.245623
0.468889
0.350855
0.387142
0.561217
0.436795
0.352542
0.293856
0.323858
0.370213
0.286377
0.250558
0.343747
0.248266
0.297316
0.247731
0.237595
0.319063
0.413796
0.265166
0.335925
0.341767
0.306202
0.364796
0.264965
0.222833
0.329647
0.355434
0.368067
0.379092
0.375591
0.269679
0.379178
0.246975
0.335254
0.301295
0.234256
0.257326
0.375468
0.411847
0.345620
0.500102
0.344414
0.609434
0.465330
0.476277
0.723594
0.660435
0.462491
0.567637
0.248838
0.355268
0.411422
0.614013
0.696413
0.924071
0.597075
0.581119
0.613488
0.477247
0.284504
0.143828
0.264650
0.346373
0.495492
0.363103
0.378902
0.393476
0.335244
0.439513
0.379101
0.461373
0.362869
0.344142
0.262289
0.384083
0.317221
0.445254
0.355299
0.563553
0.420655
0.674823
0.640257
0.432663
0.430244
0.309122
0.322429
0.253631
0.426080
0.430611
0.392003
0.364052
0.569548
0.459466
0.528749
0.433622
0.327436
0.416265
0.455440
0.387881
0.458251
0.364694
0.534135
0.358231
0.443900
0.418713
0.451232
0.350062
0.388539
0.356370
0.297426
0.188632
0.368892
0.415342
0.559234
0.530784
0.383915
0.476638
0.334597
0.301804
0.319961
0.421023
0.365593
0.359235
0.358637
0.330928
0.499602
0.258033
0.375630
0.371404
0.327386
0.252378
0.381722
0.320913
0.410665
0.357179
0.277930
0.412732
0.414987
0.500128
0.505100
0.298517
0.348470
0.369434
0.347530
0.388781
0.384643
0.239303
0.309250
0.346068
0.322512
0.322737
0.286261
0.199054
0.268817
0.347897
0.341824
0.274662
0.356417
0.339730
0.234823
0.276681
0.504858
0.403878
0.400455
0.286429
0.425908
0.256653
0.324257
0.367369
0.435532
0.462847
0.298894
0.256703
0.345798
0.296640
0.349496
0.438620
0.302718
0.340380
0.282057
0.554525
0.289050
0.452563
0.265772
0.383589
0.474964
0.271858
0.285967
0.299420
0.404545
0.515161
0.517801
0.349575
0.449804
0.564041
0.378573
0.642471
0.375310
0.587710
0.365516
0.424292
0.480350
0.489077
0.629152
0.563551
0.591291
0.402476
0.470021
0.400437
0.349074
0.479816
0.371178
0.381047
0.417791
0.517413
0.393376
0.628102
0.466057
0.507276
0.557230
0.384590
0.212451
0.419986
0.293691
0.284928
0.253026
0.204163
0.293819
0.178919
0.288799
0.272893
0.301812
0.375701
0.430977
0.417237
0.296661
0.420317
0.455134
0.240741
0.540736
0.461787
0.257805
0.389595
0.272771
0.367377
0.444413
0.329202
0.338729
0.265210
0.330305
0.169436
0.287137
0.357356
0.444340
0.335409
0.228712
0.274718
0.384416
0.274263
0.443532
0.488257
0.379186
0.418134
0.273814
0.437673
0.232125
0.348199
0.206567
0.235438
0.364827
0.387409
0.262825
0.308761
0.449586
0.263124
0.255880
0.265393
0.429431
0.490318
0.350233
0.419935
0.357000
0.320373
0.410591
0.452264
0.277353
0.466645
0.392826
0.424977
0.307020
0.254173
0.370215
0.456678
0.566029
0.689405
0.401337
0.345697
0.421814
0.450814
0.275514
0.204192
0.290535
0.307266
0.317266
0.361605
0.378318
0.409233
0.305613
0.428246
0.350675
0.350595
0.287680
0.247259
0.348132
0.380800
0.546094
0.493810
0.406904
0.497622
0.373699
0.211780
0.374656
0.324375
0.319938
0.358102
0.415086
0.433398
0.384324
0.280351
0.233306
0.192641
0.294382
0.212212
0.187315
0.253125
0.362282
0.266242
0.396973
0.312285
0.434374
0.475574
0.455633
0.399521
0.532165
0.295644
0.326484
0.161257
0.229718
0.190855
0.361608
0.336311
0.317489
0.198664
0.253196
0.326358
0.435604
0.527857
0.365794
0.368697
0.241086
0.388095
0.460815
0.470536
0.398603
0.464345
0.281123
0.288794
0.408595
0.402480
0.301424
0.438304
0.339983
0.330326
0.374122
0.417857
0.258743
0.347993
0.408386
0.275122
0.466521
0.488650
0.322869
0.522908
0.360148
0.542302
0.411960
0.357630
0.324942
0.550933
0.299567
0.259821
0.300069
0.230314
0.217966
0.421145
0.307915
0.214615
0.332503
0.358621
0.284903
0.306374
0.340262
0.342765
0.330439
0.365480
0.729554
0.567012
0.455660
0.388164
0.287987
0.339632
0.338216
0.303000
0.289955
0.552326
0.470941
0.468250
0.370063
0.370735
0.478551
0.369507
0.402912
0.184619
0.271468
0.208522
0.246075
0.250616
0.303287
0.418303
0.387950
0.339248
0.311214
0.409485
0.328732
0.352944
0.360636
0.238254
0.293282
0.447661
0.295482
0.334362
0.172758
0.147258
0.377625
0.217378
0.340607
0.460249
0.400311
0.328485
0.317516
0.307464
0.221621
0.215829
0.195999
0.387134
0.409487
0.507378
0.431248
0.524599
0.595175
0.582298
0.284042
0.318758
0.321591
0.500905
0.372346
0.288397
0.324838
0.340951
0.275691
0.294244
0.407349
0.426360
0.384606
0.546822
0.387369
0.324260
0.527756
0.404539
0.384239
0.460702
0.450699
0.603751
0.473202
0.598859
0.687681
0.598798
0.327200
0.365937
0.353797
0.263558
0.216860
0.215896
0.272430
0.394249
0.347746
0.439659
0.556415
0.481367
0.495133
0.371310
0.505090
0.327265
0.372539
0.315555
0.455912
0.355337
0.331573
0.300423
0.323850
0.270802
0.500387
0.434029
0.340640
0.297329
0.694163
0.571435
0.603130
0.542178
0.302085
0.266305
0.349534
0.350474
0.575269
0.380311
0.433485
0.423675
0.520927
0.668804
0.510119
0.465511
0.279543
0.441984
0.382919
0.291234
0.228931
0.299112
0.210856
0.201588
0.330339
0.433752
0.336113
0.371926
0.449044
0.405788
0.264737
0.384374
0.363277
0.236245
0.204904
0.338571
0.483255
0.321243
0.522842
0.355164
0.336822
0.288496
0.337125
0.344363
0.301271
0.357732
0.464545
0.451151
0.395784
0.452724
0.490731
0.301060
0.398610
0.373821
0.463111
0.561083
0.293459
0.327053
0.256988
0.424719
0.234729
0.446264
0.324386
0.390091
0.384805
0.421932
0.429640
0.283186
0.405849
0.370658
0.431230
0.248185
0.318574
0.343862
0.280546
0.428029
0.324050
0.214014
0.295197
0.239439
0.358687
0.329945
0.227216
0.326202
0.191763
0.316461
0.234162
0.169551
0.289851
0.341129
0.333061
0.283273
0.224374
0.386743
0.565327
0.319836
0.618224
0.297679
0.273537
0.248831
0.207231
0.195766
0.351314
0.290714
0.379044
0.346554
0.418776
0.279828
0.267574
0.399319
0.307748
0.179452
0.176588
0.290194
0.318767
0.246718
0.288615
0.316686
0.425586
0.547582
0.475063
0.330906
0.260384
0.387210
0.380039
0.283712
0.291519
0.264551
0.435742
0.225804
0.311480
0.374410
0.188793
0.302845
0.310086
0.383108
0.425391
0.423886
0.193268
0.247535
0.280136
0.186747
0.474055
0.297993
0.321497
0.391670
0.291355
0.192256
0.228901
0.236292
0.206240
0.253987
0.397227
0.210058
0.276834
0.420973
0.421828
0.211184
0.194300
0.445297
0.370110
0.342006
0.643791
0.385976
0.283652
0.326274
0.282511
0.414835
0.388644
0.604986
0.730356
0.391058
0.557856
0.410934
0.519464
0.775358
0.427841
0.325126
0.448315
0.382279
0.285481
0.379201
0.396642
0.480943
0.431997
0.269288
0.404312
0.373702
0.340347
0.364134
0.235271
0.291851
0.292059
0.423796
0.337857
0.375421
0.179314
0.400876
0.370153
0.356305
0.256377
0.248842
0.241865
0.276098
0.298792
0.365882
0.513131
0.300939
0.439868
0.405409
0.469148
0.289417
0.244760
0.260343
0.426418
0.286762
0.394125
0.234901
0.295256
0.301504
0.398322
0.292504
0.220386
0.312697
0.291341
0.370109
0.449390
0.350651
0.196704
0.363433
0.410465
0.300159
0.298517
0.371748
0.440916
0.347045
0.342806
0.359988
0.380580
0.221584
0.339512
0.341046
0.322097
0.241594
0.260366
0.307511
0.257937
0.268717
0.304173
0.228948
0.353391
0.306362
0.327739
0.209608
0.329448
0.395165
0.275774
0.251512
0.296340
0.234445
0.307817
0.383202
0.287881
0.265822
0.257598
0.363603
0.239712
0.257580
0.348221
0.215305
0.393705
0.322890
0.257410
0.240891
0.328391
0.359226
0.253722
0.231378
0.369107
0.422372
0.281653
0.252118
0.407964
0.380891
0.383749
0.499001
0.380433
0.515044
0.465319
0.343636
0.385262
0.275754
0.396398
0.299944
0.277570
0.346519
0.262140
0.265942
0.373004
0.313466
0.266144
0.279573
0.242473
0.300260
0.326090
0.354727
0.375674
0.302869
0.302078
0.307290
0.298693
0.289858
0.234790
0.243110
0.240412
0.350040
0.344918
0.355190
0.243815
0.309886
0.214700
0.348008
0.434533
0.366298
0.279323
0.312573
0.353587
0.300079
0.334067
0.419246
0.296021
0.480552
0.318681
0.250806
0.252627
0.259186
0.358032
0.344661
0.364779
0.270545
0.419322
0.593274
0.534528
0.496879
0.422541
0.289178
0.298287
0.429110
0.381740
0.265949
0.445917
0.366156
0.394673
0.349038
0.246629
0.207101
0.486560
0.427127
0.268485
0.453836
0.412580
0.342116
0.447322
0.296180
0.388096
0.408186
0.446469
0.334996
0.442447
0.483129
0.651223
0.678095
0.560924
0.987781
0.645067
0.628434
0.836484
1.308548
1.086995
0.802084
1.138740
0.520568
0.527773
0.489470
0.506578
0.306685
0.483731
0.318479
0.477173
0.328630
0.265387
0.241031
0.346482
0.342970
0.406475
0.372707
0.344897
0.335513
0.313799
0.207824
0.262556
0.370888
0.293307
0.252196
0.322192
0.251579
0.268166
0.294022
0.321004
0.332061
0.324330
0.251646
0.279662
0.386331
0.261171
0.379812
0.327706
0.330657
0.525339
0.347370
0.446292
0.415196
0.315816
0.612782
0.347352
0.397194
0.640955
0.312470
0.349523
0.424405
0.261359
0.218578
0.232154
0.251413
0.290533
0.311076
0.326824
0.227288
0.377316
0.297463
0.276825
0.458497
0.259714
0.236039
0.313678
0.234827
0.348274
0.375391
0.466269
0.397033
0.303390
0.310586
0.340476
0.358051
0.267773
0.334389
0.280445
0.306627
0.456283
0.190859
0.399095
0.217256
0.348306
0.396449
0.676791
0.467188
0.391988
0.472389
0.360723
0.436735
0.411737
0.458832
0.619416
0.480374
0.394930
0.450614
0.558474
0.330784
0.231907
0.521567
0.389797
0.610008
0.466770
0.238489
0.407214
0.423798
0.478274
0.438970
0.534847
0.693525
0.409822
0.494012
0.670977
0.559125
0.836559
0.697248
0.547123
0.346237
0.360787
0.306021
0.407438
0.515556
0.725031
0.462620
0.574062
0.457278
0.498872
0.430711
0.253348
0.202550
0.242903
0.500583
0.443760
0.537103
0.367126
0.355304
0.300362
0.325436
0.375415
0.422466
0.507665
0.386905
0.386789
0.252157
0.428955
0.474062
0.382113
0.333869
0.450007
0.340629
0.406232
0.471045
0.661015
0.724665
0.401898
0.410710
0.451740
0.370208
0.244974
0.476910
0.418605
0.300698
0.307663
0.313023
0.204460
0.423345
0.497264
0.409812
0.312952
0.399390
0.373110
0.410803
0.288833
0.416724
0.344441
0.223820
0.340480
0.289120
0.454312
0.372115
0.448788
0.442159
0.258860
0.330169
0.375492
0.339626
0.636396
0.578424
0.533683
0.513611
0.550137
0.688073
0.759654
0.637442
0.475687
0.298419
0.411071
0.395701
0.384200
0.548669
0.803468
0.890216
0.829757
0.767396
1.075735
0.650502
0.522160
0.717603
0.304854
0.425667
0.458979
0.435117
0.306876
0.413224
0.360130
0.525083
0.450568
0.302950
0.387397
0.432755
0.535878
0.551869
0.538964
0.473676
0.427099
0.430265
0.360792
0.380406
0.179910
0.292673
0.242275
0.266810
0.286951
0.278448
0.322904
0.351203
0.401164
0.505076
0.497074
0.630764
0.695612
0.673732
0.377342
0.343099
0.343193
0.369492
0.326162
0.490174
0.438947
0.322859
0.582941
0.407626
0.289437
0.439899
0.311054
0.332437
0.499475
0.243791
0.360554
0.418033
0.719067
0.536473
0.826399
0.707665
0.596493
0.687870
0.364948
0.375880
0.320743
0.255492
0.247539
0.472481
0.268960
0.233397
0.225772
0.385237
0.274158
0.269291
0.409266
0.408103
0.335097
0.334125
0.400982
0.332016
0.365374
0.371507
0.528781
0.282538
0.295931
0.339276
0.295446
0.317752
0.313224
0.295991
0.203815
0.275023
0.361600
0.249682
0.366676
0.295665
0.254681
0.238567
0.257139
0.192435
0.204264
0.271056
0.283709
0.315435
0.333747
0.269247
0.383975
0.288359
0.285469
0.264374
0.301412
0.429275
0.382814
0.242248
0.289771
0.308311
0.295627
0.286206
0.335666
0.322136
0.260387
0.357240
0.333588
0.388381
0.256946
0.296677
0.214561
0.216532
0.298443
0.276654
0.326206
0.348726
0.359840
0.377557
0.389580
0.529707
0.387595
0.439203
0.505393
0.482796
0.412750
0.493803
0.446286
0.351095
0.339219
0.359113
0.306967
0.216870
0.394808
0.212468
0.434923
0.257780
0.442715
0.317217
0.370750
0.307119
0.294032
0.499229
0.374923
0.250885
0.298571
0.259970
0.247701
0.251819
0.303018
0.224851
0.329829
0.418566
0.273206
0.274140
0.230010
0.317340
0.294346
0.329970
0.288879
0.271684
0.227539
0.300100
0.400569
0.606656
