2.688208
2.620291
2.575740
2.681970
2.676176
2.583485
2.356508
2.408465
2.289391
2.283752
2.329455
2.199385
2.148106
2.165145
2.191972
2.057447
2.122399
1.986869
2.094084
2.241149
2.046460
1.882565
1.940614
1.989012
1.883361
1.946218
1.951648
1.853707
2.023679
1.832711
1.923710
2.012221
1.974176
1.962138
2.114386
1.908003
1.801741
1.942531
1.893348
1.937494
1.818445
1.827030
1.896969
1.813064
1.929021
1.862128
1.844455
1.932287
1.801856
1.749816
1.836369
1.950751
1.721591
1.818139
1.821543
1.768250
1.911490
1.707303
1.728493
1.839517
1.810351
1.793516
1.739263
1.839859
1.728143
1.815970
1.752932
1.669358
1.661468
1.794985
1.805686
1.718903
1.737475
1.625720
1.713199
1.842984
1.818550
1.633436
1.583313
1.805962
1.772377
1.724580
1.808198
1.686240
1.692324
1.717390
1.787591
1.632483
1.605872
1.713549
1.711788
1.634952
1.561102
1.593603
1.524457
1.601118
1.473424
1.614113
1.557355
1.629267
1.633558
1.580713
1.588786
1.641942
1.607073
1.666830
1.635108
1.652956
1.668746
1.420077
1.513659
1.585677
1.621480
1.458844
1.440734
1.674536
1.597202
1.609757
1.552210
1.739395
1.479423
1.561442
1.471811
1.637883
1.546298
1.469178
1.469757
1.493640
1.469788
1.456193
1.480282
1.593547
1.426724
1.463763
1.528301
1.480512
1.476830
1.546266
1.593360
1.379539
1.416872
1.348869
1.408268
1.472888
1.478099
1.457784
1.484511
1.394450
1.357434
1.456700
1.423992
1.427201
1.357803
1.398833
1.423019
1.419266
1.325651
1.398550
1.351998
1.454733
1.392535
1.530906
1.413762
1.395317
1.456795
1.366480
1.425328
1.320155
1.286678
1.472257
1.406685
1.455959
1.329522
1.442680
1.505880
1.392039
1.384511
1.332814
1.395385
1.460991
1.388976
1.392463
1.349210
1.344865
1.247583
1.312723
1.344545
1.321224
1.335799
1.229570
1.247120
1.329542
1.402618
1.400495
1.369515
1.393381
1.305181
1.289804
1.281651
1.338086
1.349750
1.371459
1.383322
1.239494
1.297761
1.382992
1.344237
1.285586
1.272101
1.307159
1.265834
1.289068
1.240155
1.345062
1.284307
1.322678
1.312349
1.219511
1.277609
1.328716
1.197977
1.273536
1.314602
1.220098
1.299228
1.294889
1.185722
1.239674
1.209598
1.224430
1.278134
1.254427
1.266074
1.210976
1.212880
1.225927
1.238597
1.209763
1.314778
1.189224
1.220856
1.211765
1.239693
1.100092
1.125263
1.177192
1.197008
1.141279
1.167964
1.208285
1.186783
1.249046
1.234085
1.203684
1.234177
1.193069
1.277670
1.255728
1.079651
1.130426
1.257673
1.202541
1.253113
1.083949
1.146430
1.146036
1.240312
1.087630
1.165306
1.136187
1.134016
1.104563
1.165576
1.183043
1.096942
1.083058
1.181498
1.288516
1.204253
1.153461
1.192278
1.212523
1.114080
1.220047
1.081029
1.229755
1.112636
1.151747
1.147965
1.248848
1.191106
1.138499
1.228223
1.208716
1.121481
1.112782
1.094023
1.053549
1.114112
1.114884
1.120112
1.188130
1.158303
1.201025
1.116335
1.246440
1.182171
1.087824
1.183793
1.225720
1.223044
1.080769
1.161247
1.056263
1.071249
1.188949
1.124621
1.142498
1.089909
1.119969
1.073483
1.082963
1.042570
1.106038
1.050382
1.109441
1.060823
1.162709
1.030000
1.040289
1.044396
1.010683
1.125648
1.094578
1.064775
1.077285
1.013379
1.100388
1.114738
1.164008
1.245204
1.078327
1.126930
1.074512
1.121725
1.037009
1.104783
1.154260
1.130913
1.166700
1.161573
1.015329
1.148530
1.204878
1.020100
0.944596
1.191753
1.063605
1.216598
1.045177
1.047906
1.060632
1.005934
1.042596
1.149226
1.031380
1.112213
1.077225
1.129367
1.055959
1.119847
1.129416
1.105318
1.043215
0.976911
1.025022
1.130643
0.999528
1.136514
1.013065
1.010185
1.061104
1.063491
1.022380
1.004777
1.055227
1.016224
0.931608
1.006473
0.999069
0.981263
1.058392
0.994555
0.976201
0.965073
1.030496
0.975660
1.032127
1.089245
1.048693
1.059494
0.954734
0.999031
1.013941
1.080035
1.000789
1.020868
0.974739
0.986491
0.907557
0.947662
1.065617
0.935111
1.046216
0.947078
1.022024
0.926121
1.034393
0.929859
0.966010
0.965707
1.009656
1.053561
1.008763
0.955038
1.024291
0.970225
1.019077
1.033581
1.045197
1.042229
0.955120
0.991726
1.021333
0.937353
0.987967
1.017282
0.969467
1.024232
0.999314
1.011615
0.993561
0.999626
0.979617
0.939046
0.975258
0.895230
0.960943
1.027909
0.909659
0.992767
0.899888
0.948582
0.942973
0.976586
0.958081
0.920230
0.884002
0.875650
1.006887
0.953894
1.015414
0.958903
0.886663
0.922124
0.957731
0.904031
0.942821
0.962951
0.902520
1.090306
0.959429
0.921560
0.910367
0.967363
0.924263
0.981105
0.919008
0.996615
0.985126
0.985400
0.970596
0.954883
1.005136
0.955401
0.843148
1.021346
0.910530
0.957142
0.956284
1.008357
0.979953
0.956543
0.965667
0.975923
1.005377
0.841482
1.023566
1.017496
0.908204
0.906624
0.964641
0.930888
0.899610
0.876838
0.926662
0.901412
0.919253
0.936811
0.904188
0.836906
0.798693
0.940931
0.929427
0.895164
0.906425
0.912467
0.967151
0.873427
0.935631
0.896877
0.976077
1.041530
0.983841
1.037191
0.898898
0.898442
0.918046
0.890582
0.910167
0.884351
0.926243
0.947260
0.966243
0.882073
0.883812
0.829780
0.911848
0.976921
0.949328
0.890220
0.871090
0.981693
0.948332
0.883954
0.887686
0.876401
0.842398
0.955162
0.940294
0.927073
0.838044
0.859594
0.873052
0.900383
0.846411
0.866372
0.894701
0.839056
0.914995
0.904475
0.883183
0.883308
0.863710
0.943737
0.821928
0.970029
0.841782
0.859253
0.843581
0.855215
0.877790
0.888302
0.856892
0.831065
0.846469
0.823867
0.838830
0.872385
0.898162
0.922422
0.800954
0.863003
0.800124
0.898610
0.857220
0.808447
0.836774
0.828949
0.829143
0.907111
0.901610
0.950870
0.804959
0.832554
0.851428
0.840992
0.837782
0.824830
0.848768
0.810358
0.766673
0.879865
0.836346
0.837462
0.778708
0.843200
0.869465
0.896386
0.786936
0.830806
0.874511
0.892012
0.816796
0.787129
0.866116
0.835316
0.758893
0.878617
0.838660
0.950601
0.865525
0.820358
0.816590
0.849052
0.877575
0.861257
0.820418
0.890116
0.796378
0.824606
0.823701
0.834832
0.816175
0.830957
0.869644
0.882166
0.889857
0.866371
0.845125
0.859198
0.890776
0.786565
0.780750
0.888659
0.879944
0.905995
0.842372
0.834817
0.964590
0.856501
0.837038
0.859675
0.762295
0.844883
0.840171
0.801631
0.801745
0.813000
0.925743
0.794956
0.822664
0.793959
0.844161
0.818247
0.866666
0.852626
0.911744
0.839071
0.807920
0.881665
0.854133
0.781451
0.787452
0.849304
0.792710
0.862004
0.797964
0.809987
0.779209
0.814950
0.875995
0.815880
0.810265
0.805007
0.797107
0.839162
0.856459
0.809948
0.786847
0.890966
0.874055
0.825328
0.834399
0.834993
0.710954
0.738812
0.836101
0.795264
0.834949
0.771825
0.860274
0.786539
0.760321
0.783748
0.799402
0.811721
0.802618
0.748485
0.772391
0.729871
0.826762
0.814768
0.802842
0.826556
0.727887
0.776417
0.814003
0.795859
0.751985
0.798475
0.737497
0.765028
0.816559
0.811075
0.811457
0.795013
0.797475
0.809804
0.797191
0.827592
0.748752
0.785093
0.748737
0.852244
0.736868
0.911633
0.778265
0.813186
0.771924
0.785429
0.796839
0.777916
0.766664
0.726406
0.669082
0.826080
0.800622
0.723386
0.777969
0.762275
0.799703
0.799944
0.787270
0.779539
0.815855
0.748607
0.805708
0.752900
0.828089
0.844010
0.759367
0.774090
0.743544
0.748151
0.772121
0.788011
0.710612
0.818319
0.834612
0.793074
0.726719
0.728577
0.774658
0.799615
0.935404
0.687836
0.828430
0.732068
0.752916
0.945943
0.701322
0.727651
0.753867
0.825200
0.771091
0.788445
0.716563
0.783494
0.854719
0.786115
0.711651
0.769136
0.695542
0.730133
0.764105
0.728419
0.790467
0.739935
0.792061
0.774315
0.767711
0.800756
0.756760
0.753107
0.782277
0.709927
0.759302
0.774644
0.743113
0.699326
0.763747
0.721906
0.712832
0.711489
0.715189
0.705124
0.731202
0.755035
0.655616
0.761325
0.788959
0.737178
0.763496
0.734217
0.825555
0.771540
0.730438
0.726665
0.732141
0.802764
0.707493
0.746096
0.712917
0.768143
0.783623
0.779655
0.750813
0.722385
0.758890
0.716826
0.723189
0.719508
0.798579
0.822110
0.766315
0.696214
0.754395
0.741717
0.682364
0.688214
0.724039
0.823695
0.830767
0.724457
0.782795
0.756163
0.745857
0.815058
0.770575
0.792640
0.700511
0.690915
0.696166
0.728792
0.753138
0.734199
0.748041
0.767910
0.827322
0.717070
0.679701
0.816742
0.684435
0.758234
0.704992
0.711228
0.735344
0.770873
0.700107
0.741156
0.703014
0.716612
0.639234
0.673613
0.744696
0.745107
0.767005
0.706654
0.724844
0.628753
0.729183
0.741440
0.812113
0.678545
0.736246
0.737361
0.730165
0.725124
0.702243
0.694294
0.653825
0.821489
0.722937
0.683179
0.723831
0.737145
0.666275
0.670453
0.808816
0.758332
0.730476
0.743042
0.795546
0.756255
0.745268
0.723808
0.750073
0.724211
0.706285
0.721742
0.710132
0.657865
0.710728
0.776586
0.645010
0.758779
0.693332
0.630280
0.680841
0.686669
0.748937
0.647874
0.695161
0.653113
0.649349
0.767444
0.685375
0.669654
0.673002
0.764599
0.695345
0.678274
0.703451
0.697456
0.669807
0.663994
0.717531
0.689536
0.711824
0.674833
0.655250
0.713894
0.689570
0.746886
0.681551
0.695190
0.644481
0.700602
0.773740
0.671323
0.665899
0.796773
0.692161
0.712666
0.706202
0.690277
0.713270
0.724165
0.785211
0.719215
0.720769
0.688722
0.726279
0.650609
0.694142
0.627357
0.716515
0.672657
0.734152
0.707683
0.751283
0.775470
0.705524
0.727367
0.693439
0.656700
0.671789
0.683404
0.671395
0.757690
0.725053
0.682615
0.732085
0.621837
0.807963
0.695620
0.694921
0.663541
0.685610
0.680304
0.672132
0.629513
0.740698
0.686158
0.644611
0.636808
0.690779
0.643261
0.674224
0.714194
0.685946
0.636577
0.681062
0.673681
0.645604
0.671111
0.662815
0.676023
0.646740
0.695014
0.651811
0.602315
0.655370
0.672623
0.669949
0.725679
0.672921
0.695481
0.678147
0.671382
0.638781
0.653268
0.712311
0.659011
0.703779
0.681926
0.601327
0.731346
0.744749
0.655947
0.716217
0.744053
0.691708
0.655298
0.747864
0.696238
0.579276
0.712420
0.680770
0.718180
0.671908
0.690956
0.711637
0.650870
0.658587
0.637554
0.727975
0.696628
0.695358
0.705465
0.730407
0.623496
0.722808
0.718385
0.683157
0.639514
0.622995
0.613253
0.681103
0.660437
0.652970
0.684437
0.591657
0.680041
0.639483
0.685941
0.608552
0.706118
0.664163
0.640668
0.601660
0.653285
0.674939
0.671387
0.578746
0.647216
0.638661
0.677856
0.626535
0.647371
0.676226
0.635393
0.701099
0.628939
0.667209
0.672530
0.632300
0.673328
0.659846
0.663054
0.645263
0.603470
0.668892
0.667043
0.622583
0.640762
0.677636
0.706045
0.670695
0.628377
0.724213
0.615194
0.685654
0.713162
0.765125
0.679969
0.622435
0.809785
0.581729
0.639842
0.692772
0.646684
0.717621
0.684024
0.712423
0.640857
0.628994
0.586589
0.690940
0.685503
0.665622
0.624801
0.628218
0.621068
0.637782
0.660901
0.709040
0.638349
0.627162
0.653749
0.595048
0.589909
0.688764
0.635476
0.593068
0.643201
0.635605
0.623347
0.620610
0.622255
0.640048
0.645954
0.648721
0.685152
0.616361
0.631914
0.658940
0.645058
0.667732
0.593159
0.605221
0.643256
0.592130
0.640664
0.652973
0.565755
0.660433
0.633798
0.604348
0.621986
0.629916
0.688394
0.633387
0.625861
0.680948
0.626687
0.598449
0.626324
0.647989
0.662192
0.577928
0.595046
0.630481
0.614117
0.607625
0.618487
0.602256
0.576608
0.649403
0.649939
0.675624
0.558697
0.570865
0.624181
0.667509
0.658309
0.601938
0.624391
0.608363
0.598469
0.559424
0.573222
0.695970
0.624460
0.687462
0.597214
0.594714
0.644289
0.607242
0.688116
0.625450
0.555362
0.623355
0.686401
0.600632
0.602497
0.633495
0.575160
0.623679
0.651864
0.605805
0.704976
0.617909
0.638281
0.598396
0.612190
0.591910
0.606261
0.636577
0.645468
0.617979
0.624035
0.588975
0.621741
0.641823
0.663261
0.583248
0.610048
0.604283
0.577032
0.597454
0.565683
0.576963
0.703509
0.586834
0.678927
0.601231
0.603577
0.651107
0.593461
0.595561
0.652034
0.590238
0.600487
0.613814
0.672902
0.585503
0.669689
0.613331
0.600915
0.551030
0.570114
0.617788
0.573847
0.547504
0.629805
0.589814
0.576063
0.552084
0.576408
0.634092
0.682196
0.606524
0.556005
0.596342
0.550444
0.566688
0.560065
0.583757
0.612558
0.519827
0.550311
0.678345
0.619633
0.533092
0.628681
0.579350
0.600765
0.550955
0.515415
0.623862
0.604556
0.631411
0.639776
0.621430
0.619303
0.622610
0.566410
0.641258
0.631498
0.599429
0.564283
0.741897
0.603409
0.650768
0.583881
0.552626
0.570777
0.578510
0.594388
0.618577
0.605829
0.580957
0.619294
0.578801
0.624719
0.578773
0.592952
0.559987
0.605736
0.537100
0.544280
0.631279
0.574753
0.623233
0.652303
0.591313
0.539518
0.512403
0.670485
0.569687
0.522962
0.618411
0.624444
0.542410
0.634254
0.566977
0.598141
0.576929
0.614340
0.613089
0.613350
0.566572
0.674981
0.577488
0.599975
0.503046
0.609837
0.611858
0.614197
0.625818
0.566074
0.612151
0.710967
0.642463
0.607005
0.722264
0.594309
0.667220
0.631537
0.554142
0.550937
0.509465
0.590919
0.559040
0.541206
0.601570
0.570892
0.604306
0.631072
0.576325
0.542241
0.567159
0.504196
0.540522
0.596629
0.664713
0.562876
0.529918
0.564580
0.622270
0.638266
0.643555
0.593769
0.518348
0.616613
0.589369
0.620049
0.666632
0.511647
0.581564
0.606584
0.555366
0.557336
0.531085
0.575561
0.595037
0.596231
0.628578
0.549216
0.581698
0.576721
0.571319
0.564130
0.549351
0.562465
0.540890
0.601994
0.589225
0.500134
0.673751
0.682765
0.524520
0.549312
0.587200
0.668038
0.613620
0.590674
0.579778
0.535193
0.500232
0.598144
0.539586
0.578648
0.599420
0.571703
0.585531
0.556570
0.631708
0.574536
0.501233
0.591925
0.513353
0.602341
0.542387
0.597561
0.576831
0.592505
0.633307
0.593710
0.602638
0.636968
0.546685
0.512752
0.600682
0.638956
0.570509
0.631721
0.636235
0.668707
0.590231
0.618931
0.528411
0.633579
0.563006
0.626451
0.566742
0.587278
0.555796
0.549083
0.572239
0.504976
0.585288
0.704527
0.585235
0.553108
0.592382
0.539256
0.562247
0.621718
0.563266
0.583961
0.546180
0.559441
0.536653
0.543525
0.551090
0.575200
0.550620
0.510195
0.566349
0.562027
0.552115
0.550483
0.568079
0.560311
0.560395
0.572243
0.626907
0.545241
0.548005
0.498589
0.547786
0.621342
0.576089
0.590794
0.561973
0.605237
0.585558
0.605432
0.597520
0.602450
0.563084
0.573874
0.594495
0.595763
0.625389
0.554715
0.517586
0.534510
0.492469
0.503956
0.550030
0.576480
0.522854
0.554378
0.564686
0.542162
0.539633
0.534995
0.582195
0.619709
0.544792
0.596531
0.543202
0.557324
0.570542
0.573950
0.510069
0.550907
0.544358
0.539105
0.496278
0.587409
0.600819
0.531951
0.569240
0.554177
0.589612
0.581746
0.518188
0.520689
0.581870
0.571893
0.591893
0.640041
0.503719
0.594817
0.552067
0.549109
0.558197
0.664098
0.531167
0.510363
0.519373
0.574703
0.506034
0.579236
0.472674
0.529961
0.530312
0.512472
0.565811
0.540484
0.516489
0.486918
0.546548
0.579019
0.469451
0.546236
0.576549
0.526071
0.537391
0.531846
0.578975
0.562281
0.548697
0.580998
0.561669
0.567107
0.528696
0.596085
0.574295
0.487297
0.493254
0.515614
0.560700
0.483026
0.608498
0.544845
0.503359
0.570914
0.547084
0.504123
0.493913
0.518337
0.467796
0.567671
0.551701
0.534913
0.519282
0.505477
0.543098
0.551487
0.502929
0.531472
0.577856
0.546156
0.541263
0.550561
0.515531
0.609563
0.517125
0.528380
0.588477
0.515159
0.522341
0.514696
0.554864
0.563191
0.598163
0.525899
0.541595
0.502680
0.532617
0.584367
0.524719
0.535670
0.531043
0.500068
0.554985
0.468425
0.518799
0.563693
0.518776
0.533246
0.538777
0.484868
0.504880
0.607962
0.538213
0.503937
0.579892
0.544753
0.586099
0.526011
0.536921
0.526346
0.466186
0.536861
0.534349
0.518469
0.559157
0.548237
0.517447
0.521332
0.550052
0.499025
0.578578
0.546028
0.557584
0.464885
0.520397
0.483533
0.514907
0.547906
0.504183
0.552130
0.480563
0.515202
0.501253
0.453312
0.483839
0.558858
0.516813
0.492777
0.438080
0.538909
0.577085
0.482811
0.509643
0.481964
0.488769
0.513799
0.516969
0.542609
0.521755
0.592079
0.549394
0.504311
0.568350
0.457688
0.557456
0.487151
0.493061
0.500228
0.525081
0.579100
0.502238
0.519111
0.603835
0.514949
0.502639
0.559292
0.554281
0.505096
0.503056
0.505331
0.584697
0.506707
0.480299
0.529406
0.552420
0.530503
0.492125
0.546227
0.581033
0.552104
0.509297
0.515553
0.491234
0.539281
0.533322
0.454236
0.505731
0.540626
0.507600
0.511827
0.488474
0.559481
0.531575
0.510810
0.528249
0.478883
0.539859
0.502503
0.516304
0.523358
0.526001
0.494981
0.526044
0.560251
0.519422
0.548299
0.554721
0.432541
0.440966
0.568487
0.459628
0.479234
0.508769
0.434916
0.500544
0.560116
0.561913
0.618628
0.566439
0.498641
0.495826
0.518287
0.497098
0.475539
0.516757
0.547877
0.515879
0.518157
0.492659
0.517246
0.526254
0.520332
0.501890
0.499941
0.454345
0.516394
0.450154
0.524295
0.504398
0.543173
0.489976
0.470456
0.473377
0.560156
0.491926
0.485352
0.527464
0.433864
0.523332
0.496446
0.477841
0.478786
0.507630
0.467707
0.469089
0.511993
0.529328
0.515884
0.530436
0.535530
0.651185
0.451020
0.516622
0.488294
0.509597
0.494278
0.511141
0.563484
0.554411
0.551410
0.467203
0.504030
0.501752
0.479412
0.540498
0.485856
0.443331
0.439910
0.560959
0.468971
0.603038
0.578570
0.556373
0.543641
0.469096
0.469526
0.478996
0.569439
0.504656
0.488062
0.530797
0.512951
0.538927
0.494937
0.476380
0.548991
0.551756
0.537372
0.515664
0.524621
0.553282
0.478349
0.548733
0.516274
0.534207
0.508666
0.465129
0.503157
0.543150
0.509842
0.480808
0.466957
0.537367
0.492762
0.535142
0.473912
0.472661
0.510912
0.532583
0.517893
0.505182
0.550519
0.497327
0.515228
0.590268
0.525558
0.481359
0.457953
0.464109
0.490523
0.531174
0.489399
0.497246
0.491558
0.445328
0.502667
0.435814
0.453270
0.530629
0.472548
0.488541
0.546968
0.503921
0.414974
0.448967
0.468560
0.490634
0.474126
0.466951
0.519004
0.547738
0.476752
0.540482
0.467546
0.508379
0.460456
0.577122
0.489315
0.510029
0.557271
0.479321
0.518603
0.451188
0.548687
0.584016
0.513083
0.491858
0.485993
0.506211
0.440401
0.493713
0.539429
0.507636
0.480934
0.463025
0.501278
0.468214
0.542604
0.446571
0.460098
0.561800
0.526137
0.445194
0.492100
0.493319
0.456952
0.477609
0.481844
0.433728
0.553615
0.507738
0.451406
0.542342
0.525986
0.444746
0.504712
0.499198
0.479848
0.473734
0.464141
0.443464
0.453295
0.514282
0.492835
0.517698
0.520496
0.506006
0.567132
0.486435
0.481387
0.464507
0.476478
0.473099
0.496637
0.490675
0.507050
0.455983
0.467194
0.476223
0.460783
0.438545
0.459281
0.420546
0.508307
0.455188
0.474894
0.437099
0.479292
0.454286
0.501149
0.435963
0.404785
0.480135
0.506375
0.494237
0.444704
0.409122
0.464740
0.441872
0.503323
0.483081
0.430174
0.429981
0.471603
0.477250
0.436138
0.491716
0.470666
0.494442
0.509152
0.479155
0.450967
0.439270
0.459582
0.482305
0.440071
0.587994
0.511152
0.490116
0.434131
0.465008
0.431384
0.477631
0.464149
0.464582
0.515371
0.420520
0.536282
0.463968
0.516818
0.472002
0.445253
0.436707
0.436199
0.446863
0.499210
0.473256
0.406018
0.480095
0.486624
0.428330
0.510634
0.491443
0.461703
0.470124
0.458345
0.533634
0.460500
0.477571
0.478335
0.446287
0.412689
0.465843
0.421450
0.419112
0.405467
0.407321
0.529606
0.421809
0.416973
0.487358
0.467087
0.394333
0.501921
0.447050
0.482271
0.491322
0.438794
0.473488
0.470923
0.436186
0.453298
0.456430
0.522918
0.428176
0.473311
0.483737
0.453101
0.439320
0.449393
0.440696
0.416280
0.503899
0.475838
0.429976
0.504700
0.485330
0.454571
0.490543
0.498406
0.494884
0.459968
0.451507
0.497823
0.417563
0.465423
0.467462
0.455159
0.434072
0.463590
0.497702
0.464473
0.472600
0.444446
0.435142
0.397616
0.438971
0.460946
0.435860
0.460392
0.456902
0.441363
0.425500
0.478310
0.455424
0.473971
0.422762
0.429169
0.483744
0.572721
0.486167
0.471370
0.538248
0.470871
0.391896
0.406683
0.477175
0.458925
0.475568
0.454019
0.496292
0.453918
0.562444
0.488303
0.458266
0.487240
0.462950
0.474986
0.503767
0.518698
0.522877
0.424163
0.479357
0.397509
0.419732
0.462248
0.461133
0.467091
0.475870
0.547179
0.493188
0.458332
0.452093
0.492069
0.471628
0.480920
0.439736
0.452422
0.455305
0.450591
0.443745
0.460266
0.486287
0.446508
0.472626
0.394506
0.432583
0.475359
0.470575
0.449127
0.427867
0.480794
0.489089
0.536256
0.516725
0.477324
0.497873
0.487496
0.493216
0.507637
0.455112
0.431313
0.444261
0.488665
0.412385
0.388733
0.473990
0.421892
0.455527
0.451676
0.467011
0.520734
0.474560
0.503496
0.471121
0.464953
0.480651
0.495061
0.414275
0.416396
0.461254
0.511646
0.440997
0.442802
0.468183
0.442708
0.374215
0.439765
0.451103
0.445307
0.461633
0.418773
0.425955
0.476598
0.453436
0.441073
0.469632
0.481067
0.413309
0.431965
0.467362
0.450868
0.475311
0.454410
0.458950
0.409629
0.534338
0.510045
0.453097
0.438473
0.433201
0.473827
0.515180
0.489242
0.440128
0.417807
0.447753
0.461354
0.513154
0.444745
0.530261
0.483711
0.449781
0.418723
0.481818
0.400150
0.450560
0.491826
0.566690
0.404532
0.486715
0.403723
0.415506
0.522225
0.468279
0.467888
0.446564
0.452419
0.450171
0.454007
0.411248
0.477617
0.436204
0.540000
0.400668
0.459216
0.438032
0.436572
0.487670
0.437720
0.458303
0.490799
0.424949
0.473653
0.430536
0.448984
0.462650
0.461513
0.442641
0.434309
0.453325
0.449371
0.425100
0.424410
0.483486
0.480587
0.554987
0.499568
0.458235
0.467760
0.475468
0.457434
0.526672
0.409325
0.512682
0.457838
0.457839
0.438706
0.447128
0.416568
0.435030
0.411110
0.440965
0.461662
0.396662
0.493317
0.548967
0.458717
0.442955
0.451252
0.451710
0.444085
0.438186
0.439870
0.457551
0.512604
0.437939
0.424811
0.413911
0.436950
0.454861
0.433479
0.454994
0.421823
0.434300
0.416460
0.401534
0.409015
0.358065
0.461826
0.429057
0.464883
0.440799
0.438939
0.402121
0.490975
0.439825
0.452288
0.511195
0.479952
0.492203
0.457222
0.406728
0.425865
0.475631
0.447792
0.479719
0.413965
0.475501
0.469256
0.503598
0.412055
0.454168
0.410535
0.438733
0.435381
0.447636
0.437602
0.412995
0.448424
0.412644
0.438025
0.514134
0.455877
0.493613
0.457997
0.429516
0.460247
0.478693
0.412459
0.414517
0.415494
0.505362
0.480825
0.444542
0.410077
0.444525
0.410648
0.405036
0.487964
0.468517
0.439131
0.433495
0.447746
0.401923
0.478295
0.400931
0.449636
0.469988
0.463670
0.453074
0.457646
0.504055
0.401529
0.496729
0.377299
0.422464
0.437523
0.435959
0.514431
0.484626
0.471721
0.443347
0.466617
0.480566
0.411770
0.441710
0.484282
0.483971
0.471589
0.459429
0.414018
0.393534
0.467850
0.460070
0.450913
0.459028
0.451448
0.441723
0.444683
0.482168
0.412088
0.484283
0.429086
0.417785
0.452681
0.395206
0.437801
0.418942
0.401755
0.390687
0.450436
0.385112
0.433006
0.414626
0.476045
0.495862
0.478885
0.399511
0.443005
0.389142
0.398833
0.470371
0.388729
0.436643
0.470008
0.433084
0.369795
0.386919
0.395890
0.497195
0.378844
0.418970
0.400434
0.427132
0.424217
0.450462
0.382572
0.405179
0.443937
0.434977
0.406994
0.436050
0.385478
0.426176
0.406503
0.426152
0.453684
0.427732
0.461725
0.396632
0.427600
0.472518
0.456232
0.433860
0.350833
0.398305
0.432113
0.413821
0.434279
0.411420
0.426445
0.401069
0.425566
0.357571
0.404809
0.407886
0.413818
0.431948
0.410215
0.458428
0.400987
0.461653
0.413682
0.502413
0.444433
0.387997
0.408357
0.450592
0.440520
0.449840
0.420003
0.447123
0.459172
0.450401
0.401148
0.437898
0.447588
0.488580
0.429455
0.421625
0.424886
0.418954
0.398316
0.415817
0.384743
0.436163
0.467964
0.427234
0.384314
0.400421
0.416903
0.403259
0.417499
0.434981
0.395161
0.362163
0.473740
0.462061
0.408491
0.441692
0.460596
0.435682
0.476845
0.424051
0.428611
0.517091
0.465643
0.445048
0.458050
0.436329
0.430296
0.403129
0.418308
0.381606
0.380650
0.380194
0.433026
0.403700
0.429120
0.364492
0.421327
0.386606
0.400922
0.382629
0.360462
0.444150
0.418126
0.421208
0.370642
0.438494
0.397065
0.367964
0.424700
0.427264
0.358416
0.438624
0.396471
0.439245
0.396129
0.476952
0.415652
0.405222
0.440207
0.478530
0.390526
0.468803
0.393602
0.423310
0.378950
0.382420
0.403882
0.417977
0.410592
0.388841
0.366891
0.433101
0.438370
0.409816
0.365436
0.425133
0.446072
0.389521
0.457281
0.384734
0.432353
0.415123
0.406597
0.393367
0.416322
0.435862
0.424955
0.349706
0.409054
0.432080
0.393229
0.403670
0.393662
0.453725
0.458041
0.465187
0.439639
0.446254
0.408271
0.378772
0.426363
0.395711
0.395200
0.426500
0.395990
0.435102
0.362877
0.415975
0.405245
0.412724
0.420070
0.383345
0.384052
0.393747
0.394588
0.422724
0.454580
0.383817
0.422323
0.370132
0.406504
0.397629
0.429367
0.459270
0.457189
0.376577
0.445978
0.428087
0.406827
0.431101
0.395051
0.358461
0.397362
0.441426
0.461874
0.407732
0.398968
0.484447
0.366070
0.398539
0.412429
0.393447
0.399291
0.420886
0.398950
0.452917
0.379053
0.413847
0.396439
0.403558
0.442218
0.423921
0.439499
0.430965
0.449275
0.371635
0.392264
0.467924
0.466067
0.381844
0.395490
0.362013
0.372872
0.378605
0.434871
0.430666
0.362044
0.362277
0.401303
0.439734
0.437871
0.402935
0.452983
0.394471
0.355866
0.407203
0.451706
0.419198
0.425336
0.457292
0.420235
0.398959
0.414979
0.455491
0.402395
0.387261
0.468197
0.412273
0.406481
0.451335
0.426185
0.440026
0.430842
0.471493
0.459401
0.382154
0.416240
0.399427
0.442985
0.392938
0.379477
0.443300
0.416125
0.412519
0.370900
0.399662
0.450000
0.424054
0.388839
0.403147
0.356606
0.459571
0.486975
0.404140
0.345219
0.396096
0.394302
0.387459
0.400361
0.403435
0.370412
0.454208
0.347321
0.404098
0.365761
0.455088
0.403913
0.377357
0.452942
0.405291
0.445075
0.405036
0.478688
0.386703
0.383686
0.339849
0.382534
0.403102
0.395103
0.357270
0.397939
0.396363
0.424367
0.426480
0.467134
0.422398
0.358040
0.353875
0.387504
0.422164
0.445851
0.338713
0.378888
0.407193
0.443102
0.391552
0.391186
0.458048
0.435112
0.461965
0.414106
0.396122
0.405509
0.468007
0.455392
0.407789
0.370533
0.372422
0.435023
0.424054
0.440354
0.423739
0.395052
0.422700
0.433872
0.420116
0.399533
0.396132
0.433710
0.392347
0.452456
0.407950
0.333474
0.391791
0.401570
0.433705
0.376140
0.367610
0.364343
0.460659
0.432481
0.424984
0.466445
0.441631
0.410454
0.444771
0.451698
0.369790
0.463976
0.459930
0.420840
0.466411
0.407775
0.367334
0.457286
0.439485
0.445016
0.437147
0.415310
0.359302
0.407046
0.551130
0.458694
0.413599
0.396329
0.407013
0.407578
0.398458
0.338446
0.385858
0.434625
0.391294
0.408576
0.397045
0.409348
0.386956
0.428341
0.361273
0.457028
0.409653
0.397631
0.401600
0.373088
0.422038
0.366545
0.367104
0.444005
0.377722
0.405123
0.355535
0.347982
0.432981
0.376304
0.400462
0.372106
0.464481
0.382372
0.432473
0.452508
0.363490
0.413045
0.394829
0.424934
0.452655
0.445581
0.400519
0.334457
0.380793
0.449371
0.378382
0.420583
0.394195
0.390462
0.373348
0.386184
0.353756
0.412388
0.424093
0.371493
0.402815
0.427381
0.438393
0.379203
0.405676
0.353576
0.394750
0.389437
0.383189
0.392904
0.450887
0.399925
0.372964
0.407360
0.439778
0.351319
0.431501
0.372429
0.433241
0.396823
0.355108
0.374179
0.416680
0.431035
0.471644
0.359589
0.372257
0.383501
0.450597
0.393029
0.400081
0.451099
0.454867
0.382162
0.390860
0.394713
0.376260
0.420094
0.338403
0.375894
0.410019
0.418302
0.396268
0.386706
0.417353
0.419810
0.393178
0.404269
0.367021
0.330315
0.411705
0.408597
0.459027
0.342298
0.353530
0.368742
0.424999
0.416611
0.383125
0.357839
0.382592
0.340921
0.401023
0.374305
0.387076
0.362921
0.404132
0.408942
0.375048
0.490659
0.388082
0.395725
0.424213
0.400180
0.385240
0.334127
0.428863
0.389108
0.408297
0.370973
0.376129
0.386772
0.366239
0.371730
0.337833
0.425745
0.391527
0.372491
0.393139
0.379612
0.410162
0.346569
0.447391
0.367555
0.375591
0.420171
0.426338
0.356654
0.363370
0.416646
0.403810
0.419835
0.417458
0.372738
0.379586
0.401260
0.360595
0.343879
0.350729
0.355898
0.377659
0.389750
0.391450
0.342154
0.420622
0.333697
0.362704
0.380325
0.400421
0.425909
0.411409
0.385410
0.437099
0.404250
0.353333
0.394063
0.391121
0.445272
0.414680
0.429211
0.435100
0.367129
0.360001
0.484518
0.411457
0.353443
0.358880
0.381163
0.377476
0.378645
0.353108
0.389899
0.358244
0.370522
0.385315
0.349136
0.409734
0.421497
0.386494
0.384685
0.381013
0.356230
0.380552
0.371534
0.359438
0.393453
0.369217
0.415028
0.347593
0.429857
0.361360
0.400381
0.418572
0.355295
0.364643
0.441431
0.336340
0.504895
0.372473
0.417390
0.435734
0.420717
0.396973
0.374623
0.341168
0.371246
0.423656
0.352690
0.415281
0.375859
0.366804
0.425205
0.382945
0.351306
0.393317
0.441945
0.355752
0.362738
0.353277
0.376419
0.430492
0.384349
0.451060
0.386545
0.364619
0.319910
0.333773
0.377230
0.362059
0.324027
0.354727
0.403590
0.402320
0.388260
0.375419
0.362596
0.392603
0.357771
0.401327
0.371774
0.402572
0.411579
0.383874
0.360427
0.378468
0.372170
0.387954
0.356468
0.359664
0.401092
0.433949
0.379551
0.393610
0.364119
0.333186
0.361362
0.379660
0.412705
0.455725
0.386710
0.393910
0.378423
0.400192
0.384567
0.307774
0.384978
0.367112
0.377564
0.355518
0.357536
0.409081
0.333287
0.361308
0.363889
0.370248
0.359720
0.397168
0.396754
0.349296
0.412966
0.334296
0.354277
0.348571
0.442291
0.321866
0.347464
0.367681
0.386743
0.349107
0.319648
0.380127
0.284081
0.339250
0.384190
0.346374
0.383853
0.367970
0.372432
0.485497
0.428000
0.414398
0.371479
0.447992
0.379533
0.389621
0.373691
0.369009
0.389181
0.369390
0.419333
0.501793
0.355620
0.328182
0.382864
0.439240
0.409571
0.347022
0.363480
0.359980
0.413136
0.363830
0.380472
0.386413
0.343020
0.400443
0.331311
0.402003
0.387838
0.487638
0.369214
0.369365
0.427714
0.416065
0.366158
0.458480
0.356938
0.348403
0.312802
0.341340
0.403885
0.417939
0.377147
0.366035
0.385240
0.394771
0.401895
0.459383
0.347526
0.368829
0.384180
0.370021
0.379727
0.404832
0.384318
0.389936
0.372085
0.325015
0.379151
0.367947
0.348068
0.329798
0.377859
0.365444
0.342378
0.305219
0.377597
0.363660
0.412080
0.372087
0.354089
0.353665
0.328351
0.310543
0.342114
0.371989
0.409806
0.347983
0.449168
0.335105
0.368434
0.340733
0.339872
0.341930
0.366340
0.410926
0.420928
0.338909
0.360792
0.361332
0.369066
0.375223
0.356467
0.365102
0.388447
0.359602
0.405728
0.306461
0.329923
0.354501
0.404240
0.367661
0.374365
0.354007
0.363443
0.349072
0.380440
0.373337
0.369770
0.364674
0.447909
0.365535
0.419304
0.376481
0.345591
0.346337
0.379842
0.339009
0.345871
0.393089
0.400269
0.357371
0.333494
0.289019
0.365847
0.336631
0.364673
0.375403
0.367499
0.435673
0.382163
0.414283
0.414507
0.342971
0.382006
0.372440
0.400080
0.405752
0.433446
0.355651
0.353084
0.383541
0.359431
0.457392
0.365952
0.372791
0.365589
0.464129
0.337330
0.392920
0.367494
0.343739
0.397385
0.358167
0.404165
0.375007
0.343203
0.396940
0.398340
0.379453
0.365982
0.302382
0.350006
0.372122
0.388226
0.331828
0.342873
0.315736
0.445003
0.398604
0.369864
0.325679
0.364974
0.316606
0.433748
0.381952
0.364188
0.336397
0.419840
0.336126
0.410246
0.430283
0.371089
0.342286
0.350720
0.338737
0.374101
0.407789
0.381331
0.330668
0.395603
0.375683
0.370898
0.378369
0.392917
0.412569
0.383898
0.336744
0.329767
0.353428
0.381723
0.386751
0.342740
0.385498
0.446513
0.329208
0.439866
0.348474
0.395303
0.390889
0.380560
0.314173
0.369203
0.389925
0.357863
0.368395
0.378503
0.353664
0.344683
0.319402
0.326754
0.365202
0.326773
0.367587
0.362001
0.375244
0.361458
0.330912
0.377104
0.371037
0.304780
0.339870
0.319695
0.351442
0.359662
0.400574
0.375858
0.380857
0.337035
0.368311
0.348187
0.350457
0.362776
0.342114
0.363614
0.344751
0.326923
0.386691
0.329904
0.327861
0.323462
0.356796
0.392752
0.385577
0.375788
0.368575
0.337923
0.326715
0.401145
0.386675
0.346138
0.396842
0.338215
0.410301
0.319172
0.358036
0.358252
0.336305
0.365944
0.350798
0.382500
0.375910
0.381392
0.321477
0.376901
0.347117
0.333441
0.322954
0.365660
0.303887
0.332685
0.369913
0.325484
0.327130
0.330041
0.343749
0.357809
0.327200
0.323000
0.384924
0.308234
0.383748
0.357375
0.381099
0.397206
0.392343
0.400057
0.311935
0.353281
0.372317
0.351758
0.363309
0.370617
0.331820
0.367173
0.375761
0.339255
0.341101
0.357607
0.439062
0.320393
0.407199
0.315215
0.393428
0.342526
0.317699
0.358174
0.333251
0.343810
0.380498
0.375993
0.348561
0.299640
0.351149
0.352806
0.347502
0.358428
0.354137
0.350238
0.315469
0.299242
0.353492
0.312923
0.358047
0.343397
0.399913
0.347017
0.333700
0.372022
0.384209
0.373539
0.349014
0.336439
0.296918
0.360769
0.328876
0.355724
0.334156
0.361834
0.358988
0.352458
0.414438
0.352541
0.339711
0.393851
0.383341
0.386472
0.383035
0.374766
0.314121
0.337226
0.334857
0.326775
0.316769
0.358469
0.379640
0.351080
0.366313
0.308572
0.311653
0.398053
0.336663
0.351881
0.334261
0.378982
0.392062
0.337480
0.319628
0.356095
0.369113
0.325202
0.361884
0.313451
0.326991
0.347169
0.409956
0.313692
0.377072
0.372352
0.344838
0.351998
0.334682
0.331759
0.307449
0.381787
0.393293
0.395767
0.378646
0.380572
0.390974
0.358106
0.294286
0.358227
0.350480
0.336480
0.359221
0.333543
0.416735
0.359755
0.374249
0.309561
0.294558
0.337915
0.341316
0.333929
0.412817
0.368159
0.337706
0.335278
0.377489
0.320919
0.429643
0.371366
0.333774
0.403320
0.304385
0.371210
0.362360
0.325431
0.341738
0.281632
0.391650
0.368790
0.302227
0.366352
0.369069
0.390020
0.331601
0.311862
0.326529
0.377218
0.341964
0.365724
0.366672
0.364158
0.371859
0.321873
0.342549
0.331670
0.363020
0.344208
0.329970
0.383640
0.307586
0.322782
0.360913
0.382680
0.326021
0.341160
0.340268
0.307459
0.328401
0.311132
0.338527
0.310656
0.330032
0.286347
0.380204
0.367367
0.309473
0.355657
0.328642
0.421140
0.296306
0.281217
0.286657
0.307692
0.360769
0.329909
0.280948
0.344012
0.326274
0.364966
0.378501
0.318645
0.299349
0.308987
0.324369
0.353795
0.355995
0.371659
0.337009
0.346478
0.281381
0.330960
0.328359
0.341646
0.322636
0.322738
0.459277
0.336568
0.358000
0.334845
0.323869
0.365653
0.350961
0.349889
0.393032
0.377576
0.354714
0.315854
0.346302
0.403493
0.350881
0.344798
0.363928
0.389216
0.389988
0.321360
0.343979
0.317425
0.399742
0.404147
0.401407
0.365539
0.354004
0.367312
0.354900
0.351377
0.381992
0.349803
0.390755
0.344846
0.312043
0.329557
0.367927
0.341948
0.293002
0.350250
0.322281
0.366761
0.368157
0.316502
0.371686
0.341091
0.319861
0.399592
0.349023
0.335469
0.350063
0.371049
0.335971
0.367636
0.460152
0.333356
0.356548
0.338947
0.380045
0.338679
0.314836
0.278084
0.363014
0.349986
0.324669
0.303976
0.334146
0.330429
0.340893
0.345122
0.315163
0.391958
0.349853
0.370076
0.344386
0.330806
0.394140
0.358594
0.384369
0.343560
0.310270
0.351808
0.333224
0.337622
0.341698
0.408177
0.307667
0.391800
0.320597
0.302570
0.372250
0.365724
0.298019
0.421384
0.377902
0.391037
0.349971
0.362232
0.318063
0.363613
0.361585
0.440435
0.362598
0.326265
0.372783
0.317137
0.343426
0.312072
0.316825
0.311735
0.347859
0.368363
0.353587
0.363651
0.376998
0.359423
0.354851
0.336875
0.378365
0.370404
0.327976
0.387713
0.368639
0.339579
0.318629
0.340370
0.328031
0.310083
0.355678
0.341155
0.336092
0.322367
0.414547
0.363721
0.362530
0.401970
0.323235
0.314357
0.391853
0.343661
0.354835
0.338576
0.310360
0.305595
0.335216
0.348364
0.340822
0.351287
0.347833
0.327913
0.332292
0.436700
0.320944
0.361668
0.292114
0.346647
0.356510
0.340010
0.325204
0.316727
0.313641
0.319685
0.300688
0.310448
0.303053
0.322976
0.336709
0.309206
0.317591
0.346928
0.340398
0.336985
0.290100
0.347134
0.334274
0.313006
0.353688
0.321601
0.294002
0.281239
0.342853
0.329001
0.472931
0.322197
0.373418
0.397601
0.311421
0.318246
0.364956
0.362836
0.361578
0.359185
0.325733
0.309743
0.328814
0.359071
0.341625
0.287358
0.405757
0.336555
0.332253
0.343846
0.334580
0.344165
0.366441
0.279208
0.308134
0.300670
0.336127
0.332154
0.313156
0.341642
0.360167
0.438378
0.326867
0.335171
0.319584
0.348058
0.326256
0.316873
0.295592
0.334452
0.375415
0.399673
0.385661
0.380556
0.388919
0.335837
0.325518
0.335537
0.307477
0.333053
0.392581
0.354143
0.306942
0.314579
0.375253
0.334127
0.327189
0.370181
0.335509
0.355594
0.328402
0.327762
0.330502
0.316254
0.353741
0.321829
0.317534
0.296235
0.298783
0.274938
0.332024
0.361249
0.331216
0.274500
0.327705
0.307799
0.342698
0.317591
0.357294
0.332612
0.313538
0.347952
0.407547
0.328813
0.290635
0.335667
0.296256
0.354861
0.351362
0.301384
0.289144
0.333700
0.348582
0.354316
0.323898
0.319526
0.321595
0.330446
0.360506
0.289013
0.328108
0.323500
0.325792
0.276001
0.332334
0.349501
0.363613
0.317434
0.396668
0.308805
0.291108
0.293925
0.310030
0.314634
0.381669
0.327309
0.327047
0.374207
0.337152
0.333694
0.300709
0.336270
0.323697
0.328874
0.325758
0.342200
0.347363
0.350237
0.335649
0.317525
0.300440
0.353357
0.334651
0.325168
0.320099
0.309552
0.333443
0.306907
0.307490
0.286901
0.296399
0.285307
0.398948
0.276151
0.416720
0.309504
0.259581
0.341811
0.285908
0.353721
0.312861
0.338564
0.335720
0.322708
0.320614
0.336253
0.312234
0.301128
0.339979
0.320458
0.357864
0.307086
0.383716
0.425216
0.293145
0.285336
0.294029
0.299381
0.344223
0.345551
0.342103
0.332425
0.324332
0.311855
0.311214
0.278664
0.279309
0.316344
0.352812
0.315403
0.386090
0.307228
0.346757
0.295016
0.320299
0.301663
0.345628
0.329853
0.351169
0.289339
0.324882
0.296135
0.308230
0.289154
0.346043
0.268164
0.335311
0.270973
0.320920
0.326285
0.297394
0.308618
0.346987
0.312588
0.351773
0.287072
0.264002
0.335144
0.308508
0.309424
0.317133
0.354633
0.326597
0.328741
0.289288
0.353411
0.302088
0.344945
0.358259
0.314079
0.323829
0.298828
0.367661
0.353601
0.368660
0.345038
0.318454
0.315196
0.357948
0.360570
0.288391
0.302135
0.344295
0.363918
0.321179
0.325072
0.361749
0.304683
0.328072
0.361075
0.313431
0.308361
0.333762
0.343181
0.323917
0.311952
0.343754
0.316376
0.298665
0.319757
0.326601
0.365283
0.320925
0.323304
0.378271
0.335431
0.407882
0.349072
0.302373
0.366399
0.364377
0.325191
0.315630
0.334195
0.326736
0.350769
0.400115
0.374379
0.368275
0.294246
0.281398
0.308166
0.325210
0.321531
0.319300
0.312481
0.329337
0.320770
0.308645
0.280358
0.340602
0.325086
0.294954
0.311363
0.293708
0.314137
0.376517
0.311144
0.321140
0.315260
0.344625
0.303643
0.336355
0.339939
0.362235
0.390354
0.344496
0.357946
0.370615
0.425901
0.374999
0.363025
0.325133
0.349154
0.377209
0.300287
0.331458
0.382717
0.311638
0.319825
0.316037
0.308536
0.324828
0.354157
0.351665
0.324881
0.314779
0.335504
0.345688
0.336016
0.340013
0.334601
0.349474
0.337471
0.318356
0.318146
0.279357
0.329387
0.307138
0.376670
0.317207
0.295744
0.290343
0.371287
0.278064
0.349134
0.365555
0.283125
0.339539
0.332793
0.283029
0.306573
0.400038
0.309625
0.273238
0.314910
0.337402
0.360103
0.411751
0.357328
0.310114
0.319608
0.336897
0.349997
0.350335
0.322393
0.291312
0.394801
0.346140
0.339686
0.315287
0.283369
0.305299
0.339685
0.284214
0.304987
0.308010
0.344304
0.289740
0.332243
0.323351
0.363266
0.281974
0.292130
0.328746
0.300022
0.339254
0.308292
0.276220
0.326873
0.278683
0.273620
0.281867
0.445638
0.315023
0.326620
0.303404
0.333235
0.322693
0.322267
0.351862
0.296269
0.313609
0.373695
0.301840
0.355187
0.322408
0.310408
0.327081
0.343513
0.341941
0.303940
0.322612
0.353843
0.306645
0.320430
0.318285
0.333371
0.349037
0.319295
0.282562
0.348208
0.349434
0.283286
0.397598
0.289333
0.328610
0.309061
0.289750
0.302842
0.328539
0.304886
0.388960
0.353441
0.335977
0.320975
0.344572
0.251742
0.410254
0.311055
0.295309
0.346529
0.360416
0.311481
0.304473
0.319340
0.344395
0.321500
0.329944
0.303445
0.321329
0.301319
0.322121
0.331216
0.295840
0.288462
0.345020
0.307757
0.363377
0.298404
0.293530
0.320481
0.302166
0.295397
0.329416
0.311237
0.300457
0.334357
0.312749
0.338661
0.357969
0.265622
0.331505
0.308163
0.298091
0.330231
0.297836
0.274301
0.305844
0.303658
0.391453
0.286776
0.274442
0.284560
0.293833
0.325302
0.331236
0.345767
0.305932
0.300456
0.326958
0.290522
0.302549
0.352335
0.334199
0.279362
0.260474
0.312921
0.379874
0.323791
0.312038
0.269497
0.291402
0.303993
0.339804
0.340548
0.275844
0.356455
0.277883
0.320914
0.286734
0.302692
0.344986
0.345375
0.358656
0.322847
0.290238
0.300469
0.299701
0.308968
0.288948
0.316606
0.344061
0.273106
0.288268
0.348496
0.414121
0.300361
0.308733
0.332812
0.337742
0.296360
0.283614
0.313978
0.277432
0.324780
0.341590
0.281447
0.356074
0.276150
0.319368
0.301181
0.327962
0.274276
0.325292
0.371003
0.277153
0.311209
0.307641
0.330654
0.368089
0.323490
0.307425
0.336924
0.274098
0.298104
0.330140
0.329037
0.282378
0.340345
0.355546
0.290891
0.309531
0.344259
0.322286
0.339262
0.363299
0.331254
0.329097
0.301895
0.290933
0.257175
0.307621
0.299553
0.399931
0.312735
0.323060
0.319196
0.285260
0.292983
0.297463
0.300099
0.405767
0.335002
0.295019
0.296651
0.275416
0.293965
0.283812
0.295019
0.311547
0.348505
0.328860
0.310803
0.318254
0.277193
0.285181
0.304180
0.292749
0.316813
0.335759
0.287947
0.271484
0.307080
0.357817
0.276585
0.280837
0.299878
0.277338
0.369091
0.278008
0.328945
0.312855
0.294801
0.340861
0.284365
0.299323
0.274152
0.335452
0.316148
0.289021
0.322595
0.286587
0.298887
0.306687
0.266901
0.308884
0.300528
0.311526
0.338597
0.290764
0.330747
0.275061
0.318148
0.304614
0.334676
0.304794
0.302448
0.323634
0.344171
0.309730
0.283001
0.314671
0.343605
0.320346
0.306768
0.338246
0.350758
0.261671
0.327962
0.316860
0.320517
0.329989
0.331952
0.325304
0.326579
0.327237
0.326900
0.323785
0.317659
0.259408
0.313433
0.347715
0.284509
0.301659
0.271700
0.338610
0.321803
0.317261
0.332483
0.276807
0.278148
0.288043
0.293835
0.345648
0.321500
0.340014
0.305541
0.354461
0.353908
0.312766
0.276209
0.305059
0.338303
0.306700
0.303245
0.325355
0.290978
0.323720
0.351903
0.289214
0.274398
0.270028
0.286999
0.316301
0.264476
0.265184
0.268057
0.316707
0.277718
0.330338
0.273504
0.358144
0.336006
0.275988
0.299284
0.320309
0.304392
0.260155
0.270075
0.260078
0.284305
0.286308
0.286707
0.312636
0.306743
0.276240
0.284709
0.304343
0.303006
0.282584
0.354265
0.362924
0.295901
0.275018
0.271340
0.279726
0.347945
0.307297
0.344467
0.280513
0.293006
0.262127
0.273104
0.307151
0.327835
0.307472
0.356000
0.354405
0.283634
0.313784
0.372860
0.297630
0.373335
0.314588
0.337323
0.357403
0.372255
0.321580
0.314897
0.363635
0.274837
0.356771
0.358629
0.338334
0.363007
0.288886
0.321786
0.337408
0.322899
0.318804
0.278717
0.289964
0.293834
0.282510
0.322125
0.291256
0.350485
0.292973
0.310936
0.337237
0.309429
0.311918
0.332006
0.277027
0.325208
0.270746
0.290181
0.296035
0.354282
0.318388
0.305699
0.305030
0.235707
0.264585
0.348069
0.277655
0.292784
0.285669
0.350932
0.286558
0.360068
0.312650
0.301762
0.285425
0.325048
0.289214
0.314713
0.311284
0.318521
0.350369
0.278842
0.344565
0.292356
0.315878
0.350913
0.302797
0.340220
0.286651
0.276240
0.307230
0.335713
0.306453
0.324786
0.323123
0.339383
0.291150
0.266174
0.305882
0.334119
0.282153
0.302385
0.294917
0.291760
0.327512
0.283899
0.317803
0.336299
0.246056
0.297615
0.337632
0.312001
0.276573
0.302496
0.305877
0.291823
0.321729
0.291509
0.275652
0.287781
0.264539
0.333050
0.278028
0.324293
0.312734
0.338569
0.346051
0.308525
0.322188
0.283861
0.339246
0.375966
0.305372
0.247947
0.310516
0.306960
0.310373
0.287011
0.357705
0.283270
0.293543
0.316076
0.291268
0.298247
0.361928
0.346274
0.327070
0.332294
0.332018
0.268619
0.276515
0.272317
0.263107
0.294827
0.297465
0.303478
0.267217
0.313914
0.298349
0.278984
0.287119
0.328517
0.255193
0.279263
0.315828
0.352191
0.309172
0.253164
0.280666
0.351432
0.285412
0.294711
0.262377
0.280410
0.281279
0.294757
0.309570
0.306851
0.280698
0.295817
0.282638
0.286462
0.344522
0.320621
0.332662
0.323372
0.273874
0.317871
0.266225
0.304363
0.334183
0.323285
0.318572
0.266900
0.238915
0.333458
0.328357
0.301277
0.324330
0.309845
0.267522
0.259012
0.309321
0.318596
0.302288
0.337083
0.317885
0.304016
0.311554
0.301569
0.266508
0.306477
0.311455
0.289843
0.280090
0.290361
0.291238
0.331630
0.312827
0.353285
0.295474
0.276234
0.275527
0.332577
0.296655
0.337275
0.266255
0.315785
0.326127
0.347606
0.298826
0.328321
0.288309
0.277720
0.295176
0.266867
0.259360
0.293001
0.260691
0.301805
0.368962
0.257415
0.260273
0.294743
0.269611
0.347079
0.269294
0.283069
0.268902
0.261969
0.271797
0.291243
0.305207
0.280577
0.325763
0.298379
0.286100
0.280799
0.297429
0.287486
0.260598
0.313539
0.324325
0.289404
0.256812
0.282530
0.284185
0.344238
0.297911
0.301088
0.318029
0.257204
0.288115
0.269726
0.318094
0.286052
0.345114
0.299899
0.271870
0.293891
0.276538
0.319118
0.313895
0.317095
0.269373
0.310073
0.281835
0.413177
0.337487
0.367320
0.281093
0.316760
0.301876
0.308858
0.287811
0.321845
0.316173
0.326283
0.322722
0.321674
0.311304
0.323051
0.393538
0.286753
0.345262
0.313737
0.273905
0.327113
0.308574
0.326424
0.310958
0.315377
0.293887
0.273973
0.304485
0.299691
0.301360
0.293258
0.302011
0.282810
0.302417
0.325845
0.322476
0.336417
0.321074
0.276973
0.290421
0.302830
0.292995
0.262499
0.275370
0.311876
0.272759
0.309975
0.291379
0.337251
0.271574
0.259238
0.324620
0.292946
0.338850
0.320513
0.284729
0.325926
0.309473
0.313325
0.307182
0.320329
0.303023
0.301161
0.284784
0.268802
0.270850
0.354033
0.304970
0.322611
0.313127
0.329598
0.310060
0.256836
0.344369
0.287429
0.248290
0.302963
0.341324
0.278529
0.305232
0.274313
0.235607
0.272585
0.271362
0.300115
0.336483
0.275508
0.288629
0.306337
0.275616
0.282432
0.304156
0.315522
0.279457
0.250622
0.295866
0.283905
0.282004
0.267049
0.269907
0.299053
0.295949
0.284468
0.295869
0.250876
0.277879
0.304215
0.345085
0.273881
0.318932
0.275665
0.295514
0.352972
0.319948
0.324433
0.289250
0.316637
0.243593
0.255292
0.344689
0.330382
0.311803
0.293338
0.331099
0.315215
0.320095
0.318804
0.345610
0.262715
0.272131
0.309310
0.324285
0.321349
0.361242
0.289992
0.274090
0.307352
0.295545
0.282127
0.240117
0.246277
0.332766
0.308760
0.312418
0.257005
0.272212
0.358516
0.329155
0.278102
0.262361
0.276742
0.311512
0.294035
0.308491
0.310768
0.285613
0.262568
0.283697
0.318038
0.285820
0.283202
0.285142
0.275459
0.226434
0.271445
0.298491
0.300776
0.319800
0.294988
0.291748
0.250309
0.277257
0.316343
0.354208
0.292818
0.288628
0.262567
0.279098
0.376610
0.283705
0.283137
0.265335
0.256529
0.289115
0.302313
0.281084
0.287225
0.313251
0.282825
0.316871
0.244144
0.278948
0.259968
0.264044
0.315789
0.292518
0.244223
0.295713
0.274598
0.276180
0.309167
0.294366
0.298344
0.256466
0.275713
0.301710
0.244199
0.321926
0.275062
0.267060
0.271201
0.270233
0.230346
0.257468
0.288360
0.289290
0.324814
0.312459
0.313710
0.294032
0.346041
0.330663
0.300984
0.313833
0.279915
0.281563
0.286463
0.328789
0.263786
0.301400
0.287209
0.253457
0.302781
0.336890
0.275210
0.250732
0.253252
0.239268
0.264330
0.347247
0.292380
0.261888
0.312279
0.301748
0.289754
0.231854
0.289209
0.267062
0.303216
0.347707
0.358884
0.372789
0.286012
0.280317
0.263982
0.264628
0.272430
0.277773
0.287379
0.243509
0.294506
0.312756
0.312644
0.267916
0.300089
0.318477
0.301285
0.276818
0.298150
0.260381
0.282407
0.284965
0.288586
0.280969
0.285922
0.308535
0.340004
0.272933
0.327382
0.323028
0.295288
0.314884
0.311376
0.245795
0.277723
0.269632
0.283429
0.313771
0.296628
0.283240
0.264847
0.297482
0.326958
0.304530
0.266238
0.320099
0.266928
0.272689
0.316696
0.262261
0.287391
0.269023
0.355606
0.280711
0.282015
0.310993
0.250062
0.294427
0.250314
0.260384
0.344396
0.271698
0.285508
0.267378
0.258208
0.261142
0.298081
0.360308
0.326427
0.303494
0.241835
0.267577
0.235760
0.311449
0.299164
0.282138
0.287693
0.259436
0.286008
0.272702
0.388933
0.258320
0.252056
0.287291
0.271360
0.301198
0.258039
0.366902
0.347357
0.276558
0.269182
0.288552
0.273204
0.309223
0.271032
0.269377
0.282465
0.287608
0.304887
0.255541
0.231251
0.289648
0.317331
0.321833
0.244431
0.276640
0.325190
0.289878
0.307835
0.262199
0.279533
0.270113
0.283897
0.340668
0.259759
0.253015
0.304089
0.297335
0.288681
0.332337
0.273276
0.272606
0.306819
0.256575
0.255307
0.259001
0.282207
0.297007
0.276962
0.297324
0.324141
0.260333
0.254448
0.294483
0.265463
0.314892
0.284027
0.276589
0.286703
0.311964
0.257967
0.289314
0.257928
0.297204
0.338925
0.332956
0.250049
0.253665
0.278419
0.251830
0.294325
0.272572
0.256827
0.300078
0.250382
0.325353
0.308950
0.301942
0.326602
0.274280
0.285297
0.277860
0.283476
0.322057
0.300329
0.255634
0.293149
0.273556
0.247646
0.353439
0.304449
0.267204
0.362730
0.307345
0.300370
0.265233
0.253146
0.283504
0.278417
0.279529
0.284365
0.272454
0.294502
0.299282
0.284470
0.287865
0.266415
0.293426
0.306752
0.276254
0.281747
0.303342
0.286457
0.320002
0.268856
0.338181
0.314620
0.229360
0.289290
0.311914
0.269052
0.290244
0.337669
0.287596
0.288146
0.289318
0.260841
0.276449
0.350229
0.315796
0.282801
0.287735
0.309256
0.281187
0.274705
0.293175
0.286930
0.272245
0.243796
0.297129
0.262945
0.280489
0.272700
0.326087
0.239586
0.213233
0.296574
0.267616
0.325249
0.297830
0.279117
0.287706
0.287078
0.266452
0.300909
0.243957
0.275375
0.255393
0.251460
0.309782
0.277081
0.261503
0.243923
0.259659
0.290212
0.334361
0.291123
0.248021
0.319177
0.253759
0.258515
0.289157
0.289542
0.311050
0.299793
0.292140
0.266367
0.285991
0.274355
0.301422
0.277926
0.271751
0.208204
0.269328
0.247812
0.267971
0.283660
0.266037
0.260549
0.279402
0.280123
0.269040
0.265316
0.277358
0.267530
0.312107
0.229812
0.266271
0.286580
0.307998
0.298466
0.301383
0.298315
0.285026
0.333253
0.248243
0.269343
0.310958
0.275836
0.333773
0.326655
0.301486
0.296667
0.308617
0.326044
0.306206
0.306161
0.302878
0.315938
0.282632
0.293423
0.313468
0.336383
0.280641
0.287914
0.275596
0.288354
0.302810
0.368404
0.357758
0.323235
0.285784
0.289568
0.290299
0.276888
0.260172
0.322386
0.280523
0.279806
0.279373
0.250392
0.279172
0.281691
0.251729
0.301083
0.270977
0.260171
0.281865
0.320735
0.266906
0.315462
0.264822
0.287126
0.253975
0.294001
0.295168
0.309744
0.257604
0.277174
0.278316
0.293901
0.273391
0.274592
0.296764
0.267737
0.239979
0.295264
0.252549
0.275666
0.270644
0.257070
0.253330
0.270328
0.363845
0.269281
0.332955
0.264514
0.295021
0.306221
0.272354
0.314370
0.315943
0.287010
0.265230
0.249985
0.314883
0.247659
0.249357
0.283700
0.262487
0.292807
0.422636
0.289075
0.256259
0.280180
0.307120
0.271342
0.285356
0.304465
0.306780
0.272791
0.267718
0.360237
0.295161
0.270290
0.312138
0.284957
0.314479
0.235181
0.239570
0.320334
0.243874
0.326479
0.253392
0.284922
0.271820
0.277223
0.245147
0.273390
0.326895
0.267014
0.253715
0.281836
0.301300
0.291996
0.333504
0.261302
0.257812
0.253051
0.288686
0.276087
0.229908
0.273953
0.304195
0.278783
0.294534
0.275003
0.322243
0.308451
0.265965
0.281745
0.305005
0.284484
0.267781
0.320214
0.263140
0.266116
0.293758
0.320580
0.251795
0.232373
0.290291
0.286665
0.259461
0.270435
0.249834
0.233165
0.276998
0.294814
0.239316
0.293918
0.254840
0.285278
0.273904
0.228740
0.271859
0.249498
0.310464
0.265114
0.355636
0.284925
0.231119
0.310885
0.301483
0.278084
0.314823
0.250956
0.271073
0.339084
0.271940
0.264791
0.255582
0.301832
0.282343
0.301327
0.249013
0.265809
0.294721
0.273441
0.234069
0.294364
0.303529
0.278367
0.267615
0.320649
0.286890
0.248616
0.290337
0.246768
0.298464
0.247256
0.290576
0.256352
0.275901
0.280548
0.283700
0.264266
0.270084
0.256556
0.254830
0.284692
0.312984
0.244519
0.268170
0.282683
0.266214
0.295732
0.306118
0.258865
0.247197
0.313067
0.310104
0.261819
0.313544
0.262513
0.325728
0.270508
0.268853
0.235954
0.268771
0.321433
0.241751
0.273180
0.264289
0.288627
0.320642
0.248843
0.254449
0.279054
0.271526
0.273258
0.299308
0.239326
0.290941
0.270844
0.288826
0.292440
0.318819
0.271818
0.324770
0.306738
0.264758
0.300739
0.267873
0.259209
0.330294
0.310151
0.237893
0.284160
0.285904
0.265240
0.298178
0.263330
0.270068
0.308250
0.300721
0.281681
0.244011
0.305970
0.269122
0.298434
0.232155
0.301310
0.303805
0.265435
0.273215
0.240783
0.300833
0.301606
0.248836
0.321727
0.291578
0.266030
0.271588
0.247940
0.237857
0.330949
0.288652
0.265820
0.256642
0.262720
0.290801
0.240937
0.302272
0.282812
0.249536
0.280238
0.335920
0.263193
0.256383
0.274422
0.297630
0.341026
0.254519
0.257439
0.272884
0.271878
0.314968
0.240403
0.250939
0.270994
0.290915
0.286295
0.305487
0.241357
0.265414
0.287932
0.326928
0.290245
0.269291
0.260376
0.276429
0.257199
0.247622
0.272919
0.285508
0.251163
0.227658
0.268028
0.298103
0.258317
0.276402
0.241448
0.266684
0.239840
0.263491
0.260300
0.250904
0.265817
0.286750
0.260593
0.262210
0.245919
0.307012
0.255360
0.284543
0.279332
0.294670
0.286353
0.260950
0.277108
0.281372
0.299128
0.296956
0.286278
0.351230
0.303065
0.247663
0.259716
0.263588
0.260639
0.312927
0.295120
0.275739
0.298325
0.249381
0.280558
0.258565
0.251079
0.272428
0.291479
0.275595
0.245518
0.274405
0.288165
0.248820
0.255025
0.252670
0.294652
0.267855
0.299536
0.249748
0.253133
0.221814
0.265982
0.270938
0.289316
0.224506
0.225792
0.248129
0.282985
0.265500
0.282730
0.237339
0.248901
0.303963
0.305265
0.317990
0.278483
0.242967
0.301599
0.202124
0.273491
0.245867
0.257595
0.289823
0.221514
0.297489
0.255075
0.255736
0.274526
0.286153
0.274416
0.252058
0.340898
0.274843
0.282021
0.236672
0.258811
0.254253
0.256719
0.225307
0.261393
0.247412
0.272599
0.246609
0.270144
0.268956
0.229897
0.253665
0.241749
0.234372
0.252747
0.240457
0.263197
0.251887
0.247523
0.234939
0.266070
0.241196
0.288045
0.264737
0.272234
0.318298
0.316597
0.271731
0.236177
0.235235
0.272640
0.229385
0.237616
0.243193
0.209475
0.316358
0.279684
0.253038
0.247553
0.287173
0.252800
0.276612
0.254168
0.283674
0.325950
0.253438
0.291013
0.289362
0.281863
0.280320
0.287164
0.265712
0.258123
0.249418
0.274670
0.252555
0.250310
0.264807
0.283208
0.291666
0.331502
0.284970
0.271874
0.250540
0.264379
0.256959
0.220742
0.233761
0.289868
0.286998
0.271579
0.293156
0.282268
0.292723
0.268187
0.275013
0.268976
0.245778
0.247670
0.290575
0.267316
0.251338
0.256340
0.238909
0.238100
0.257958
0.287812
0.348745
0.237389
0.324841
0.231568
0.292253
0.266108
0.253953
0.266849
0.315175
0.253530
0.328319
0.260645
0.334233
0.256543
0.272983
0.306717
0.279119
0.310946
0.287398
0.287459
0.330490
0.280681
0.321688
0.262678
0.310869
0.255939
0.276563
0.263548
0.246949
0.297032
0.296918
0.314208
0.275011
0.275837
0.281365
0.267011
0.316258
0.270516
0.292673
0.269992
0.296318
0.301189
0.271068
0.239851
0.340653
0.266176
0.270833
0.296553
0.293883
0.284286
0.278468
0.284525
0.252759
0.293966
0.265562
0.250262
0.303033
0.296295
0.322945
0.322939
0.316256
0.286911
0.348497
0.276790
0.287724
0.272195
0.304418
0.282960
0.324243
0.304876
0.277799
0.315640
0.254713
0.279515
0.254794
0.257924
0.276488
0.298978
0.290974
0.284974
0.339478
0.330297
0.308480
0.256811
0.285434
0.281646
0.267409
0.252140
0.270610
0.256073
0.273802
0.262406
0.285932
0.272667
0.232754
0.265321
0.284575
0.319452
0.253254
0.297476
0.247671
0.267379
0.236025
0.271558
0.254407
0.224291
0.267492
0.238619
0.254559
0.268562
0.208942
0.254106
0.281572
0.233261
0.267263
0.269290
0.278413
0.233129
0.308927
0.260110
0.243249
0.270591
0.220096
0.247113
0.333985
0.215613
0.247157
0.301094
0.245007
0.251148
0.296762
0.266723
0.269430
0.273070
0.275395
0.253368
0.262065
0.283627
0.254955
0.251636
0.271910
0.316678
0.269068
0.260348
0.283534
0.256791
0.277080
0.293840
0.314723
0.308706
0.251253
0.255868
0.288726
0.253485
0.306014
0.334003
0.255695
0.291179
0.270755
0.268527
0.318911
0.259511
0.266967
0.389827
0.286225
0.277781
0.305337
0.248621
0.252619
0.261069
0.262553
0.309229
0.297034
0.263728
0.247848
0.284964
0.288985
0.293722
0.291227
0.269669
0.254091
0.268746
0.242554
0.251027
0.277774
0.303642
0.256036
0.278427
0.325887
0.294614
0.234562
0.248223
0.260452
0.256126
0.256953
0.263415
0.279800
0.262424
0.386363
0.311290
0.275846
0.232857
0.298124
0.265397
0.238558
0.274365
0.247361
0.272603
0.312558
0.260013
0.266243
0.270625
0.247623
0.266415
0.278799
0.275186
0.243050
0.227619
0.237887
0.284952
0.242949
0.260347
0.279647
0.277784
0.276405
0.241926
0.252917
0.335553
0.226897
0.287487
0.232085
0.255448
0.248325
0.271928
0.302622
0.235905
0.285589
0.276654
0.231768
0.274824
0.244982
0.228670
0.272587
0.284661
0.266083
0.259645
0.244329
0.304528
0.245032
0.283613
0.262836
0.232243
0.250686
0.269370
0.258918
0.297560
0.233793
0.305316
0.227612
0.250487
0.257368
0.286683
0.285169
0.260926
0.262487
0.279298
0.310103
0.271418
0.208170
0.237324
0.246080
0.313534
0.304018
0.303765
0.264597
0.240291
0.272957
0.288057
0.294592
0.290118
0.217209
0.274338
0.280403
0.279496
0.237402
0.276214
0.238071
0.272704
0.237472
0.322773
0.281934
0.267995
0.281475
0.280065
0.227108
0.277889
0.262674
0.221613
0.293825
0.227536
0.283212
0.267216
0.299123
0.260926
0.303712
0.274102
0.269616
0.269562
0.272650
0.287253
0.235382
0.275225
0.264146
0.273651
0.270268
0.269897
0.264824
0.267673
0.257097
0.245840
0.253230
0.253609
0.266942
0.274018
0.297317
0.223249
0.279484
0.247817
0.287070
0.272820
0.265829
0.251140
0.275967
0.262475
0.326101
0.298235
0.257582
0.248180
0.217738
0.258037
0.246037
0.258466
0.265358
0.311713
0.234140
0.265454
0.275662
0.280797
0.284199
0.251702
0.305681
0.324298
0.310538
0.286263
0.244598
0.241684
0.288048
0.279734
0.260849
0.322820
0.310562
0.300988
0.299951
0.264152
0.292882
0.322295
0.250656
0.286175
0.292035
0.276359
0.323246
0.278587
0.297804
0.303271
0.286115
0.289169
0.267444
0.256774
0.299028
0.282947
0.295571
0.257561
0.288836
0.260546
0.260031
0.252507
0.314279
0.273858
0.232159
0.250471
0.269278
0.293693
0.280048
0.261516
0.297254
0.298184
0.292453
0.259407
0.346951
0.269397
0.242951
0.256570
0.249008
0.271774
0.228913
0.259493
0.281787
0.249126
0.278690
0.259328
0.237675
0.317234
0.252629
0.290589
0.250014
0.302256
0.280421
0.275942
0.257547
0.248773
0.253968
0.273278
0.256350
0.235151
0.265504
0.252582
0.281008
0.259842
0.271511
0.247111
0.216044
0.287385
0.324285
0.247475
0.308171
0.253589
0.273834
0.309692
0.263955
0.269440
0.228113
0.241894
0.256264
0.243116
0.293059
0.272973
0.241166
0.230296
0.262448
0.260846
0.215688
0.236697
0.279732
0.237957
0.253717
0.292725
0.245799
0.261345
0.218164
0.269693
0.255674
0.275829
0.225694
0.272479
0.248402
0.249016
0.236605
0.238888
0.219811
0.261949
0.260829
0.231545
0.266212
0.228407
0.270833
0.234672
0.214956
0.235224
0.292780
0.267380
0.193131
0.194865
0.236751
0.259148
0.224027
0.235249
0.240058
0.231691
0.236815
0.229439
0.209412
0.279351
0.236214
0.258167
0.243532
0.259813
0.264825
0.241828
0.269746
0.233283
0.265457
0.236019
0.222655
0.252441
0.264244
0.239796
0.288090
0.238639
0.267445
0.263985
0.255146
0.236020
0.254352
0.228294
0.331328
0.268029
0.265925
0.263959
0.219376
0.238063
0.285050
0.259634
0.255676
0.271741
0.238031
0.236176
0.275096
0.281017
0.263589
0.252637
0.295485
0.235388
0.301560
0.279973
0.242621
0.234240
0.240713
0.227243
0.238624
0.236808
0.258344
0.226148
0.316834
0.256285
0.293143
0.253285
0.224350
0.311086
0.280328
0.228683
0.277048
0.278509
0.283838
0.283749
0.241263
0.282798
0.279629
0.257631
0.265625
0.231757
0.228163
0.258708
0.242891
0.297418
0.297153
0.287746
0.266271
0.309958
0.269198
0.235657
0.280306
0.257885
0.244620
0.262695
0.260919
0.313175
0.256770
0.231102
0.275960
0.239693
0.278286
0.227547
0.248903
0.261887
0.322251
0.256637
0.288632
0.261118
0.240612
0.246174
0.224503
0.263944
0.311626
0.249586
0.250158
0.262493
0.251515
0.214876
0.227682
0.204175
0.242357
0.275938
0.255759
0.241127
0.242700
0.268065
0.260318
0.291463
0.273085
0.245304
0.263884
0.248058
0.247071
0.263762
0.268280
0.279873
0.283070
0.312125
0.253214
0.233825
0.243257
0.218757
0.263384
0.265324
0.251074
0.303599
0.266195
0.258791
0.270974
0.252160
0.221894
0.269080
0.238211
0.256583
0.249562
0.270254
0.298068
0.290011
0.295794
0.258007
0.247752
0.273762
0.229907
0.276533
0.272618
0.280913
0.251160
0.239020
0.291736
0.251834
0.280656
0.271475
0.244617
0.319463
0.228261
0.257031
0.260862
0.284392
0.292093
0.280387
0.257965
0.264160
0.253671
0.269620
0.272534
0.254339
0.275634
0.289588
0.280423
0.256428
0.282821
0.276755
0.244638
0.264146
0.223487
0.263812
0.274376
0.292912
0.304218
0.236783
0.249830
0.275707
0.231079
0.280218
0.246147
0.298661
0.265943
0.311629
0.210657
0.205678
0.289649
0.323696
0.291981
0.264852
0.227992
0.274920
0.264757
0.284190
0.257484
0.231754
0.236914
0.249653
0.271338
0.262960
0.254992
0.251962
0.222313
0.265227
0.305513
0.267915
0.280244
0.279894
0.258882
0.311950
0.278118
0.282414
0.256087
0.199544
0.260636
0.337034
0.315742
0.251543
0.258598
0.267512
0.245154
0.226862
0.260646
0.228584
0.292803
0.282856
0.258644
0.254105
0.226331
0.217141
0.261878
0.287007
0.259819
0.294643
0.235996
0.284864
0.243335
0.317655
0.271373
0.243611
0.272366
0.255101
0.258380
0.214555
0.270144
0.321500
0.337230
0.243848
0.305674
0.271045
0.300568
0.265704
0.326828
0.297070
0.254288
0.256099
0.268063
0.287480
0.261212
0.257195
0.279479
0.306821
0.286988
0.273234
0.293415
0.253447
0.265766
0.235338
0.262146
0.255434
0.222374
0.258914
0.258706
0.272426
0.259271
0.257460
0.279933
0.221170
0.209859
0.273998
0.233141
0.210307
0.290840
0.306634
0.263180
0.242323
0.246864
0.259811
0.240841
0.294634
0.277487
0.242996
0.244491
0.260487
0.254800
0.243376
0.348291
0.236154
0.260089
0.248539
0.219705
0.262341
0.235857
0.298668
0.239127
0.237805
0.229591
0.248756
0.286953
0.250429
0.235670
0.232663
0.266287
0.240575
0.236788
0.262732
0.261914
0.238799
0.272678
0.240595
0.246972
0.299527
0.255251
0.254250
0.241641
0.284350
0.253192
0.303429
0.241498
0.237765
0.204740
0.255343
0.318709
0.260862
0.271833
0.273294
0.244253
0.249359
0.287556
0.281238
0.261912
0.254769
0.227862
0.262363
0.251391
0.273573
0.217567
0.224039
0.267225
0.275457
0.275965
0.238661
0.254822
0.276258
0.324833
0.293946
0.265835
0.228314
0.249663
0.238501
0.266264
0.284217
0.242217
0.300818
0.273839
0.266511
0.250876
0.293766
0.225365
0.336882
0.307228
0.221997
0.295229
0.316655
0.308102
0.256952
0.318538
0.291978
0.280780
0.245521
0.277049
0.227505
0.245366
0.238468
0.261333
0.260579
0.232691
0.294710
0.216636
0.230041
0.231404
0.238100
0.263683
0.282541
0.229392
0.244856
0.280348
0.250001
0.274565
0.247647
0.244560
0.236834
0.267972
0.257858
0.234853
0.243514
0.305341
0.234400
0.215144
0.239756
0.247522
0.231492
0.238837
0.247868
0.217197
0.246833
0.276060
0.214608
0.214296
0.273025
0.281620
0.238338
0.292293
0.258797
0.259529
0.268145
0.296696
0.246631
0.275863
0.242537
0.227623
0.265617
0.299564
0.223932
0.232062
0.278822
0.250170
0.228038
0.232913
0.221107
0.224648
0.243558
0.261109
0.291569
0.235719
0.279293
0.240226
0.244513
0.260118
0.271640
0.223777
0.235921
0.228188
0.245197
0.266987
0.262486
0.273916
0.245974
0.247018
0.210462
0.225141
0.226552
0.312637
0.239668
0.330232
0.255149
0.219219
0.249977
0.238684
0.253308
0.227770
0.251136
0.266858
0.274829
0.222614
0.262993
0.219800
0.284364
0.244270
0.239154
0.273682
0.243979
0.254062
0.240532
0.242018
0.218949
0.249429
0.269836
0.218009
0.237640
0.259727
0.249370
0.283738
0.222246
0.246779
0.257203
0.254522
0.270539
0.275434
0.273415
0.306547
0.272323
0.249919
0.248756
0.239693
0.281934
0.314400
0.235247
0.273792
0.212795
0.272820
0.309411
0.240957
0.299696
0.238899
0.241533
0.259622
0.210936
0.309540
0.294484
0.239617
0.246655
0.275048
0.281452
0.289148
0.253184
0.237285
0.259615
0.291299
0.276524
0.239311
0.271418
0.264620
0.248468
0.272014
0.229490
0.297636
0.276890
0.262615
0.230978
0.309386
0.263086
0.273732
0.233218
0.327721
0.281973
0.244823
0.252000
0.263043
0.225413
0.250439
0.237440
0.249611
0.210486
0.268299
0.242200
0.235225
0.248221
0.244531
0.249677
0.243179
0.254524
0.233683
0.252395
0.247768
0.260251
0.217501
0.237580
0.282532
0.265530
0.257982
0.252697
0.307205
0.224482
0.292503
0.218107
0.239526
0.228530
0.255652
0.269969
0.246286
0.216202
0.213475
0.227889
0.226518
0.254480
0.295535
0.242995
0.240300
0.259461
0.281742
0.209962
0.227452
0.283522
0.258149
0.259035
0.220413
0.252574
0.221453
0.257423
0.295036
0.205552
0.236194
0.234265
0.295257
0.242514
0.255677
0.264323
0.235184
0.238653
0.241854
0.254423
0.220242
0.249932
0.267428
0.249684
0.255158
0.246984
0.257583
0.219118
0.244170
0.260306
0.232823
0.266796
0.256611
0.286129
0.238018
0.221225
0.237453
0.278282
0.232996
0.231587
0.232717
0.209803
0.349457
0.221661
0.291111
0.274825
0.251284
0.252121
0.231787
0.237145
0.213270
0.289351
0.246494
0.283593
0.240056
0.259965
0.227372
0.286557
0.204835
0.238776
0.237114
0.218873
0.229667
0.314901
0.278932
0.289207
0.314069
0.239197
0.271224
0.272270
0.293896
0.289623
0.235025
0.260691
0.299670
0.264127
0.216218
0.254596
0.226156
0.221744
0.260477
0.264648
0.268570
0.240198
0.218068
0.276065
0.252816
0.265919
0.232590
0.273147
0.285869
0.248480
0.315606
0.277652
0.242307
0.281288
0.273462
0.256607
0.251156
0.238267
0.269323
0.243543
0.263153
0.250119
0.241249
0.328839
0.260780
0.261130
0.248121
0.264223
0.286066
0.224312
0.270439
0.260707
0.214799
0.245388
0.255091
0.335022
0.295703
0.235070
0.245927
0.228220
0.289447
0.253648
0.253604
0.283695
0.272241
0.234287
0.280876
0.295767
0.261728
0.259711
0.270554
0.229966
0.289450
0.244446
0.226428
0.325610
0.271861
0.315191
0.264794
0.221919
0.224451
0.285261
0.255036
0.269253
0.273467
0.242622
0.224297
0.288418
0.236152
0.302577
0.294962
0.250987
0.252854
0.320026
0.245758
0.276357
0.276844
0.224450
0.218519
0.276186
0.253589
0.237576
0.282566
0.280820
0.270755
0.239803
0.245063
0.260263
0.235353
0.267517
0.273888
0.232665
0.248915
0.258198
0.222913
0.237883
0.224542
0.220792
0.236895
0.254347
0.214189
0.231224
0.249438
0.263755
0.279621
0.217271
0.217212
0.225841
0.200263
0.221993
0.236689
0.210221
0.276992
0.265591
0.210154
0.230337
0.254080
0.222175
0.269646
0.229687
0.231289
0.285084
0.264107
0.249340
0.280918
0.240573
0.229182
0.258645
0.244187
0.257090
0.237130
0.251475
0.262925
0.245710
0.211279
0.229832
0.226332
0.242561
0.242803
0.264074
0.265007
0.238202
0.306591
0.256986
0.224172
0.261484
0.230285
0.241182
0.273446
0.222332
0.208939
0.230960
0.253201
0.242644
0.274397
0.228784
0.239629
0.278590
0.279439
0.225699
0.214265
0.225577
0.220890
0.251619
0.263143
0.259764
0.218959
0.240369
0.233815
0.262206
0.240127
0.243683
0.206186
0.226324
0.234573
0.216206
0.219255
0.220792
0.240113
0.204550
0.250255
0.244956
0.226711
0.217221
0.251482
0.245446
0.253372
0.243416
0.250448
0.228377
0.234441
0.249645
0.234569
0.286016
0.265030
0.239140
0.269552
0.254350
0.222221
0.277312
0.220874
0.226201
0.279614
0.255967
0.216003
0.231186
0.209655
0.200557
0.184323
0.266909
0.217627
0.272318
0.236851
0.246788
0.220693
0.262475
0.226748
0.217831
0.253570
0.245306
0.247728
0.229418
0.255227
0.217256
0.214708
0.229012
0.229619
0.208080
0.259278
0.219878
0.219321
0.244902
0.229412
0.299383
0.242085
0.257165
0.284815
0.266350
0.218139
0.242270
0.226067
0.290848
0.252980
0.231939
0.272677
0.251042
0.208418
0.265706
0.267682
0.234914
0.253286
0.320805
0.217186
0.268175
0.263782
0.242460
0.242288
0.235878
0.246593
0.217492
0.232993
0.243384
0.234153
0.251290
0.224034
0.216193
0.242525
0.243190
0.251970
0.206189
0.286661
0.238108
0.255190
0.203503
0.269438
0.241269
0.259339
0.243505
0.229246
0.257239
0.217617
0.266929
0.275496
0.229254
0.255015
0.284886
0.254838
0.260363
0.264441
0.288308
0.218188
0.227061
0.231567
0.313978
0.288692
0.283667
0.267371
0.294544
0.233527
0.286375
0.279259
0.251160
0.256165
0.237772
0.243992
0.224123
0.237482
0.218459
0.242702
0.253699
0.272358
0.217742
0.244611
0.251930
0.281871
0.218206
0.242768
0.271312
0.241650
0.293231
0.250418
0.266665
0.293406
0.252233
0.242564
0.231982
0.231940
0.269245
0.267116
0.272362
0.243678
0.282285
0.254913
0.228144
0.247849
0.261965
0.232366
0.240898
0.241341
0.215740
0.276007
0.252227
0.281014
0.220357
0.250288
0.265043
0.239508
0.270878
0.337406
0.242166
0.268714
0.256639
0.235165
0.297422
0.211488
0.257574
0.270972
0.258280
0.239716
0.255671
0.238259
0.251358
0.214152
0.226672
0.229711
0.213711
0.273481
0.245111
0.239335
0.224202
0.262820
0.212267
0.232762
0.229308
0.266420
0.209947
0.217451
0.191181
0.241004
0.242486
0.259075
0.198513
0.231275
0.248282
0.214535
0.199231
0.220796
0.223086
0.230515
0.264536
0.254265
0.226133
0.257603
0.264605
0.216787
0.252795
0.266923
0.212722
0.197128
0.241194
0.194987
0.226688
0.294188
0.203838
0.217902
0.227266
0.257158
0.227137
0.273579
0.225507
0.245920
0.222687
0.232546
0.239099
0.265010
0.214908
0.267746
0.271236
0.300520
0.232252
0.243609
0.249736
0.214564
0.217510
0.237611
0.239406
0.245896
0.305952
0.249001
0.255497
0.250575
0.301167
0.243005
0.212188
0.231515
0.250809
0.303876
0.237050
0.271376
0.204477
0.204681
0.248319
0.309316
0.273531
0.205286
0.231500
0.251456
0.243347
0.235386
0.290651
0.212394
0.223181
0.270619
0.252728
0.277003
0.239405
0.231565
0.225053
0.239582
0.247186
0.275492
0.222944
0.285199
0.292541
0.225678
0.295497
0.251503
0.279635
0.293006
0.265406
0.231728
0.264823
0.239536
0.266412
0.224701
0.245271
0.215391
0.238356
0.264344
0.287846
0.234123
0.229718
0.249809
0.233101
0.254599
0.241141
0.217425
0.259151
0.231529
0.255193
0.214682
0.263423
0.278901
0.227177
0.211047
0.273539
0.286403
0.247585
0.239042
0.250320
0.204266
0.242192
0.239353
0.273091
0.260997
0.197365
0.236918
0.216799
0.297235
0.209684
0.227470
0.240551
0.217993
0.285080
0.233285
0.229942
0.229006
0.244820
0.243358
0.221285
0.268417
0.252980
0.284449
0.250238
0.240339
0.211643
0.244867
0.238876
0.218706
0.241299
0.213393
0.222012
0.225429
0.219810
0.258087
0.252087
0.195931
0.224552
0.269133
0.228021
0.252163
0.267211
0.303025
0.263171
0.242217
0.261101
0.229121
0.255386
0.251807
0.232718
0.245425
0.259728
0.214905
0.209887
0.257038
0.262641
0.256397
0.250215
0.228602
0.272682
0.219135
0.242756
0.246236
0.202547
0.226530
0.270697
0.291246
0.217086
0.218389
0.209549
0.255948
0.249164
0.214575
0.224964
0.274028
0.262816
0.250752
0.228135
0.234512
0.270086
0.273679
0.252276
0.241094
0.231398
0.219565
0.260442
0.237159
0.250337
0.218633
0.223492
0.210117
0.215976
0.256753
0.223712
0.221539
0.269384
0.279893
0.323844
0.276397
0.218230
0.241109
0.218638
0.286620
0.250173
0.212401
0.243559
0.202248
0.246482
0.231326
0.234147
0.228904
0.263757
0.283471
0.230957
0.246349
0.286073
0.277833
0.251343
0.244242
0.244963
0.248646
0.254966
0.246582
0.241133
0.282690
0.227893
0.227849
0.304851
0.237864
0.290278
0.231199
0.210958
0.235939
0.253943
0.236679
0.234588
0.246807
0.254008
0.203377
0.218722
0.202200
0.216942
0.237932
0.264299
0.267856
0.243320
0.243125
0.212523
0.251160
0.222485
0.253134
0.233291
0.248544
0.243656
0.239594
0.196286
0.243487
0.302327
0.253295
0.210658
0.263006
0.255159
0.222028
0.236896
0.229493
0.218500
0.257903
0.249813
0.267810
0.265180
0.218244
0.218535
0.235692
0.225844
0.229378
0.246301
0.235728
0.210328
0.204119
0.236814
0.211341
0.276437
0.241416
0.209601
0.212363
0.229968
0.262105
0.205741
0.244666
0.228478
0.229244
0.255257
0.220557
0.248187
0.245931
0.216982
0.255335
0.216362
0.224497
0.190151
0.279391
0.287299
0.268322
0.222647
0.280318
0.247438
0.224031
0.200681
0.254271
0.249058
0.225331
0.222707
0.253618
0.259710
0.255920
0.231006
0.237176
0.281312
0.211980
0.253108
0.230943
0.255006
0.245823
0.261880
0.265926
0.344036
0.271380
0.306673
0.228763
0.217570
0.282503
0.251017
0.235699
0.244532
0.218714
0.204676
0.392583
0.208185
0.215988
0.225085
0.195902
0.323345
0.207463
0.273276
0.254464
0.230640
0.233147
0.231775
0.247372
0.251867
0.225912
0.230256
0.241169
0.218032
0.230712
0.231368
0.239641
0.242358
0.216913
0.251750
0.225597
0.223473
0.249765
0.248943
0.180176
0.227474
0.203729
0.221514
0.280405
0.227839
0.240081
0.200806
0.219167
0.187236
0.255120
0.219613
0.219107
0.240421
0.251242
0.216831
0.279056
0.241585
0.276474
0.208129
0.255352
0.222464
0.249892
0.279992
0.249953
0.287409
0.234908
0.228424
0.248189
0.271487
0.259406
0.227538
0.240391
0.259104
0.258742
0.221036
0.212549
0.213257
0.265132
0.225717
0.230883
0.227886
0.217453
0.247374
0.204877
0.208994
0.242046
0.244652
0.273458
0.223179
0.237000
0.233237
0.228549
0.222750
0.224402
0.231837
0.223398
0.232627
0.190354
0.282479
0.216114
0.250992
0.252512
0.234461
0.232909
0.226474
0.255019
0.227572
0.204492
0.290823
0.243374
0.191135
0.208712
0.280486
0.277994
0.233901
0.258408
0.251633
0.231858
0.197758
0.253569
0.223343
0.217362
0.312384
0.284856
0.189262
0.251729
0.256699
0.205437
0.224194
0.365719
0.259292
0.266859
0.234498
0.238916
0.226674
0.263323
0.246158
0.296962
0.259105
0.240118
0.295180
0.315199
0.222288
0.272964
0.255987
0.246406
0.305799
0.294723
0.260074
0.241798
0.263253
0.242943
0.282551
0.216643
0.273023
0.237786
0.276701
0.226997
0.259605
0.235945
0.244269
0.232308
0.246540
0.301144
0.238629
0.246707
0.234207
0.279081
0.237035
0.231964
0.218208
0.224230
0.223472
0.266068
0.230963
0.230638
0.213902
0.255802
0.247935
0.209383
0.234132
0.248911
0.236355
0.256085
0.254798
0.218155
0.210895
0.260187
0.247944
0.221937
0.255698
0.231227
0.237543
0.200217
0.215213
0.284703
0.218399
0.248198
0.243574
0.214061
0.268437
0.254984
0.243640
0.229174
0.216207
0.242629
0.208773
0.266596
0.199523
0.211394
0.209060
0.258594
0.209436
0.225709
0.233765
0.281666
0.223547
0.194473
0.229721
0.270128
0.258939
0.223766
0.214930
0.227529
0.225434
0.211635
0.189966
0.213245
0.224978
0.241826
0.202825
0.204207
0.227521
0.250584
0.224135
0.241741
0.218841
0.232753
0.213670
0.231434
0.257117
0.232353
0.253926
0.238057
0.255269
0.255426
0.228303
0.226308
0.206698
0.240543
0.240207
0.278618
0.235933
0.257344
0.246270
0.224825
0.212967
0.219551
0.247256
0.227273
0.213073
0.219319
0.221616
0.222931
0.280150
0.242840
0.280909
0.252809
0.266006
0.253518
0.256821
0.246999
0.222886
0.255053
0.258899
0.245307
0.208779
0.240460
0.268355
0.266595
0.341608
0.245716
0.247228
0.236127
0.279672
0.251029
0.251996
0.297637
0.246435
0.245328
0.226459
0.317911
0.240078
0.255676
0.302836
0.241015
0.218365
0.276741
0.243716
0.268267
0.300071
0.296076
0.272851
0.262613
0.270050
0.292368
0.293845
0.274118
0.254902
0.216248
0.211908
0.198590
0.211313
0.275890
0.257172
0.230438
0.210243
0.232322
0.281149
0.245022
0.221022
0.239846
0.231878
0.234425
0.226625
0.209185
0.240403
0.202364
0.208686
0.246572
0.269460
0.223943
0.271112
0.223936
0.226865
0.229220
0.226931
0.254115
0.237071
0.245719
0.188920
0.191198
0.240512
0.271530
0.257481
0.246886
0.242484
0.289129
0.217191
0.207069
0.260457
0.231000
0.203551
0.237964
0.240889
0.246429
0.252148
0.224633
0.274923
0.239196
0.240822
0.202198
0.224388
0.209288
0.262190
0.289496
0.237890
0.214533
0.207918
0.278687
0.231414
0.228842
0.225821
0.224596
0.273981
0.223880
0.311349
0.220562
0.231324
0.230237
0.214091
0.224368
0.196493
0.283742
0.209276
0.218939
0.285109
0.189617
0.217348
0.187419
0.244567
0.212301
0.278089
0.235754
0.247221
0.244173
0.231909
0.228689
0.227009
0.226016
0.227315
0.246287
0.249328
0.278760
0.222517
0.286454
0.240693
0.210730
0.219200
0.232418
0.215407
0.200256
0.248780
0.280712
0.249125
0.248215
0.307697
0.226118
0.227557
0.230410
0.210258
0.233759
0.243466
0.284078
0.239713
0.236831
0.262405
0.214418
0.242860
0.232040
0.214597
0.248472
0.231205
0.243039
0.272074
0.245461
0.262833
0.202384
0.216029
0.278684
0.243022
0.224763
0.202544
0.214603
0.269351
0.234468
0.222221
0.241621
0.229081
0.233768
0.235800
0.236375
0.259752
0.287925
0.235417
0.242368
0.239963
0.243045
0.251125
0.248376
0.270306
0.228317
0.241773
0.241353
0.288446
0.297953
0.297180
0.230266
0.285678
0.227465
0.275684
0.233496
0.223621
0.243574
0.242155
0.238210
0.231607
0.285357
0.276745
0.268565
0.264367
0.256049
0.253384
0.255909
0.288272
0.228874
0.269040
0.305747
0.265969
0.220319
0.285306
0.252667
0.248533
0.266663
0.226647
0.264263
0.250745
0.233951
0.250699
0.253787
0.250783
0.261643
0.316425
0.223014
0.251181
0.234543
0.253474
0.251800
0.207908
0.228168
0.272084
0.209371
0.255182
0.238244
0.230843
0.265625
0.235021
0.214939
0.250803
0.236868
0.231838
0.310256
0.205504
0.229157
0.276973
0.223298
0.229094
0.219042
0.238427
0.256342
0.236073
0.233583
0.222915
0.233038
0.222728
0.230898
0.210840
0.199709
0.244776
0.211174
0.227263
0.255575
0.221844
0.235145
0.225207
0.228799
0.240212
0.254390
0.229332
0.231112
0.240598
0.276598
0.301980
0.194219
0.239132
0.245387
0.259335
0.283864
0.248337
0.233721
0.248671
0.227634
0.228363
0.255383
0.234917
0.251003
0.240857
0.245699
0.245847
0.223548
0.220403
0.268669
0.279430
0.205710
0.235239
0.256547
0.233894
0.221056
0.248640
0.226439
0.233799
0.212338
0.231941
0.225790
0.192544
0.267644
0.221628
0.222272
0.312213
0.223023
0.295276
0.241347
0.204638
0.293760
0.213748
0.244674
0.237698
0.253604
0.184559
0.224477
0.235624
0.251781
0.214702
0.202010
0.222284
0.199828
0.225769
0.260318
0.236196
0.244318
0.225185
0.218688
0.218327
0.216251
0.253052
0.256294
0.250229
0.222382
0.207335
0.222591
0.236185
0.218913
0.203440
0.278081
0.219049
0.190528
0.239784
0.223564
0.221452
0.233429
0.211459
0.221203
0.253858
0.255072
0.227749
0.222870
0.235887
0.183815
0.322536
0.193060
0.210388
0.232257
0.223022
0.232136
0.236138
0.223654
0.238321
0.218506
0.225162
0.232152
0.196966
0.251832
0.192875
0.234284
0.217798
0.240341
0.299195
0.214237
0.229973
0.255952
0.204689
0.251199
0.244090
0.229086
0.206136
0.245061
0.198796
0.294327
0.204877
0.214521
0.199827
0.228249
0.193683
0.238174
0.286799
0.219847
0.265206
0.265698
0.232947
0.219868
0.249549
0.268662
0.220936
0.199818
0.234568
0.212007
0.225890
0.203242
0.198423
0.221322
0.286924
0.193475
0.219882
0.210244
0.204779
0.227877
0.197820
0.200567
0.253260
0.229738
0.239758
0.219682
0.229922
0.211097
0.247993
0.198713
0.234013
0.212556
0.203243
0.200704
0.213567
0.264607
0.218426
0.279653
0.193864
0.280761
0.232018
0.209099
0.240750
0.236716
0.259426
0.313146
0.212395
0.224319
0.208507
0.204655
0.237175
0.233856
0.194855
0.217652
0.235134
0.251294
0.252463
0.184605
0.217945
0.255268
0.277077
0.240506
0.236254
0.265853
0.252562
0.248293
0.235273
0.259340
0.240809
0.244990
0.239494
0.225124
0.236841
0.254755
0.213115
0.255869
0.219831
0.289771
0.318503
0.267222
0.296494
0.245818
0.257138
0.217339
0.278502
0.262102
0.260167
0.243497
0.281072
0.236373
0.252159
0.235345
0.230249
0.240348
0.260707
0.231651
0.253087
0.239145
0.265956
0.241393
0.264834
0.249031
0.264315
0.248482
0.277191
0.248119
0.239346
0.203437
0.271528
0.265969
0.340556
0.297597
0.235215
0.242243
0.229808
0.225091
0.225975
0.286589
0.242660
0.258980
0.221051
0.198171
0.230661
0.207466
0.230581
0.243736
0.272524
0.218632
0.246750
0.224539
0.249829
0.212210
0.190033
0.228895
0.239203
0.214911
0.252487
0.222011
0.257440
0.229382
0.277572
0.252901
0.269299
0.199064
0.223676
0.248926
0.226261
0.218285
0.217406
0.198270
0.216484
0.249689
0.227531
0.217212
0.255946
0.218537
0.211790
0.234580
0.257717
0.264728
0.225991
0.247573
0.273560
0.254288
0.251711
0.221733
0.254002
0.284396
0.229739
0.211325
0.247880
0.208954
0.275264
0.264809
0.245432
0.239555
0.226595
0.285916
0.213461
0.247024
0.196133
0.236202
0.296118
0.227833
0.202574
0.212006
0.258950
0.271811
0.278792
0.229691
0.260970
0.312910
0.220252
0.276583
0.215093
0.277994
0.230830
0.225855
0.233298
0.242072
0.274772
0.246730
0.227285
0.222914
0.253062
0.237387
0.227175
0.237121
0.212703
0.228399
0.246850
0.255737
0.203242
0.229877
0.210145
0.213040
0.234864
0.250236
0.183158
0.230219
0.207850
0.205347
0.197157
0.187370
0.252534
0.200493
0.214852
0.209847
0.202382
0.224762
0.225865
0.244294
0.218000
0.236639
0.244695
0.196021
0.240652
0.215316
0.236222
0.236648
0.207132
0.226196
0.250413
0.227766
0.233884
0.204777
0.234719
0.215184
0.232079
0.229068
0.272776
0.238217
0.199755
0.202495
0.254005
0.215445
0.253407
0.232941
0.228121
0.250317
0.215973
0.252674
0.188525
0.228257
0.205021
0.221960
0.267234
0.274172
0.220660
0.241905
0.244176
0.222706
0.204462
0.223662
0.271654
0.250330
0.216444
0.261434
0.225124
0.229907
0.247032
0.259581
0.227086
0.238353
0.262996
0.259704
0.210711
0.198766
0.229144
0.217809
0.249898
0.259511
0.223282
0.214396
0.240780
0.245734
0.213933
0.198689
0.215351
0.248680
0.236791
0.238865
0.239365
0.244946
0.215119
0.285492
0.260072
0.215393
0.196846
0.203183
0.215619
0.213281
0.241853
0.241361
0.212810
0.262918
0.226625
0.189101
0.247473
0.238950
0.254242
0.227215
0.229099
0.250283
0.204367
0.214041
0.207439
0.222879
0.212537
0.209873
0.198293
0.238291
0.232679
0.214056
0.236010
0.195120
0.239765
0.219250
0.211908
0.225443
0.261835
0.232770
0.229514
0.190858
0.201039
0.196046
0.234075
0.213152
0.234155
0.198180
0.219673
0.211326
0.270628
0.298336
0.251633
0.230887
0.208419
0.235861
0.227405
0.226152
0.231408
0.233957
0.200952
0.219885
0.200622
0.213683
0.232009
0.252565
0.236150
0.202191
0.240658
0.224510
0.200304
0.216472
0.224823
0.221193
0.240611
0.244875
0.212818
0.259416
0.211948
0.253588
0.235076
0.243242
0.244041
0.286668
0.229416
0.238263
0.227173
0.201863
0.196326
0.285446
0.247617
0.207478
0.254081
0.259235
0.222782
0.249645
0.270045
0.216058
0.209333
0.216781
0.340305
0.257788
0.240567
0.209084
0.214134
0.203328
0.237242
0.198707
0.219761
0.257753
0.251364
0.211531
0.224744
0.228144
0.248566
0.216290
0.240574
0.182438
0.239075
0.204411
0.205428
0.200481
0.203646
0.227188
0.215857
0.198446
0.215884
0.207727
0.221647
0.218444
0.228288
0.205311
0.237448
0.268012
0.238594
0.242569
0.195108
0.171637
0.221783
0.193901
0.215760
0.244153
0.249131
0.226591
0.234418
0.221499
0.178224
0.213496
0.212044
0.239338
0.242080
0.264415
0.233734
0.255056
0.278777
0.284885
0.195474
0.230934
0.246973
0.281200
0.229292
0.205424
0.217107
0.235602
0.237906
0.212864
0.217524
0.231158
0.221396
0.271966
0.240987
0.224722
0.264346
0.249409
0.236032
0.219406
0.220582
0.264339
0.221240
0.254146
0.264659
0.275189
0.215076
0.220846
0.294641
0.220356
0.212579
0.224976
0.220422
0.250067
0.212708
0.235852
0.215299
0.283661
0.275150
0.243234
0.226325
0.243679
0.234052
0.209803
0.250533
0.216046
0.250747
0.225218
0.230455
0.207630
0.270630
0.253654
0.255777
0.222357
0.243126
0.248963
0.335641
0.299087
0.209307
0.195232
0.243924
0.224018
0.288482
0.204138
0.224376
0.226282
0.222577
0.271503
0.208712
0.206345
0.212377
0.211437
0.214831
0.217717
0.207906
0.234099
0.197530
0.237116
0.208544
0.258340
0.247757
0.236689
0.259691
0.237807
0.201815
0.240392
0.229987
0.226848
0.199628
0.235828
0.265207
0.210323
0.282796
0.224999
0.249531
0.220856
0.236621
0.227570
0.223874
0.231868
0.245782
0.210203
0.245177
0.242955
0.232819
0.197193
0.251748
0.216397
0.231964
0.272997
0.188498
0.216030
0.204187
0.266865
0.219934
0.227894
0.212769
0.240566
0.244091
0.278924
0.238684
0.212911
0.232415
0.238153
0.274661
0.219381
0.215922
0.230426
0.215755
0.251692
0.236031
0.193600
0.231558
0.194026
0.273075
0.228282
0.208738
0.215537
0.185390
0.234290
0.199180
0.187493
0.207252
0.223281
0.219339
0.211061
0.195896
0.250744
0.288962
0.206214
0.232556
0.217433
0.189292
0.200293
0.213514
0.193485
0.216652
0.208323
0.223539
0.246261
0.240287
0.221653
0.208803
0.231332
0.208726
0.188242
0.192925
0.212664
0.208615
0.208265
0.221875
0.228955
0.218952
0.218442
0.227167
0.212169
0.195113
0.234012
0.226867
0.244565
0.215992
0.213675
0.263111
0.203995
0.212652
0.241601
0.183740
0.215459
0.205533
0.268987
0.252395
0.235341
0.191855
0.197404
0.201506
0.182858
0.271016
0.220873
0.247549
0.262856
0.226984
0.188222
0.206515
0.205453
0.201500
0.222276
0.275641
0.186709
0.238477
0.237100
0.241232
0.196419
0.171362
0.250495
0.215361
0.207519
0.273744
0.204045
0.213264
0.246638
0.202118
0.206150
0.215449
0.263750
0.302821
0.227705
0.252099
0.220255
0.227141
0.296025
0.246465
0.220350
0.255106
0.227324
0.203531
0.256335
0.209190
0.260272
0.251604
0.201275
0.244809
0.220228
0.231397
0.229263
0.201785
0.228681
0.256749
0.272264
0.217953
0.218918
0.193604
0.231464
0.228566
0.237009
0.216503
0.229287
0.234627
0.233681
0.234364
0.205658
0.236097
0.203042
0.227112
0.222414
0.226877
0.231364
0.202007
0.214098
0.248734
0.230192
0.239267
0.206949
0.214773
0.218169
0.231064
0.218012
0.196724
0.210574
0.215803
0.203272
0.248644
0.223053
0.177731
0.194018
0.229539
0.217053
0.214417
0.249321
0.234427
0.232500
0.228845
0.228720
0.231084
0.200483
0.230381
0.227077
0.245023
0.203362
0.201546
0.221428
0.200675
0.200210
0.227420
0.194133
0.248851
0.237011
0.252807
0.212308
0.221446
0.253182
0.199483
0.188859
0.211424
0.203077
0.231097
0.242019
0.219665
0.205288
0.208056
0.219445
0.204981
0.207969
0.247607
0.200232
0.291126
0.250500
0.214437
0.204197
0.230457
0.241059
0.213332
0.197057
0.283658
0.238855
0.180206
0.210373
0.223858
0.209133
0.248594
0.234324
0.212430
0.274590
0.242623
0.212587
0.235221
0.218405
0.249842
0.230785
0.218296
0.257297
0.212515
0.213588
0.261392
0.242332
0.242952
0.221704
0.224856
0.219102
0.217689
0.223870
0.249639
0.188026
0.197514
0.200210
0.209777
0.211854
0.205012
0.209633
0.210072
0.247324
0.231782
0.213563
0.212134
0.223922
0.196463
0.216747
0.244529
0.211276
0.210013
0.252577
0.216754
0.216835
0.226152
0.246310
0.197661
0.259336
0.191864
0.188746
0.188788
0.195688
0.229543
0.266314
0.223906
0.229709
0.231315
0.227093
0.235918
0.263860
0.254301
0.207147
0.209912
0.246547
0.213570
0.222796
0.264209
0.226178
0.254294
0.245510
0.208422
0.197232
0.246201
0.242402
0.235793
0.256980
0.215039
0.202643
0.233916
0.204502
0.231724
0.301351
0.262110
0.214507
0.235535
0.263929
0.289864
0.252305
0.229142
0.226855
0.226505
0.290394
0.230995
0.303493
0.252263
0.219460
0.259294
0.200448
0.228822
0.202815
0.242254
0.232108
0.277578
0.258230
0.273169
0.242373
0.229966
0.222844
0.225542
0.239707
0.208385
0.249776
0.220290
0.247425
0.204816
0.204933
0.214839
0.248057
0.210132
0.198574
0.229301
0.217538
0.217039
0.222625
0.240589
0.242597
0.232976
0.207921
0.204187
0.220914
0.203084
0.229484
0.216725
0.207808
0.279579
0.201968
0.243900
0.223218
0.180962
0.278858
0.192164
0.214993
0.255339
0.197948
0.212138
0.231670
0.216394
0.198461
0.204854
0.222745
0.249354
0.281935
0.230646
0.200503
0.237915
0.217944
0.220038
0.308023
0.210374
0.210982
0.232798
0.208218
0.217080
0.262861
0.278086
0.243972
0.221808
0.210328
0.237687
0.232591
0.220017
0.274961
0.210777
0.220821
0.274006
0.172935
0.247066
0.202853
0.203700
0.202070
0.313957
0.230035
0.255928
0.230541
0.239394
0.262169
0.220178
0.255516
0.297983
0.253801
0.204680
0.248163
0.287647
0.200442
0.191570
0.284628
0.257845
0.327441
0.283919
0.191505
0.258757
0.244570
0.249566
0.245759
0.249467
0.252596
0.199761
0.219944
0.229186
0.231355
0.263158
0.254185
0.258981
0.235488
0.218001
0.220080
0.219728
0.246173
0.285021
0.277647
0.223085
0.236562
0.268688
0.263752
0.219305
0.204190
0.214576
0.227313
0.248897
0.279434
0.210161
0.233601
0.229391
0.225057
0.241672
0.255967
0.254420
0.255862
0.271461
0.227293
0.245215
0.256644
0.240468
0.204127
0.254554
0.228407
0.241871
0.231687
0.255357
0.283865
0.227363
0.210539
0.227423
0.244354
0.214369
0.250666
0.236874
0.216158
0.224167
0.253573
0.199545
0.271934
0.283986
0.238853
0.221440
0.220050
0.220924
0.235732
0.239091
0.272238
0.259120
0.207186
0.230687
0.225593
0.252369
0.232147
0.250499
0.272804
0.207354
0.211826
0.242529
0.244032
0.293278
0.273384
0.250277
0.278445
0.220643
0.235729
0.270363
0.236162
0.231851
0.204764
0.211886
0.214084
0.241608
0.232791
0.230142
0.220735
0.225753
0.204202
0.231552
0.235719
0.231554
0.259975
0.202497
0.247481
0.241283
0.271530
0.199059
0.219082
0.257511
0.266992
0.240402
0.259068
0.229792
0.199968
0.262721
0.248097
0.225833
0.220456
0.201406
0.233193
0.231266
0.238606
0.173846
0.222379
0.241944
0.204730
0.212968
0.233223
0.203325
0.207729
0.210372
0.207825
0.205014
0.235598
0.227827
0.228269
0.204904
0.215818
0.220189
0.248361
0.256442
0.289636
0.232900
0.193727
0.265697
0.226851
0.226041
0.264662
0.234948
0.264071
0.252458
0.202106
0.233872
0.190720
0.256858
0.185712
0.227162
0.225510
0.191570
0.223843
0.187111
0.229083
0.254147
0.220569
0.232390
0.298202
0.219482
0.198790
0.210938
0.314188
0.220801
0.217759
0.257800
0.248568
0.218183
0.226575
0.264869
0.219961
0.231108
0.275202
0.278993
0.196665
0.214669
0.237058
0.210879
0.215494
0.213361
0.228429
0.203718
0.219154
0.214137
0.227264
0.252760
0.214436
0.202855
0.201755
0.211496
0.193862
0.201083
0.222971
0.210733
0.224619
0.230749
0.199996
0.233909
0.213998
0.208119
0.219626
0.225997
0.281947
0.230967
0.211799
0.203429
0.215812
0.201893
0.239136
0.205712
0.228505
0.191539
0.208325
0.220036
0.261992
0.197124
0.213925
0.199484
0.210544
0.254927
0.206566
0.221482
0.227768
0.260328
0.227952
0.233765
0.228171
0.201979
0.227682
0.235913
0.238644
0.220959
0.248495
0.260749
0.216824
0.221491
0.244727
0.229562
0.195895
0.282682
0.201532
0.242730
0.196839
0.304369
0.210761
0.250426
0.226044
0.230051
0.264822
0.251895
0.206880
0.211822
0.217777
0.222840
0.223920
0.232958
0.208932
0.230153
0.249137
0.214947
0.218641
0.212556
0.245782
0.248575
0.253657
0.248065
0.214935
0.209232
0.207437
0.237282
0.317586
