epoch,train_loss,train_xent,valid_loss,valid_xent,valid_xent_accuracy,valid_exp_accuracy,valid_xent_qwk,valid_exp_qwk,learning_rate,mb_time,time
1,2.965026,2.102397,2.485689,1.625378,0.365889,0.333819,0.660008,0.659188,0.001000,0.481700,205.691160
2,2.386223,1.531791,2.293114,1.445169,0.424198,0.395044,0.693087,0.718843,0.001000,0.441313,196.837486
3,2.225206,1.384283,2.222513,1.388840,0.472303,0.414723,0.714552,0.746017,0.001000,0.441220,196.774467
4,2.099462,1.273520,2.146760,1.328785,0.473032,0.436589,0.744099,0.787292,0.001000,0.441391,196.502106
5,2.030087,1.219771,2.059017,1.256734,0.505102,0.465743,0.753444,0.789432,0.001000,0.440965,197.204519
6,1.948692,1.154251,2.024097,1.237664,0.513848,0.487609,0.772847,0.797184,0.001000,0.441081,197.292922
7,1.865188,1.086680,1.889456,1.119170,0.558309,0.516764,0.823106,0.850483,0.001000,0.441382,197.393083
8,1.770969,1.008531,1.826772,1.072153,0.570700,0.527697,0.824768,0.853411,0.001000,0.441152,197.439560
9,1.723568,0.976411,1.808121,1.068422,0.590379,0.532070,0.848427,0.867527,0.001000,0.440839,197.403467
10,1.663840,0.931384,1.698207,0.972878,0.637026,0.577259,0.857891,0.880490,0.001000,0.441066,197.451185
11,1.592087,0.873938,1.734294,1.023446,0.624636,0.583090,0.853689,0.872210,0.001000,0.441164,197.476954
12,1.539169,0.835104,1.677474,0.980262,0.614431,0.565598,0.858271,0.870373,0.001000,0.441442,197.504996
13,1.501346,0.810316,1.658268,0.973812,0.623907,0.600583,0.866096,0.887567,0.001000,0.440931,197.534925
14,1.436695,0.758223,1.636702,0.964173,0.650146,0.602041,0.866148,0.886789,0.001000,0.441208,197.465803
15,1.406656,0.739922,1.575535,0.914492,0.628280,0.595481,0.860761,0.883655,0.001000,0.441261,197.584790
16,1.350838,0.695680,1.491926,0.842276,0.666910,0.645044,0.899055,0.918336,0.001000,0.441258,197.505584
17,1.316109,0.671860,1.542230,0.902878,0.658892,0.620991,0.881338,0.906444,0.001000,0.441008,197.538983
18,1.273989,0.639633,1.516653,0.887325,0.662536,0.637026,0.875046,0.898933,0.001000,0.441476,197.587678
19,1.239120,0.614513,1.473793,0.853685,0.688776,0.660350,0.894428,0.902548,0.001000,0.441376,197.557668
20,1.221495,0.605539,1.432364,0.820324,0.710641,0.686589,0.908675,0.922687,0.001000,0.441868,197.615680
21,1.174145,0.566509,1.434044,0.830408,0.686589,0.672012,0.884958,0.910002,0.001000,0.441239,197.564977
22,1.152551,0.552557,1.444245,0.847732,0.706268,0.674927,0.897517,0.915362,0.001000,0.441304,197.564882
23,1.099796,0.506960,1.434080,0.844793,0.701895,0.690962,0.898779,0.914769,0.001000,0.441494,197.430811
24,1.095824,0.509533,1.365372,0.781943,0.712828,0.685860,0.910522,0.924323,0.001000,0.440994,197.458092
25,1.061709,0.481768,1.349406,0.772432,0.717201,0.704810,0.902076,0.915220,0.001000,0.441379,197.569242
26,1.032354,0.458379,1.358991,0.787346,0.713557,0.695335,0.905001,0.920113,0.001000,0.441273,197.593301
27,1.008307,0.439404,1.396598,0.830022,0.710641,0.699708,0.905311,0.917470,0.001000,0.441272,197.589225
28,0.988395,0.424545,1.453054,0.891643,0.713557,0.690233,0.913465,0.921643,0.001000,0.441502,197.572589
29,0.974715,0.415177,1.329456,0.771775,0.724490,0.732507,0.906393,0.925806,0.001000,0.441087,197.456224
30,0.956480,0.400764,1.350126,0.796108,0.704810,0.690233,0.898341,0.914603,0.001000,0.441367,197.599113
31,0.936327,0.384578,1.374099,0.824263,0.720845,0.707726,0.903236,0.916780,0.001000,0.441403,197.611625
32,0.922791,0.374793,1.330999,0.784989,0.749271,0.731778,0.920398,0.925455,0.001000,0.441535,197.686614
33,0.874943,0.331388,1.289019,0.747449,0.739067,0.725948,0.909586,0.926380,0.001000,0.441256,197.584434
34,0.889127,0.349115,1.345825,0.807142,0.741254,0.714286,0.918766,0.925065,0.001000,0.441417,197.711501
35,0.861337,0.324965,1.267348,0.732263,0.751458,0.732507,0.919087,0.929329,0.001000,0.441297,197.651358
36,0.852303,0.319045,1.380400,0.848850,0.728134,0.716472,0.899489,0.917227,0.001000,0.441132,197.667693
37,0.857941,0.327314,1.340438,0.809843,0.741983,0.734694,0.920672,0.929586,0.001000,0.441238,197.691724
38,0.831548,0.302813,1.361479,0.833975,0.733965,0.731050,0.912678,0.927001,0.001000,0.441429,197.619733
39,0.819381,0.293413,1.318957,0.794326,0.745627,0.740525,0.917030,0.930566,0.001000,0.441391,197.656775
40,0.785493,0.263490,1.336619,0.816014,0.749271,0.743440,0.916828,0.930770,0.001000,0.441237,197.657576
1,0.664723,0.145483,1.232163,0.714692,0.797376,0.784257,0.937724,0.943863,0.000100,0.480745,204.605047
2,0.605477,0.089921,1.256021,0.742435,0.798105,0.799563,0.929361,0.941066,0.000100,0.443538,195.354032
3,0.583707,0.072088,1.273472,0.763857,0.805394,0.803936,0.939399,0.949822,0.000100,0.441675,195.183828
4,0.568217,0.060512,1.337614,0.831854,0.801020,0.801749,0.939574,0.945098,0.000100,0.442135,195.204570
5,0.552957,0.049115,1.352503,0.850585,0.806122,0.798105,0.943902,0.947100,0.000100,0.442082,195.567204
6,0.542768,0.042692,1.393212,0.895007,0.802478,0.801020,0.941251,0.947704,0.000100,0.440893,196.761392
7,0.532659,0.036314,1.377930,0.883456,0.806851,0.803936,0.946034,0.948384,0.000100,0.441337,197.598326
8,0.525593,0.032926,1.457301,0.966466,0.807580,0.804665,0.944304,0.948817,0.000100,0.441384,197.423306
9,0.517884,0.028824,1.444162,0.956917,0.801749,0.801020,0.939924,0.946907,0.000100,0.441114,197.270896
10,0.512740,0.027236,1.432831,0.949095,0.806122,0.802478,0.944703,0.950385,0.000100,0.441324,197.570420
11,0.506393,0.024379,1.485397,1.005125,0.811224,0.803207,0.944343,0.947903,0.000100,0.441120,197.490995
12,0.507126,0.028478,1.463262,0.986245,0.815598,0.810496,0.941974,0.946474,0.000100,0.441130,197.628209
13,0.499547,0.024108,1.574824,1.101004,0.791545,0.792274,0.932062,0.936359,0.000100,0.441138,197.528162
14,0.496309,0.024073,1.481802,1.011147,0.814869,0.804665,0.942429,0.947716,0.000100,0.440822,197.422028
15,0.489169,0.020046,1.481527,1.013993,0.807580,0.809038,0.941349,0.947022,0.000100,0.441388,197.495118
16,0.483466,0.017478,1.499460,1.035031,0.816327,0.809767,0.940896,0.945678,0.000100,0.440852,197.291996
17,0.481243,0.018336,1.503436,1.042065,0.811953,0.809767,0.933192,0.939666,0.000100,0.441187,197.295493
18,0.474780,0.014921,1.556223,1.097924,0.801749,0.794461,0.941240,0.944710,0.000100,0.441142,197.287420
19,0.477439,0.020575,1.621572,1.166127,0.806851,0.803936,0.929505,0.937151,0.000100,0.440829,197.346435
20,0.469657,0.015644,1.500242,1.047709,0.802478,0.801020,0.932677,0.942588,0.000100,0.441222,197.305348
21,0.468717,0.017577,1.463807,1.014047,0.819971,0.814140,0.943708,0.947007,0.000100,0.440969,197.202937
22,0.465806,0.017378,1.628744,1.181667,0.798834,0.795190,0.935279,0.941823,0.000100,0.441060,197.072524
23,0.461377,0.015644,1.565155,1.120794,0.808309,0.802478,0.939646,0.944044,0.000100,0.441202,197.202218
24,0.460117,0.017015,1.561383,1.119547,0.809038,0.801020,0.943501,0.945330,0.000100,0.441005,197.114671
25,0.455142,0.014632,1.559401,1.120219,0.811224,0.804665,0.939726,0.945567,0.000100,0.441316,197.180162
26,0.449057,0.011196,1.567099,1.130608,0.806122,0.804665,0.941966,0.945239,0.000100,0.441021,197.189611
27,0.445648,0.010497,1.612021,1.178251,0.806122,0.805394,0.939709,0.942420,0.000100,0.441325,197.220214
28,0.443253,0.010824,1.532088,1.100989,0.813411,0.811953,0.939531,0.944321,0.000100,0.440916,197.144280
29,0.440492,0.010697,1.515076,1.086600,0.824344,0.820700,0.946161,0.946588,0.000100,0.441007,197.122733
30,0.443230,0.015993,1.667830,1.241821,0.803936,0.798834,0.938250,0.943650,0.000100,0.440988,197.164758
31,0.441879,0.016962,1.592515,1.168772,0.809767,0.806851,0.939241,0.941820,0.000100,0.441043,197.111871
32,0.433353,0.010819,1.534104,1.112828,0.821429,0.814869,0.950923,0.950568,0.000100,0.441326,197.113710
33,0.429576,0.009528,1.551504,1.132697,0.816327,0.815598,0.939122,0.943734,0.000100,0.440961,197.005246
34,0.426746,0.009213,1.601864,1.185584,0.801749,0.799563,0.942804,0.946586,0.000100,0.441305,197.112741
35,0.429526,0.014361,1.571222,1.157196,0.805394,0.798834,0.944239,0.945850,0.000100,0.441345,197.084882
