epoch,train_loss,avg_valid_loss,valid_accuracy,time
1,21.621391,18.942989,0.233200,296.536558
2,16.309856,14.151802,0.399400,295.684982
3,12.528159,11.389285,0.364000,296.216215
4,9.685520,8.555105,0.529400,296.130754
5,7.551301,7.043036,0.548400,295.532704
6,5.952642,5.240919,0.634000,295.613099
7,4.723622,4.248073,0.651400,296.322431
8,3.801998,3.305927,0.712200,295.882255
9,3.104865,3.142656,0.645800,298.051676
10,2.562840,2.392133,0.707400,296.342937
11,2.152832,1.941466,0.742200,296.433642
12,1.841742,1.782702,0.740200,296.172443
13,1.605772,1.711129,0.745800,297.332258
14,1.430955,1.399073,0.767200,298.373236
15,1.292246,1.253852,0.783800,296.263342
16,1.188209,1.241196,0.778400,296.117743
17,1.100360,1.195095,0.763000,296.206231
18,1.039790,0.998393,0.804200,296.195320
19,0.989631,0.952003,0.808000,295.999488
20,0.959274,1.099895,0.757200,296.308049
21,0.925004,0.960179,0.803400,296.034304
22,0.895765,0.894728,0.823200,296.361432
23,0.881721,0.842829,0.833400,296.024475
24,0.865756,1.084677,0.768800,296.680160
25,0.857853,0.979598,0.796600,296.153142
26,0.841568,0.873815,0.824600,296.090718
27,0.840696,1.180397,0.742000,295.974296
28,0.831587,0.845456,0.828200,296.047594
29,0.826139,0.778771,0.852200,295.743009
30,0.821011,1.040919,0.769400,295.877933
31,0.816483,1.100660,0.774200,295.898457
32,0.812818,0.843497,0.823400,296.419702
33,0.810385,0.781052,0.846400,295.416723
34,0.809506,0.878446,0.826400,295.652399
35,0.802825,0.872357,0.819600,296.524918
36,0.801971,0.985970,0.807000,295.729350
37,0.808954,0.927844,0.827000,296.235037
38,0.797822,0.848017,0.829400,296.011594
39,0.796400,0.809927,0.845600,296.659713
40,0.795843,0.873549,0.820800,296.468815
41,0.785147,0.937232,0.799600,295.973226
42,0.788859,0.899882,0.819600,296.326660
43,0.786378,0.814791,0.835400,295.887822
44,0.783383,0.896504,0.811600,296.188365
45,0.781247,1.098570,0.770600,296.012859
46,0.778595,1.012905,0.788800,296.327586
47,0.787019,0.966341,0.794600,296.290593
48,0.783390,0.987450,0.814400,295.659129
49,0.781904,0.857006,0.826400,297.455103
50,0.778506,0.818816,0.838200,297.373287
51,0.782385,0.947091,0.805600,295.918967
52,0.773936,1.022531,0.802200,295.516539
53,0.776963,0.741969,0.860800,295.705763
54,0.770094,0.986959,0.794200,295.694763
55,0.775738,0.999584,0.794800,295.598885
56,0.784239,0.824352,0.844200,295.998012
57,0.776124,0.836606,0.842400,298.336065
58,0.763312,1.090225,0.778200,297.532614
59,0.775891,0.925085,0.826400,295.578025
60,0.766105,0.791570,0.846200,296.346024
61,0.763841,0.881604,0.823400,295.568177
62,0.767155,0.793508,0.855600,296.145384
63,0.768485,0.795565,0.852800,296.656376
64,0.754550,0.729616,0.874000,298.834893
65,0.761734,0.800769,0.853800,297.205013
66,0.761974,0.798248,0.845600,297.687835
67,0.756680,0.742276,0.867800,297.512060
68,0.756822,0.766602,0.854600,298.025072
69,0.758628,0.812979,0.840000,297.585269
70,0.757649,0.999558,0.773000,297.774164
71,0.764647,0.983079,0.812200,298.246324
72,0.765612,1.071925,0.767600,298.215585
73,0.758908,0.787650,0.849000,295.744373
74,0.754024,0.854909,0.825000,296.011448
75,0.759676,0.828749,0.843200,298.183177
76,0.760610,0.832980,0.850600,296.344748
77,0.757457,0.797672,0.850200,296.113475
78,0.748447,0.886553,0.823800,295.635272
79,0.749679,0.878868,0.827000,295.545301
80,0.754677,0.767137,0.849600,296.264290
81,0.754439,0.801232,0.849200,295.617210
82,0.754096,0.778512,0.861400,295.696967
83,0.754618,0.805362,0.841600,296.157606
84,0.747862,0.913570,0.826200,296.717017
85,0.745593,0.985995,0.804600,296.279155
86,0.747521,0.931948,0.806600,295.663402
87,0.750725,0.786457,0.855200,296.012738
88,0.747030,0.844843,0.832600,296.026940
89,0.749331,0.768519,0.856600,296.517978
90,0.738847,0.793534,0.844200,295.866948
91,0.741054,0.865893,0.831600,295.968825
92,0.749533,1.014996,0.800000,295.681070
93,0.746572,0.750839,0.866200,295.970969
94,0.738986,0.689773,0.879400,295.841636
95,0.746803,1.104278,0.777000,295.750077
96,0.742640,0.772631,0.853600,296.036840
97,0.740260,0.841995,0.838600,296.326374
98,0.744632,0.793833,0.855200,297.023276
99,0.745577,1.036284,0.784000,298.093835
100,0.754809,0.983446,0.811200,295.686812
1,0.624478,0.608908,0.909800,443.187813
2,0.572735,0.578612,0.915000,440.454212
3,0.550869,0.558118,0.917400,440.931330
4,0.536636,0.588030,0.914800,441.089637
5,0.521226,0.560544,0.919200,441.289695
6,0.503855,0.548340,0.921000,440.940922
7,0.493342,0.542212,0.921200,441.122350
8,0.484213,0.517208,0.925800,441.275882
9,0.474270,0.570941,0.914400,441.527187
10,0.465228,0.539861,0.925200,443.691475
11,0.456972,0.508320,0.922400,442.538302
12,0.447567,0.528374,0.918800,442.963153
13,0.438764,0.540234,0.916800,443.182257
14,0.430632,0.499224,0.925800,443.983610
15,0.426191,0.508997,0.922200,446.019421
16,0.415567,0.519669,0.922000,445.370922
17,0.411548,0.523680,0.915200,446.116978
18,0.405727,0.489632,0.924200,447.121390
19,0.401057,0.479272,0.926600,448.037448
20,0.398140,0.503959,0.922600,449.206010
21,0.392033,0.485470,0.925000,450.246763
22,0.385728,0.487576,0.920600,450.378255
23,0.382314,0.491910,0.921800,450.533814
24,0.379753,0.501324,0.919000,451.605387
25,0.375062,0.521598,0.915800,454.054460
26,0.370799,0.475475,0.923600,456.305407
27,0.368765,0.497888,0.920600,456.060175
28,0.361158,0.502382,0.919400,455.470979
29,0.361515,0.456160,0.927400,453.419068
30,0.356720,0.485195,0.918600,453.389947
31,0.357508,0.458169,0.924600,454.846516
32,0.351089,0.433850,0.925600,453.398120
33,0.349138,0.435051,0.921000,451.290772
34,0.350224,0.460606,0.920200,449.759383
35,0.346494,0.481347,0.916600,449.217923
36,0.345726,0.517880,0.911000,450.642209
37,0.339526,0.525161,0.913200,449.087882
38,0.338875,0.463207,0.923800,449.328775
39,0.339892,0.490919,0.912800,449.932202
40,0.341028,0.485413,0.915400,451.609564
41,0.336643,0.536600,0.895800,454.123976
42,0.339205,0.446594,0.922000,451.268414
43,0.332585,0.472086,0.914800,449.083081
44,0.334027,0.434832,0.920600,447.404455
45,0.334349,0.451875,0.920400,446.889331
46,0.331174,0.469331,0.912600,447.318198
47,0.333509,0.487360,0.910600,446.377873
48,0.330393,0.498696,0.909400,445.416548
49,0.327627,0.433830,0.922600,444.934102
50,0.324778,0.446559,0.919600,445.076320
51,0.324354,0.457072,0.921200,445.704010
52,0.323199,0.480594,0.914600,446.414777
53,0.320435,0.439478,0.919600,444.203113
54,0.321972,0.481252,0.911400,443.444540
55,0.324854,0.481926,0.915000,442.895317
56,0.323063,0.484999,0.915000,442.570498
57,0.324292,0.460335,0.914400,443.627190
58,0.323406,0.466848,0.914600,442.556549
59,0.324593,0.486901,0.908800,441.893358
60,0.317250,0.434577,0.919800,441.595090
61,0.319648,0.448161,0.925600,441.155170
62,0.319740,0.473763,0.920400,442.173458
63,0.318661,0.412745,0.922000,441.702065
64,0.318093,0.465617,0.920000,441.235196
65,0.320835,0.480443,0.912200,440.654775
66,0.318122,0.435984,0.922400,440.768056
67,0.314940,0.431023,0.924000,441.502479
68,0.313819,0.426254,0.924600,441.530334
69,0.316446,0.434087,0.921800,440.932677
70,0.319574,0.863162,0.818600,440.901702
71,0.314164,0.409394,0.927000,441.689446
72,0.314158,0.434340,0.922800,440.604560
73,0.313846,0.449467,0.917400,441.574002
74,0.313374,0.410799,0.924800,440.548454
75,0.313842,0.418045,0.928400,440.504092
76,0.311490,0.480081,0.912200,440.578820
77,0.313047,0.450980,0.914600,440.518904
78,0.313651,0.436608,0.919000,441.172935
79,0.310004,0.424798,0.928600,440.946844
80,0.315043,0.463682,0.903600,440.976955
81,0.312164,0.455308,0.915000,440.988697
82,0.314461,0.472113,0.918000,440.607421
83,0.310144,0.523790,0.898200,440.635160
84,0.313967,0.456434,0.923000,440.986896
85,0.306675,0.445397,0.917200,440.608465
86,0.311212,0.431714,0.924400,440.614954
87,0.313348,0.438060,0.917200,440.574499
88,0.315691,0.431913,0.922000,440.916816
89,0.313426,0.411111,0.923000,440.974791
90,0.306041,0.413689,0.921200,440.531866
91,0.309271,0.454258,0.921000,440.924490
92,0.313428,0.440551,0.915800,440.573386
93,0.308189,0.442742,0.920200,440.612329
94,0.311225,0.456442,0.919000,440.607410
95,0.320569,0.461794,0.911600,440.974381
96,0.312796,0.423501,0.926800,441.003324
97,0.305697,0.421983,0.932200,440.623732
98,0.310107,0.409415,0.927000,440.645658
99,0.303671,0.525986,0.904400,440.602635
100,0.310146,0.452397,0.920200,440.628829
101,0.309606,0.418475,0.924400,440.998518
102,0.309897,0.429794,0.921600,441.012992
103,0.306131,0.429339,0.924000,441.226781
104,0.306263,0.457139,0.919400,440.573192
105,0.308442,0.461727,0.911000,440.930024
106,0.308839,0.421648,0.924200,440.585233
107,0.304058,0.545284,0.901400,440.908505
108,0.313251,0.427214,0.922400,440.955581
109,0.309545,0.473736,0.916800,440.991996
110,0.313365,0.471481,0.917800,440.800719
111,0.307815,0.408873,0.922600,440.670819
112,0.300447,0.472387,0.914000,441.010805
113,0.307377,0.421470,0.922800,440.964169
114,0.308146,0.430109,0.925200,440.981052
115,0.311008,0.595904,0.872600,440.608124
116,0.305367,0.417403,0.925600,440.963388
117,0.307741,0.439577,0.917000,440.978289
118,0.306383,0.441992,0.923200,440.954386
119,0.309883,0.461201,0.918400,440.626450
120,0.310968,0.441409,0.920400,440.962335
121,0.304890,0.413305,0.924400,440.970334
122,0.303264,0.417483,0.925200,440.633362
123,0.303601,0.433323,0.922200,441.021802
124,0.303108,0.437982,0.925200,440.988579
125,0.305135,0.418258,0.927200,440.972376
126,0.305293,0.432016,0.923200,440.975782
127,0.303085,0.443027,0.925200,440.612088
128,0.301226,0.473597,0.913400,440.606890
129,0.304015,0.410467,0.926600,440.988435
130,0.304695,0.470673,0.917600,440.616282
131,0.305981,0.442152,0.916200,441.003790
132,0.307770,0.475366,0.916800,440.595750
133,0.305334,0.494337,0.916600,440.965811
134,0.303805,0.435106,0.923400,440.632677
135,0.302577,0.440905,0.919600,440.565856
136,0.308284,0.424904,0.923000,440.921376
137,0.303709,0.512123,0.910400,440.896455
138,0.304877,0.427021,0.921400,440.508949
139,0.307684,0.466604,0.917200,440.556328
140,0.302703,0.415018,0.926400,440.526189
141,0.303919,0.583083,0.882600,440.530871
142,0.302731,0.417213,0.927000,440.867101
143,0.302647,0.487121,0.912600,440.618437
144,0.303052,0.470752,0.921400,440.986075
145,0.302566,0.484458,0.909800,440.973881
146,0.300764,0.441665,0.925000,440.563810
147,0.301583,0.428631,0.925800,440.576285
148,0.301726,0.433963,0.923600,440.610810
149,0.299058,0.440637,0.923600,440.531905
150,0.307968,0.449967,0.922000,441.806630
151,0.300669,0.440269,0.920600,440.619231
152,0.298446,0.469747,0.920600,440.595859
153,0.304311,0.488501,0.921600,440.618808
154,0.300134,0.453962,0.919400,440.571564
155,0.309576,0.427471,0.925200,441.037203
156,0.300034,0.388528,0.934000,440.959976
157,0.302397,0.487528,0.910200,440.574204
158,0.297757,0.410217,0.925800,440.957335
159,0.302189,0.463387,0.924000,441.025062
160,0.302277,0.447255,0.920800,440.612890
161,0.303442,0.464471,0.915400,441.059068
162,0.301540,0.441848,0.918600,440.623336
163,0.303852,0.429412,0.923600,440.601221
164,0.298380,0.446192,0.923600,440.594515
165,0.298087,0.435066,0.921600,440.968865
166,0.304690,0.482656,0.912800,440.580083
167,0.303759,0.501415,0.909800,440.995558
168,0.303432,0.444756,0.919000,440.983004
169,0.299052,0.495498,0.915200,441.262843
170,0.299385,0.458579,0.917600,440.679528
171,0.301145,0.484913,0.914000,441.313926
172,0.304569,0.444323,0.918800,440.978593
173,0.299466,0.486701,0.915600,441.015250
174,0.303309,0.436634,0.922800,441.572962
175,0.302780,0.467631,0.923400,441.016027
176,0.297297,0.520216,0.905600,441.356743
177,0.311537,0.444129,0.922200,441.166865
178,0.301462,0.504248,0.912200,441.506713
179,0.300648,0.425337,0.927000,442.286971
180,0.292285,0.439985,0.922400,442.445239
181,0.299192,0.442388,0.926600,441.646576
182,0.304205,0.498265,0.908000,442.002492
183,0.304354,0.438945,0.930000,442.566792
184,0.300330,0.498816,0.911000,442.591700
185,0.303458,0.473053,0.915200,443.644789
186,0.296894,0.457606,0.922200,442.800470
187,0.303647,0.477585,0.920800,442.521098
188,0.300051,0.540410,0.905600,442.805354
189,0.295088,0.445363,0.926800,443.031681
190,0.300984,0.453564,0.926200,445.331521
191,0.303743,0.534937,0.910800,445.019244
192,0.300160,0.450226,0.920200,443.868826
193,0.297715,0.454432,0.923600,444.194537
194,0.300932,0.472907,0.915000,444.112267
195,0.301845,0.505404,0.912400,445.494398
196,0.301128,0.483705,0.921000,446.726142
197,0.298165,0.471837,0.915600,446.245689
198,0.297044,0.612045,0.884800,445.552542
199,0.300794,0.440721,0.925200,446.885412
200,0.298658,0.561110,0.902200,447.644350
201,0.298227,0.452458,0.918400,449.122751
202,0.295356,0.502138,0.914800,449.731699
203,0.292888,0.436492,0.925600,450.976385
204,0.299477,0.489628,0.910000,452.253362
205,0.301956,0.436489,0.926000,454.200220
206,0.298577,0.456141,0.925000,456.590393
207,0.300560,0.504616,0.915600,455.927820
208,0.303133,0.524617,0.913800,457.129821
209,0.295318,0.443769,0.923000,458.995639
210,0.294388,0.414298,0.926000,459.423481
211,0.299539,0.423621,0.926000,461.730938
212,0.296592,0.516867,0.912200,461.000622
213,0.296824,0.476488,0.915600,462.033168
214,0.297851,0.491793,0.912600,462.828663
215,0.296949,0.414519,0.929800,464.561046
216,0.295511,0.497635,0.914600,466.907045
217,0.296683,0.441196,0.923200,466.786930
218,0.300630,0.501291,0.909000,467.020477
219,0.303626,0.429128,0.925400,467.560643
220,0.294159,0.446662,0.927800,467.780196
221,0.297709,0.477540,0.921600,469.601469
222,0.302122,0.430106,0.925000,469.754137
223,0.296607,0.449085,0.923200,471.015339
224,0.296689,0.413809,0.930200,472.047940
225,0.299308,0.406558,0.928400,472.784238
226,0.295167,0.472863,0.921800,471.228746
227,0.294191,0.439552,0.926800,468.240281
228,0.298585,0.483281,0.914000,467.098515
229,0.299163,0.441072,0.924600,466.840523
230,0.296398,0.618464,0.888400,466.224344
231,0.295847,0.477734,0.918000,466.044371
232,0.297430,0.489170,0.918400,463.725888
233,0.298605,0.461735,0.912600,463.100629
234,0.299904,0.460186,0.921800,462.708404
235,0.295595,0.470425,0.918200,460.797127
236,0.295043,0.437018,0.927600,461.355236
237,0.297164,0.422386,0.923400,459.910159
238,0.293970,0.443270,0.919800,459.415972
239,0.298006,0.388736,0.934800,458.468830
240,0.295813,0.455382,0.924200,457.732906
241,0.293255,0.445121,0.924800,457.771295
242,0.294402,0.494219,0.917200,456.837306
243,0.291297,0.428761,0.927800,455.091589
244,0.289133,0.455504,0.926000,453.325978
245,0.295396,0.449758,0.922800,452.100186
246,0.299873,0.445997,0.919600,451.652320
247,0.297135,0.508584,0.913400,451.258857
248,0.299090,0.455229,0.926000,450.918919
249,0.296576,0.499071,0.918600,449.652640
250,0.295564,0.471645,0.915200,448.634183
251,0.296548,0.473677,0.921200,448.763514
252,0.290424,0.511199,0.912600,449.589457
253,0.297452,0.423779,0.923000,447.291295
254,0.298814,0.465373,0.923000,446.385220
255,0.295593,0.420101,0.928600,445.652041
256,0.294593,0.468631,0.919400,445.435739
257,0.297457,0.493127,0.904600,446.821826
258,0.298641,0.555110,0.908400,444.079770
259,0.297456,0.422087,0.926400,443.212487
260,0.295220,0.450984,0.921200,443.517577
261,0.295310,0.433307,0.926200,443.714691
262,0.296366,0.496442,0.924000,444.374248
263,0.296771,0.462501,0.915000,444.494901
264,0.294147,0.454735,0.924600,443.810420
265,0.291179,0.439322,0.926600,444.028418
266,0.292744,0.449552,0.923800,443.395809
267,0.297622,0.470375,0.920000,443.948778
268,0.292972,0.459886,0.925800,445.028424
269,0.297136,0.434218,0.929200,443.741862
270,0.298550,0.432472,0.920200,443.668400
271,0.299002,0.499686,0.916600,444.155990
272,0.293390,0.491629,0.922400,443.794182
273,0.302046,0.421465,0.926200,444.794570
274,0.292037,0.441356,0.922200,442.628607
275,0.292040,0.477389,0.909800,441.971436
276,0.292596,0.449177,0.923800,442.025780
277,0.299940,0.435404,0.931800,441.778666
278,0.291194,0.452898,0.925000,443.065472
279,0.297451,0.500210,0.916000,442.293741
280,0.297516,0.432863,0.925000,441.770577
281,0.294775,0.428361,0.925800,442.372370
282,0.288850,0.472262,0.916800,442.464061
283,0.293917,0.454560,0.922800,443.152842
284,0.295618,0.477812,0.920800,443.066153
285,0.292655,0.454743,0.926200,442.114416
286,0.295362,0.550404,0.905400,441.904906
287,0.293423,0.439163,0.927400,441.953889
288,0.295981,0.469527,0.915800,441.704808
289,0.303546,0.516733,0.912400,443.442955
290,0.295747,0.444883,0.928400,441.848231
291,0.294100,0.422657,0.927800,441.410427
292,0.292175,0.443192,0.925000,441.575214
293,0.293950,0.397236,0.927600,441.646622
294,0.294183,0.414221,0.929200,442.390070
295,0.293826,0.422183,0.930800,441.854576
296,0.297436,0.424025,0.929800,441.495430
297,0.291651,0.386856,0.933400,441.193846
298,0.292953,0.607662,0.894400,441.021813
299,0.296256,0.459858,0.917400,441.032777
300,0.290525,0.436165,0.933200,441.317763
301,0.292434,0.481141,0.914600,441.013630
302,0.297396,0.450289,0.928800,440.624987
303,0.296650,0.459287,0.918800,440.642435
304,0.293594,0.459867,0.928600,440.938242
305,0.289763,0.487690,0.916000,440.958166
306,0.296371,0.411229,0.936800,441.056158
307,0.296121,0.458115,0.922400,441.036075
308,0.297524,0.407122,0.931400,440.676605
309,0.294843,0.474626,0.917200,441.064198
310,0.292770,0.441579,0.928600,440.654220
311,0.292412,0.474541,0.918400,441.032639
312,0.294143,0.481144,0.916200,440.968055
313,0.290009,0.448405,0.928200,441.018508
314,0.296532,0.472825,0.917400,440.639212
315,0.296101,0.447793,0.923800,441.041145
316,0.292114,0.466448,0.923200,440.888574
317,0.297102,0.471691,0.915600,440.681287
318,0.290990,0.444896,0.927400,440.745503
319,0.293076,0.401338,0.933400,440.869041
320,0.288158,0.445913,0.924800,441.048849
321,0.296175,0.440304,0.926000,440.829469
322,0.290366,0.434845,0.926200,441.010492
323,0.297396,0.432077,0.927600,440.778964
324,0.296505,0.438846,0.926600,441.079092
325,0.292676,0.433983,0.925800,441.161164
326,0.293951,0.464505,0.927000,442.053438
327,0.294229,0.480647,0.918600,441.379737
328,0.291855,0.459316,0.925200,441.048878
329,0.291593,0.525841,0.911800,441.182787
330,0.302720,0.436912,0.924000,441.267577
331,0.297803,0.437182,0.923800,441.617834
332,0.293113,0.463704,0.927000,442.250610
333,0.294390,0.479117,0.920200,442.027294
334,0.293515,0.495173,0.924800,442.109433
335,0.294157,0.450697,0.922200,442.325158
336,0.298018,0.413200,0.930400,442.482572
337,0.291685,0.411972,0.933400,445.090136
