epoch,train_loss,avg_valid_loss,valid_accuracy,time
1,4.719956,3.958810,0.253800,440.377814
2,3.617604,3.208188,0.349200,437.216710
3,2.989685,2.876589,0.392400,439.272502
4,2.516768,2.242657,0.490800,438.335768
5,2.116455,1.941011,0.560200,438.068345
6,1.821049,1.752292,0.583000,436.925165
7,1.593789,1.513718,0.662600,437.359689
8,1.390801,1.478608,0.654400,436.771877
9,1.256938,1.320997,0.691400,436.615746
10,1.161360,1.121210,0.746400,436.922605
11,1.089777,1.132821,0.728200,436.356508
12,1.022756,1.146065,0.727800,435.770992
13,0.991113,0.949127,0.788000,436.581417
14,0.942403,0.902517,0.805200,436.380859
15,0.911807,1.216440,0.732000,436.181741
16,0.897548,0.986588,0.780200,435.477984
17,0.866558,0.868165,0.818600,435.802616
18,0.851622,1.173343,0.742800,436.570347
19,0.841125,0.915101,0.799000,438.185443
20,0.833638,1.017753,0.784200,438.899804
21,0.813557,0.857351,0.831000,436.882294
22,0.809366,0.981014,0.804800,437.550121
23,0.800300,0.848439,0.831000,436.924231
24,0.797228,0.905298,0.815000,437.991245
25,0.786058,0.988336,0.795000,437.114190
26,0.787761,1.247191,0.730200,435.989224
27,0.782562,1.090234,0.782400,435.628259
28,0.779755,0.793288,0.846200,436.700637
29,0.770178,1.024681,0.799400,436.530238
30,0.766558,0.858220,0.843400,436.453229
31,0.768331,1.066328,0.780800,437.544231
32,0.769425,0.871749,0.833400,435.725566
33,0.754165,0.978024,0.794200,436.748640
34,0.761981,0.829234,0.857200,437.570296
35,0.750549,0.928608,0.822200,438.510526
36,0.750318,0.756280,0.872400,438.154090
37,0.744576,0.725556,0.878200,437.255159
38,0.748648,1.002499,0.786000,438.385861
39,0.746645,0.958999,0.813200,439.475325
40,0.743546,0.873095,0.827800,437.672818
41,0.740030,0.779320,0.859000,437.660924
42,0.740303,1.230294,0.757000,438.189210
43,0.743211,0.770176,0.864200,438.630100
44,0.735515,0.803508,0.852600,436.916618
45,0.750450,0.799974,0.864200,436.991387
46,0.736363,0.821309,0.856200,436.459641
47,0.732681,0.803201,0.867400,437.355085
48,0.729698,0.795031,0.865000,436.604523
49,0.736309,0.852285,0.844400,438.658527
50,0.739222,0.843702,0.855400,437.083890
51,0.733913,0.782199,0.870400,439.206349
52,0.720707,0.863073,0.848200,436.123416
53,0.723466,0.759483,0.871600,437.508496
54,0.728105,0.805433,0.871400,437.485210
55,0.724629,0.730858,0.881200,437.302259
56,0.719927,0.836932,0.855200,437.990339
57,0.733705,0.786115,0.870600,438.723134
58,0.719907,0.770556,0.876000,438.380147
59,0.722027,0.770512,0.874200,439.271085
60,0.713037,0.890462,0.839800,438.418955
61,0.726443,0.897893,0.836400,438.235313
62,0.724916,0.841702,0.847000,437.880477
63,0.726891,1.019932,0.788800,438.429774
64,0.731117,1.036577,0.810800,438.034907
65,0.719992,0.846743,0.845800,438.151627
66,0.729010,0.874994,0.845400,438.416951
67,0.721706,0.793301,0.861400,438.119184
68,0.715705,0.697221,0.893000,438.455461
69,0.711550,0.723299,0.878800,438.608998
70,0.711493,0.745111,0.877200,438.966730
71,0.713479,0.749052,0.871400,438.371449
72,0.715250,1.517094,0.736000,438.242628
73,0.711046,0.740523,0.882400,438.515101
74,0.705162,0.793748,0.865600,438.855468
75,0.713166,0.791212,0.859800,439.232051
76,0.700200,0.758896,0.876200,439.434841
77,0.703422,1.037374,0.814400,438.962493
78,0.714337,0.743531,0.886800,437.952377
79,0.701225,0.836544,0.861400,439.263977
80,0.704717,0.761088,0.876800,438.370276
81,0.699728,0.755534,0.875200,438.365552
82,0.703440,0.823919,0.863000,438.459940
83,0.698431,0.790169,0.860400,438.735942
84,0.698886,0.785050,0.875600,438.725225
85,0.695224,0.766995,0.877000,438.733996
86,0.698494,0.728680,0.882600,437.840032
87,0.692307,0.726702,0.889200,438.662460
88,0.687287,0.816989,0.853400,439.603450
89,0.700945,0.965533,0.812800,441.485196
90,0.696998,0.821902,0.861000,439.355880
91,0.691526,0.957220,0.825200,439.543633
92,0.692801,0.791572,0.868400,439.398224
93,0.690506,1.012119,0.791600,438.664288
94,0.710037,0.867009,0.848200,439.333058
95,0.695910,0.979450,0.808600,439.284587
96,0.700985,0.707218,0.887600,437.263138
97,0.693323,0.785914,0.869000,438.956026
98,0.687454,0.963109,0.836800,438.207887
99,0.699890,0.802069,0.865000,438.201285
100,0.692385,0.795005,0.869200,437.977853
1,0.568393,0.573736,0.934800,258.819211
2,0.519327,0.565605,0.936200,256.850911
3,0.495000,0.560300,0.940400,256.897340
4,0.478433,0.552617,0.934800,256.898122
5,0.458913,0.533125,0.939400,256.857172
6,0.449183,0.531243,0.942800,256.921358
7,0.437251,0.531283,0.940600,256.896746
8,0.422083,0.524317,0.937800,256.982754
9,0.411751,0.527334,0.939800,257.021301
10,0.403120,0.517632,0.941800,257.007886
11,0.395243,0.518683,0.937400,256.982917
12,0.382879,0.522768,0.941800,256.951874
13,0.377621,0.500898,0.940200,256.943709
14,0.367157,0.502838,0.939200,256.946192
15,0.356899,0.490434,0.940200,256.891525
16,0.352847,0.493498,0.942400,256.922967
17,0.343381,0.498486,0.941600,256.955400
18,0.339204,0.484948,0.944000,256.830868
19,0.331473,0.488503,0.940200,256.835079
20,0.330033,0.479772,0.942400,256.815902
21,0.321015,0.479778,0.940400,256.850740
22,0.316865,0.483669,0.940000,256.846195
23,0.311873,0.478321,0.940000,256.849421
24,0.308725,0.464489,0.939600,256.863139
25,0.301075,0.475596,0.938800,256.875515
26,0.302000,0.491631,0.935200,256.896849
27,0.299019,0.470584,0.937000,256.854943
28,0.291087,0.468255,0.934600,256.934643
29,0.287551,0.483928,0.930800,256.900785
30,0.284650,0.456135,0.938000,256.917247
31,0.280163,0.473140,0.935800,256.956703
32,0.278401,0.460254,0.941400,256.964704
33,0.274156,0.463396,0.933200,256.960159
34,0.277927,0.438704,0.936600,257.008066
35,0.268230,0.449497,0.937000,256.968745
36,0.272073,0.458761,0.939200,256.989466
37,0.264321,0.435361,0.937000,256.944228
38,0.266170,0.462724,0.938400,257.034969
39,0.263191,0.446551,0.937400,256.953175
40,0.263520,0.455324,0.937600,256.986543
41,0.259567,0.437284,0.939000,256.938247
42,0.262845,0.449031,0.935600,256.934819
43,0.256744,0.440801,0.936000,256.888324
44,0.256984,0.481912,0.927800,256.981200
45,0.261187,0.459246,0.934000,256.995465
46,0.252507,0.432592,0.941800,256.972380
47,0.253789,0.438641,0.935600,256.893974
48,0.251958,0.475548,0.934000,256.981787
49,0.257450,0.473722,0.931200,256.945541
50,0.257731,0.465912,0.925200,256.964987
51,0.250182,0.417797,0.939000,256.927286
52,0.247578,0.433456,0.937600,256.948667
53,0.244015,0.427260,0.937200,256.941002
54,0.246122,0.439470,0.935400,256.939077
55,0.244966,0.410345,0.933800,257.079557
56,0.245419,0.438092,0.935800,256.942170
57,0.244118,0.427626,0.936800,256.949030
58,0.245200,0.418483,0.938000,257.031770
59,0.245066,0.412096,0.937000,257.000843
60,0.242307,0.428245,0.932800,256.940592
61,0.246296,0.443317,0.933000,257.007685
62,0.239609,0.435272,0.936200,256.982172
63,0.245909,0.461542,0.929800,257.034234
64,0.250609,0.436934,0.938400,257.070934
65,0.241553,0.429578,0.934400,257.137984
66,0.249588,0.440766,0.930800,257.128361
67,0.245841,0.469017,0.926800,257.135041
68,0.245553,0.436738,0.930400,257.056639
69,0.243192,0.412378,0.935200,257.082440
70,0.239659,0.440007,0.930400,257.073126
71,0.239526,0.416538,0.938400,257.068799
72,0.243596,0.431542,0.934600,257.199436
73,0.243925,0.420539,0.937000,257.491553
74,0.237801,0.452863,0.928200,257.468400
75,0.240745,0.439137,0.932000,257.466512
76,0.235471,0.473061,0.930200,257.441732
77,0.238012,0.435095,0.938600,257.438739
78,0.235303,0.433435,0.933600,257.429742
79,0.238566,0.450788,0.930800,257.493486
80,0.238261,0.409406,0.941000,257.494772
81,0.237541,0.440321,0.927600,257.485354
82,0.240183,0.474560,0.932600,257.458164
83,0.238945,0.416001,0.933400,257.522814
84,0.238461,0.448104,0.931000,257.448127
85,0.236370,0.419478,0.936200,257.445518
86,0.236627,0.435653,0.932600,257.493948
87,0.237190,0.414277,0.934200,257.561124
88,0.230443,0.418165,0.932200,257.526093
89,0.240261,0.433237,0.932400,257.519000
90,0.237687,0.412846,0.936800,257.497276
91,0.233497,0.427000,0.933600,257.550519
92,0.234006,0.432487,0.926800,257.549121
93,0.239036,0.433649,0.933800,257.563840
94,0.244573,0.400272,0.933200,257.525417
95,0.234630,0.417640,0.935000,257.505885
96,0.234331,0.430642,0.932600,257.496761
97,0.237503,0.398157,0.940400,257.499951
98,0.233217,0.438166,0.936800,257.514649
99,0.235619,0.448353,0.933200,257.526796
100,0.232510,0.477106,0.928600,257.261541
101,0.240294,0.423997,0.936000,257.172959
102,0.235340,0.417951,0.936200,257.179587
103,0.236018,0.462831,0.931000,257.301600
104,0.230724,0.394489,0.940000,257.284522
105,0.233991,0.443882,0.930400,257.323234
106,0.235895,0.456001,0.930400,257.358640
107,0.233714,0.402500,0.937600,257.830829
108,0.233956,0.416011,0.933400,257.101525
109,0.234266,0.383435,0.943800,257.165864
