epoch,train_loss,avg_valid_loss,valid_accuracy,time
1,4.082250,3.375388,0.348200,308.366043
2,2.843743,2.805441,0.463000,307.105558
3,2.250459,2.130867,0.597400,307.296627
4,1.808352,1.860557,0.645800,307.377786
5,1.490459,1.536378,0.688000,307.389091
6,1.273534,1.265425,0.749400,307.470695
7,1.127101,1.047994,0.781600,307.512168
8,1.018237,1.412233,0.679000,307.496479
9,0.943272,1.009702,0.773400,307.436433
10,0.884346,1.365616,0.700600,307.440100
11,0.843897,0.958903,0.774600,307.489450
12,0.806640,0.907703,0.788400,307.434303
13,0.780627,0.977160,0.757000,307.484815
14,0.759827,0.883913,0.794800,307.471066
15,0.742964,1.091062,0.743400,307.429091
16,0.729873,0.846397,0.798800,307.437050
17,0.717398,0.737937,0.830600,307.429895
18,0.707107,0.937177,0.769200,307.431705
19,0.701412,0.796521,0.817200,307.322703
20,0.693268,1.320470,0.711600,307.386768
21,0.687369,0.826624,0.809600,307.360474
22,0.682014,0.882184,0.791400,307.416427
23,0.677592,0.741636,0.836400,307.453627
24,0.671573,0.807352,0.816600,307.401678
25,0.669833,0.985514,0.771400,307.350803
26,0.667782,0.734539,0.828000,307.366851
27,0.661723,0.844023,0.810400,307.413482
28,0.661556,0.950846,0.779400,307.454860
29,0.656886,0.822818,0.819200,307.479412
30,0.656414,0.773949,0.825200,307.478806
31,0.651890,0.812249,0.816200,307.437965
32,0.650745,0.789358,0.824200,307.414491
33,0.644476,0.835748,0.810200,307.362370
34,0.644719,0.719185,0.848200,307.487870
35,0.638741,0.879234,0.798200,307.446336
36,0.639993,0.809855,0.822200,307.425857
37,0.639284,0.937338,0.801800,307.464409
38,0.637206,0.791949,0.824200,307.374796
39,0.637271,1.140548,0.734800,307.401260
40,0.641888,0.844086,0.801200,307.449168
41,0.635560,0.865188,0.807200,307.465361
42,0.631518,0.957147,0.793800,307.432504
43,0.634271,0.817518,0.826600,307.367802
44,0.631424,1.231245,0.731400,307.372063
45,0.632060,0.888281,0.812000,307.322616
46,0.630410,0.782682,0.830200,307.393702
47,0.629823,0.710610,0.850600,307.441248
48,0.628961,0.872108,0.808600,307.391999
49,0.627253,0.776291,0.842400,307.436915
50,0.625780,1.151371,0.742800,307.391392
51,0.624607,0.764140,0.836000,307.387462
52,0.625137,0.933120,0.797400,307.322772
53,0.620827,1.046726,0.777200,307.398902
54,0.623303,0.686504,0.850000,307.438957
55,0.620783,0.864861,0.810400,307.386521
56,0.619792,1.229112,0.731200,307.396384
57,0.620317,0.962642,0.794600,307.412409
58,0.620439,1.295206,0.712200,307.437162
59,0.621523,1.056031,0.767800,307.440845
60,0.618558,0.730883,0.845200,307.446785
61,0.616531,0.710180,0.851000,307.387983
62,0.616995,0.742404,0.846400,307.445332
63,0.614931,0.764257,0.828400,307.432702
64,0.613015,0.811813,0.824200,307.487097
65,0.613971,0.893512,0.817600,307.528639
66,0.612630,0.788990,0.844600,307.486041
67,0.614556,0.951084,0.792400,307.544084
68,0.615107,0.719893,0.853400,307.611422
69,0.613372,0.785981,0.830800,307.609543
70,0.610380,0.893304,0.809200,307.679166
71,0.614206,0.804780,0.827400,307.622326
72,0.612764,1.142717,0.764000,307.677250
73,0.614055,0.706827,0.853600,307.674283
74,0.606103,0.864008,0.795600,307.737002
75,0.607916,1.038206,0.763200,307.751162
76,0.610946,0.808896,0.817200,307.655319
77,0.612384,0.797480,0.829200,307.673102
78,0.604969,0.791141,0.828200,307.663423
79,0.606178,0.819384,0.824200,307.664638
80,0.610510,0.912302,0.810400,307.617969
81,0.605639,0.828744,0.825000,307.672781
82,0.606065,0.856060,0.813800,307.668037
83,0.606741,0.775312,0.841800,307.651395
84,0.606156,0.970473,0.802600,307.625222
85,0.608573,0.883681,0.814600,307.598836
86,0.605550,0.801017,0.833400,307.676385
87,0.607290,1.024467,0.772800,307.822757
88,0.608711,0.666869,0.861200,307.663278
89,0.604341,0.797867,0.824400,307.813829
90,0.603459,0.754669,0.844600,307.664720
91,0.606483,0.900672,0.815400,307.622141
92,0.602360,0.715335,0.853600,307.643843
93,0.603731,0.759762,0.833400,307.650394
94,0.605633,0.894657,0.805000,307.552214
95,0.606293,0.932310,0.786400,307.618180
96,0.604746,0.901381,0.809600,307.569206
97,0.604068,0.729529,0.845800,307.583296
98,0.600820,0.861375,0.815600,307.579571
99,0.606507,0.911171,0.807600,307.588824
100,0.604434,0.887154,0.805000,307.618418
1,0.470172,0.530037,0.908000,307.301625
2,0.430751,0.518249,0.911600,306.259419
3,0.411035,0.510534,0.912000,306.382933
4,0.400035,0.508289,0.916600,306.320770
5,0.390251,0.515234,0.912000,306.355192
6,0.378383,0.516924,0.913000,306.351646
7,0.370573,0.506258,0.913800,306.357224
8,0.362744,0.504139,0.917000,306.389809
9,0.355635,0.494757,0.916600,306.382050
10,0.350355,0.537843,0.907800,306.385216
11,0.344728,0.501965,0.916000,306.370957
12,0.339497,0.492134,0.917600,306.368970
13,0.331089,0.499644,0.913800,306.384457
14,0.328597,0.528532,0.908200,306.379542
15,0.323457,0.515643,0.909600,306.436050
16,0.316405,0.498703,0.913000,306.428370
17,0.314679,0.490818,0.911600,306.388588
18,0.311711,0.492766,0.916000,306.376226
19,0.308875,0.482562,0.915000,306.378682
20,0.306407,0.490886,0.911800,306.359656
21,0.302127,0.493959,0.911200,306.424741
22,0.300751,0.487703,0.912800,306.401790
23,0.295790,0.527428,0.906400,306.395625
24,0.295847,0.504938,0.907000,306.388374
25,0.291073,0.481399,0.914400,306.421144
26,0.288680,0.478066,0.911600,306.424157
27,0.288274,0.485503,0.909600,306.393055
28,0.287963,0.497933,0.909000,306.405823
29,0.286193,0.481450,0.909800,306.412549
30,0.284715,0.500338,0.907200,306.464585
31,0.279763,0.504668,0.907800,306.423889
32,0.278752,0.478893,0.909800,306.385132
33,0.276998,0.464123,0.916200,306.362733
34,0.276219,0.493314,0.906800,306.363607
35,0.276857,0.482312,0.912200,306.376869
36,0.274170,0.503575,0.907800,306.380273
37,0.275689,0.488996,0.909200,306.380946
38,0.273351,0.510337,0.909400,306.462708
39,0.271629,0.535312,0.901000,306.381580
40,0.273391,0.487704,0.908600,306.350299
41,0.270827,0.494181,0.910000,306.320838
42,0.267292,0.531643,0.901400,306.359233
43,0.267377,0.508119,0.903800,306.395250
44,0.267200,0.488039,0.909400,306.439290
45,0.265348,0.503962,0.904600,306.476104
46,0.265676,0.509993,0.908000,306.407478
47,0.265936,0.470509,0.910800,306.458331
48,0.266167,0.495656,0.902600,306.445943
49,0.263962,0.509879,0.902000,306.467152
50,0.265103,0.539784,0.898600,306.502640
51,0.266014,0.478283,0.908000,306.460032
52,0.261802,0.491066,0.911400,306.408925
53,0.263402,0.581235,0.888600,306.496223
54,0.264751,0.468445,0.913200,306.557771
55,0.262004,0.493807,0.906200,306.536504
56,0.262547,0.493476,0.908600,306.532994
57,0.262298,0.487735,0.905600,306.537041
58,0.261901,0.547150,0.903600,306.493674
59,0.262645,0.504973,0.907800,306.557655
60,0.260781,0.513308,0.906000,306.605052
61,0.262230,0.518961,0.906000,306.614387
62,0.255806,0.508588,0.904600,306.620077
63,0.258646,0.523078,0.898000,306.606006
64,0.260621,0.528095,0.893800,306.610797
65,0.258155,0.497494,0.906600,306.612911
66,0.257614,0.504655,0.910600,306.591972
67,0.258555,0.496858,0.907800,306.646249
68,0.253299,0.508556,0.905000,306.677448
69,0.256775,0.497538,0.900000,306.624475
70,0.256955,0.518297,0.901400,306.653024
71,0.258297,0.518198,0.903200,306.702189
72,0.255277,0.469113,0.908200,306.675326
73,0.256741,0.539811,0.899000,306.694405
74,0.259335,0.562745,0.891600,306.655667
75,0.258962,0.484438,0.906000,306.657092
76,0.256436,0.539445,0.898800,306.652839
77,0.251708,0.504098,0.908400,306.696992
78,0.252528,0.508790,0.902600,306.681190
79,0.254329,0.622867,0.883800,306.654032
80,0.259479,0.509068,0.904400,306.617028
81,0.252811,0.505923,0.902400,306.624605
82,0.249842,0.516293,0.903400,306.589646
83,0.259778,0.498312,0.904400,306.613830
84,0.254980,0.513996,0.902200,306.618162
85,0.255232,0.530497,0.902400,306.636874
86,0.255463,0.485774,0.907400,306.596862
87,0.253926,0.512113,0.900200,306.573669
88,0.252130,0.532038,0.904400,306.631811
89,0.251419,0.497665,0.909600,306.654794
90,0.251416,0.502014,0.901800,306.643538
91,0.249299,0.524829,0.906000,306.621739
92,0.253728,0.584564,0.890200,306.639394
93,0.248063,0.512981,0.902000,306.644299
94,0.246207,0.495234,0.904400,306.668831
95,0.249150,0.573675,0.898400,306.621799
96,0.251369,0.519826,0.904800,306.618646
97,0.246822,0.556783,0.898600,306.615967
98,0.257953,0.558295,0.900800,306.611503
99,0.247533,0.516859,0.909200,306.628922
100,0.249925,0.521710,0.903600,306.647221
101,0.247456,0.508194,0.904600,306.668541
102,0.247440,0.530045,0.906400,306.611625
103,0.247367,0.529655,0.907200,306.626768
104,0.249523,0.530167,0.904600,306.634599
105,0.246418,0.546006,0.905000,306.657007
106,0.246844,0.564827,0.894600,306.656850
107,0.252581,0.504832,0.903200,306.688426
108,0.248676,0.500261,0.909800,306.655109
109,0.248172,0.511321,0.901200,306.633357
110,0.246717,0.525050,0.899800,306.668339
111,0.247507,0.528698,0.904400,306.714937
112,0.244073,0.522045,0.908200,306.655587
113,0.246613,0.528485,0.906800,306.665881
114,0.245948,0.553476,0.899400,306.672256
115,0.249064,0.531119,0.898400,306.664868
116,0.247274,0.529224,0.903000,306.633920
117,0.247823,0.514868,0.908200,306.616797
118,0.245169,0.503071,0.904800,306.619907
119,0.246115,0.533587,0.900400,306.620264
120,0.249163,0.521529,0.900000,306.625864
121,0.249228,0.573829,0.894000,306.645973
122,0.242037,0.516578,0.907200,306.624079
123,0.247536,0.538206,0.903400,306.675341
124,0.244493,0.526796,0.901200,306.686786
125,0.247209,0.494136,0.904400,306.693398
126,0.246277,0.584426,0.889400,306.648991
127,0.252049,0.512631,0.907400,306.699066
128,0.243759,0.526636,0.898600,306.647633
129,0.244563,0.481450,0.909600,306.685300
130,0.242060,0.520976,0.904000,306.653104
131,0.251008,0.508224,0.907200,306.671109
132,0.246821,0.500411,0.908200,306.644408
133,0.242147,0.550955,0.903400,306.666724
134,0.245969,0.478659,0.912000,306.742247
135,0.243992,0.495935,0.912400,306.718145
136,0.245536,0.511797,0.914000,306.698564
137,0.242040,0.547114,0.899600,306.685595
138,0.246134,0.585501,0.887600,306.688445
139,0.248865,0.520706,0.900400,306.715184
140,0.247884,0.513572,0.909000,306.710649
141,0.244827,0.517267,0.904800,306.668488
142,0.243549,0.537880,0.901800,306.706705
143,0.242556,0.588828,0.890200,306.658924
144,0.242726,0.559912,0.897000,306.629595
145,0.246714,0.526013,0.899200,306.632229
146,0.246619,0.526853,0.910400,306.623256
147,0.242556,0.553190,0.898800,306.669991
148,0.245148,0.501090,0.909200,306.647303
149,0.239860,0.530963,0.901200,306.614361
150,0.243394,0.533497,0.907800,306.617049
151,0.243649,0.496220,0.903200,306.614083
152,0.240735,0.541601,0.895800,306.632377
153,0.244279,0.530714,0.902400,306.634423
154,0.245792,0.556180,0.895000,306.682265
155,0.243855,0.516147,0.906400,306.621192
156,0.240659,0.545931,0.900600,306.632700
157,0.239458,0.547384,0.899800,306.652784
158,0.241887,0.533939,0.899800,306.670181
159,0.239288,0.583201,0.896200,306.665614
160,0.248728,0.555669,0.898200,306.691351
161,0.244405,0.538858,0.902400,306.640280
162,0.236637,0.520928,0.901800,306.635644
163,0.243357,0.516877,0.904600,306.675634
164,0.236057,0.521446,0.907000,306.664261
165,0.239995,0.543162,0.904800,306.648551
166,0.241432,0.554779,0.905600,306.677799
167,0.238768,0.508772,0.908400,306.662694
168,0.246192,0.528182,0.910200,306.642902
169,0.240448,0.528662,0.899800,306.687933
170,0.242569,0.522493,0.902400,306.643114
171,0.246196,0.547869,0.901000,306.664140
172,0.238843,0.518886,0.905600,306.659882
173,0.238880,0.546257,0.896400,306.655899
174,0.240480,0.522378,0.903200,306.667746
175,0.239508,0.543975,0.905800,306.684021
176,0.238373,0.513041,0.904400,306.697526
177,0.238771,0.518060,0.906200,306.727371
178,0.239952,0.541956,0.900600,306.715904
179,0.236348,0.534479,0.900600,306.668957
180,0.238991,0.514569,0.908800,306.680358
181,0.239647,0.559970,0.894600,306.683945
182,0.238282,0.596381,0.887400,306.683502
183,0.244697,0.562331,0.902200,306.648933
184,0.240604,0.532582,0.905800,306.654451
185,0.240939,0.546213,0.899200,306.670882
186,0.243250,0.546813,0.906400,306.686579
187,0.240444,0.539185,0.906800,306.633190
188,0.237983,0.510672,0.904600,306.624936
189,0.236499,0.527638,0.906800,306.691417
190,0.238098,0.554691,0.895400,306.687964
191,0.242120,0.538735,0.906200,306.628711
192,0.245339,0.540632,0.901600,306.600442
193,0.235302,0.559217,0.902200,306.636596
194,0.236749,0.555479,0.900400,306.619619
195,0.241469,0.566207,0.899600,306.615488
196,0.236175,0.532056,0.905800,306.641062
197,0.238875,0.530764,0.896000,306.619912
198,0.235751,0.554089,0.898400,306.633509
199,0.241333,0.549401,0.902200,306.601853
200,0.237780,0.532475,0.905600,306.589011
201,0.238636,0.595320,0.901600,306.588677
202,0.238726,0.552098,0.901200,306.606705
203,0.237305,0.603315,0.887200,306.600247
204,0.247048,0.534823,0.899000,306.681318
205,0.236286,0.546748,0.901600,306.632566
206,0.236390,0.517254,0.907200,306.612265
207,0.234047,0.563396,0.899200,306.638319
208,0.237432,0.550711,0.898800,306.604132
209,0.236331,0.493492,0.913000,306.648606
210,0.236081,0.550973,0.902000,306.643606
211,0.237620,0.545163,0.906800,306.633768
212,0.239400,0.531303,0.903400,306.612848
213,0.243047,0.535536,0.901800,306.631220
214,0.234610,0.537324,0.903200,306.629629
215,0.237189,0.526299,0.906400,306.643977
216,0.236761,0.543355,0.900600,306.653236
217,0.237672,0.523670,0.904800,306.612307
218,0.237285,0.557043,0.904400,306.578598
219,0.237101,0.570454,0.895000,306.532021
220,0.235758,0.547577,0.905600,306.535483
221,0.234767,0.539668,0.901200,306.616807
222,0.238324,0.562305,0.896000,306.615903
223,0.245321,0.513938,0.908000,306.601418
224,0.233402,0.541057,0.907400,306.591577
225,0.235932,0.530172,0.907000,306.603410
226,0.232616,0.553617,0.905400,306.605784
227,0.234078,0.482225,0.912600,306.655474
228,0.235700,0.498511,0.908800,306.656661
229,0.235211,0.557047,0.899600,306.641299
230,0.236274,0.539086,0.906400,306.653784
231,0.240302,0.573510,0.894800,306.601264
232,0.241976,0.575264,0.893600,306.610121
233,0.234813,0.583429,0.898000,306.636559
234,0.233315,0.506005,0.910600,306.653013
235,0.235554,0.517605,0.906000,306.616780
236,0.233179,0.534541,0.905600,306.622408
237,0.235833,0.526970,0.904200,306.644415
238,0.234403,0.550187,0.902200,306.604301
239,0.235228,0.550129,0.901000,306.587218
240,0.232299,0.560172,0.897400,306.664580
241,0.234716,0.507690,0.907800,306.636241
242,0.234141,0.547257,0.903400,306.643421
243,0.233514,0.576098,0.898600,306.700607
244,0.235995,0.516501,0.905000,306.608928
245,0.237318,0.547360,0.901200,306.633981
246,0.242949,0.520869,0.905000,306.655189
247,0.239318,0.507420,0.906400,306.686698
248,0.233836,0.539043,0.907200,306.693106
249,0.233896,0.539286,0.906600,306.696898
250,0.235421,0.621220,0.889400,306.677995
251,0.234244,0.572757,0.901600,306.633672
252,0.238834,0.507865,0.905600,306.656998
253,0.231882,0.520180,0.900400,306.674606
254,0.235528,0.570168,0.900400,306.681760
255,0.231953,0.503035,0.900600,306.649676
256,0.237154,0.576695,0.901800,306.688700
257,0.231381,0.531101,0.908000,306.712180
258,0.234603,0.595691,0.894600,306.697904
259,0.235595,0.553587,0.901000,306.704946
260,0.235062,0.526246,0.907800,306.666549
261,0.234234,0.550340,0.905200,306.635526
262,0.235919,0.529329,0.904800,306.618315
263,0.232927,0.577493,0.895800,306.695685
264,0.237983,0.507234,0.904800,306.668988
265,0.234369,0.609908,0.893200,306.632825
266,0.233612,0.545797,0.898400,306.630943
267,0.236220,0.507026,0.905600,306.694983
268,0.230623,0.562723,0.895400,306.631763
269,0.236567,0.568085,0.906400,306.632251
270,0.236406,0.581003,0.899000,306.665144
271,0.236839,0.625795,0.886000,306.652580
272,0.232151,0.537114,0.906600,306.645686
273,0.234654,0.618827,0.891400,306.685237
274,0.232455,0.566353,0.903800,306.660261
275,0.231314,0.516098,0.905400,306.691011
276,0.232227,0.551291,0.898400,306.708860
277,0.233429,0.561897,0.901200,306.697596
278,0.235266,0.570063,0.903200,306.659625
279,0.236235,0.549866,0.902000,306.681071
280,0.238028,0.555749,0.904800,306.690169
281,0.231180,0.541739,0.904000,306.699985
282,0.228411,0.521181,0.912400,306.667442
283,0.234035,0.591221,0.896000,306.676335
284,0.237741,0.595139,0.892600,306.735511
285,0.240130,0.543452,0.902000,306.689720
286,0.234053,0.600241,0.892400,306.700006
287,0.236941,0.522908,0.902600,306.756496
288,0.234272,0.538698,0.903600,306.708973
289,0.234823,0.602009,0.900800,306.681207
290,0.231249,0.538235,0.906000,306.710257
291,0.233832,0.580241,0.899000,306.705340
292,0.236721,0.589134,0.896600,306.676300
293,0.228824,0.637617,0.886000,306.707228
294,0.235200,0.554863,0.903800,306.668960
295,0.232499,0.516973,0.908800,306.711240
296,0.230439,0.528868,0.898000,306.728137
297,0.235298,0.541275,0.906400,306.714667
298,0.236095,0.495402,0.906600,306.727015
299,0.230286,0.572694,0.893600,306.696659
300,0.230129,0.523395,0.901800,306.694324
301,0.232347,0.506920,0.908800,306.706546
302,0.230801,0.552920,0.902800,306.683024
303,0.229821,0.586931,0.895800,306.663009
304,0.237974,0.539042,0.905800,306.650340
305,0.231901,0.515145,0.910800,306.651251
306,0.232441,0.575891,0.893000,306.643790
307,0.237330,0.544789,0.908400,306.694576
308,0.228593,0.556197,0.904800,306.682537
309,0.229319,0.524353,0.904000,306.712618
310,0.232647,0.545935,0.904800,306.718316
311,0.231145,0.538425,0.905600,306.711565
312,0.229024,0.552910,0.900400,306.683198
313,0.228840,0.533329,0.898600,306.702552
314,0.232347,0.586304,0.890600,306.697220
315,0.231171,0.578667,0.899600,306.713041
316,0.229940,0.541470,0.904800,306.709906
317,0.232180,0.521191,0.902200,306.714577
318,0.233796,0.565845,0.897400,306.749606
319,0.232561,0.556866,0.902600,306.757624
320,0.229170,0.543812,0.900600,306.753100
321,0.230427,0.585091,0.898600,306.801252
322,0.229907,0.581901,0.894200,306.728485
323,0.228876,0.493695,0.909400,306.701358
324,0.234657,0.569914,0.894200,306.706670
325,0.233473,0.564457,0.902600,306.708480
326,0.228159,0.542961,0.901800,306.650374
327,0.230784,0.571195,0.901200,306.673013
328,0.227892,0.573782,0.896000,306.664416
329,0.228225,0.562014,0.899800,306.690770
330,0.230020,0.591528,0.903400,306.679412
331,0.233777,0.556887,0.899400,306.700043
332,0.230396,0.544081,0.906200,306.713200
333,0.230230,0.560546,0.901000,306.698778
334,0.235092,0.531846,0.903600,306.741999
335,0.227719,0.605603,0.896000,306.745760
336,0.230700,0.590061,0.896600,306.746256
337,0.226920,0.594715,0.895000,306.666398
338,0.233847,0.539919,0.901000,306.674215
339,0.234500,0.556751,0.904800,306.676590
340,0.228962,0.518000,0.906400,306.665526
341,0.231674,0.532795,0.902600,306.615253
342,0.231925,0.526409,0.908800,306.673459
343,0.227687,0.511539,0.907200,306.640634
344,0.234346,0.527062,0.902800,306.651424
345,0.227030,0.677308,0.882200,306.651629
346,0.232797,0.581333,0.903800,306.640588
347,0.232587,0.508853,0.909200,306.612622
348,0.228231,0.571549,0.898600,306.659504
349,0.234204,0.533769,0.901800,306.646316
350,0.228714,0.554016,0.904400,306.630162
351,0.228002,0.515581,0.905400,306.604894
352,0.225283,0.543625,0.901800,306.610039
353,0.228860,0.544284,0.902600,306.619658
354,0.226478,0.513231,0.907600,306.660848
355,0.228886,0.565956,0.895400,306.652805
356,0.230952,0.521930,0.906600,306.677752
357,0.228184,0.518013,0.907800,306.691877
358,0.228695,0.566147,0.895200,306.673587
359,0.227614,0.569996,0.901400,306.702022
360,0.240354,0.577509,0.900600,306.659152
361,0.229346,0.578361,0.902400,306.666825
362,0.235113,0.594623,0.897000,306.624395
363,0.228699,0.529132,0.909000,306.657414
364,0.227113,0.514784,0.903800,306.660522
365,0.230349,0.585899,0.899800,306.684187
366,0.238642,0.545490,0.903400,306.651713
367,0.228783,0.596161,0.899000,306.618913
368,0.226002,0.591595,0.898000,306.616962
369,0.231668,0.550343,0.898600,306.661981
370,0.235656,0.611849,0.885200,306.688722
371,0.236848,0.606255,0.898000,306.699920
372,0.232183,0.527704,0.910000,306.671466
373,0.227324,0.614717,0.896600,306.657300
374,0.233281,0.561724,0.899400,306.687531
375,0.228980,0.572832,0.894400,306.622921
376,0.232351,0.535478,0.909000,306.611172
377,0.235046,0.536352,0.907600,306.618751
378,0.233107,0.569335,0.898600,306.616249
379,0.228547,0.574308,0.893600,306.600662
380,0.225995,0.588254,0.895000,306.603750
381,0.236535,0.632074,0.888600,306.589515
382,0.232172,0.555303,0.904000,306.616985
383,0.231808,0.550403,0.904000,306.611347
384,0.228474,0.585707,0.899400,306.557632
385,0.228762,0.528085,0.906400,306.573909
386,0.222728,0.564196,0.905800,306.624450
387,0.226051,0.575281,0.895200,306.588602
388,0.228934,0.581832,0.896400,306.636632
389,0.230027,0.527232,0.911000,306.621305
390,0.236403,0.696999,0.881200,306.586851
391,0.230617,0.543953,0.906600,306.609806
392,0.226181,0.550039,0.904400,306.608847
393,0.229649,0.546504,0.902000,306.638399
394,0.229599,0.566359,0.899200,306.645845
395,0.229363,0.632989,0.883800,306.652949
396,0.229914,0.571527,0.908400,306.691123
397,0.229046,0.617280,0.885600,306.664272
398,0.229791,0.537599,0.903800,306.644115
399,0.228880,0.563914,0.906200,306.639685
400,0.226412,0.560177,0.899400,306.676961
401,0.231203,0.545661,0.905000,306.661438
402,0.226338,0.561143,0.906600,306.642249
403,0.225940,0.619829,0.896000,306.616967
404,0.235669,0.566102,0.900600,306.675697
405,0.226651,0.538759,0.903000,306.679946
406,0.234669,0.519553,0.907000,306.643183
407,0.228655,0.532036,0.905400,306.641382
408,0.226518,0.570745,0.910200,306.634948
409,0.224627,0.557038,0.906400,306.700868
410,0.221982,0.629188,0.895600,306.684648
411,0.237199,0.622661,0.887200,306.713062
412,0.235323,0.537654,0.901000,306.687130
413,0.228116,0.574905,0.900000,306.709072
414,0.227360,0.537720,0.903000,306.690686
415,0.226615,0.533548,0.904600,306.704630
416,0.232421,0.560510,0.903800,306.676558
417,0.232028,0.612500,0.887600,306.635947
418,0.229689,0.604582,0.889400,306.647223
419,0.237654,0.559086,0.897000,306.605255
420,0.228335,0.556529,0.899800,306.590870
421,0.230334,0.587641,0.899600,306.616481
422,0.233992,0.553458,0.908000,306.638751
423,0.224910,0.543641,0.900800,306.635659
424,0.230956,0.629682,0.890800,306.630093
425,0.234605,0.608013,0.894800,306.628061
426,0.229103,0.601650,0.889400,306.607091
427,0.238357,0.555974,0.906200,306.608608
428,0.223041,0.581195,0.902200,306.599949
429,0.225607,0.555593,0.902000,306.640741
430,0.230502,0.567741,0.902800,306.632147
431,0.234038,0.552147,0.899200,306.620986
432,0.221779,0.543084,0.905400,306.602344
433,0.225376,0.589906,0.901000,306.646900
434,0.228105,0.494044,0.910800,306.679136
435,0.231132,0.549339,0.906800,306.696446
436,0.228165,0.546710,0.902000,306.634246
437,0.227186,0.535949,0.910200,306.635038
438,0.227219,0.533105,0.909000,306.620897
439,0.224765,0.569060,0.897200,306.581654
440,0.226753,0.568260,0.899400,306.601938
441,0.232632,0.542680,0.900800,306.646993
442,0.231759,0.547780,0.907800,306.658974
443,0.227340,0.528034,0.907200,306.612470
444,0.226164,0.564440,0.903600,306.619380
445,0.224426,0.546983,0.907600,306.585761
446,0.227320,0.583171,0.895800,306.623145
447,0.231016,0.544360,0.904800,306.593497
448,0.229023,0.550756,0.905800,306.637304
449,0.228453,0.560425,0.906600,306.633727
450,0.224109,0.599258,0.893800,306.653876
451,0.232060,0.573485,0.895400,306.655930
452,0.222798,0.533223,0.904400,306.625640
453,0.225984,0.598613,0.901600,306.621223
454,0.227169,0.556260,0.904600,306.573642
455,0.231095,0.520166,0.910000,306.581167
456,0.223425,0.520168,0.909400,306.608986
457,0.224226,0.568790,0.907600,306.672577
458,0.222507,0.586792,0.900800,306.664674
459,0.231002,0.656698,0.883800,306.705885
460,0.225501,0.625999,0.892200,306.695839
461,0.228497,0.551298,0.903000,306.720155
462,0.228569,0.543510,0.905600,306.711144
463,0.223982,0.556957,0.898800,306.726850
464,0.224253,0.528084,0.907200,306.682639
465,0.229206,0.627133,0.898600,306.731291
466,0.231586,0.583127,0.895200,306.742724
467,0.231278,0.542474,0.904000,306.749054
468,0.226793,0.549038,0.906000,306.711670
469,0.224930,0.558702,0.907200,306.692373
470,0.226360,0.536395,0.909000,306.670655
471,0.227073,0.556866,0.900600,306.710037
472,0.229143,0.541139,0.909400,306.682430
473,0.229576,0.534007,0.906600,306.713263
474,0.226742,0.517669,0.910200,306.682287
475,0.222318,0.553450,0.903600,306.622738
476,0.228128,0.566732,0.902600,306.639950
477,0.223901,0.567274,0.904400,306.687561
478,0.223803,0.624578,0.887600,306.682278
479,0.231615,0.569336,0.897800,306.672113
480,0.232682,0.542053,0.909200,306.727204
481,0.226444,0.531166,0.909800,306.665107
482,0.221423,0.548862,0.904400,306.648161
483,0.225696,0.591228,0.892200,306.659934
