epoch,train_loss,train_xent,valid_loss,valid_xent,valid_xent_accuracy,valid_exp_accuracy,valid_xent_qwk,valid_exp_qwk,learning_rate,mb_time,time
1,1.731584,0.941644,1.598168,0.904869,0.739613,0.553785,0.150632,0.272449,0.001000,0.462846,508.419143
2,1.486412,0.888701,1.384090,0.874802,0.740467,0.589926,0.241048,0.363127,0.001000,0.443277,501.865645
3,1.306401,0.867013,1.232417,0.855211,0.745874,0.641434,0.174023,0.352546,0.001000,0.443269,499.731176
4,1.180373,0.851538,1.142895,0.856931,0.741036,0.663347,0.327621,0.415924,0.001000,0.443869,502.933325
5,1.089098,0.836190,1.047984,0.825224,0.743597,0.584519,0.384381,0.456356,0.001000,0.444830,502.893558
6,1.018827,0.819603,0.990792,0.812328,0.748150,0.663347,0.373744,0.476277,0.001000,0.443907,504.662181
7,0.969647,0.807826,0.958078,0.811263,0.745020,0.631474,0.464435,0.529038,0.001000,0.444124,503.510255
8,0.935486,0.800826,0.910696,0.786988,0.749573,0.688105,0.421958,0.524122,0.001000,0.444131,503.957391
9,0.905687,0.790767,0.892812,0.785836,0.752134,0.705464,0.452478,0.537344,0.001000,0.442969,501.622280
10,0.888079,0.787731,0.880685,0.786703,0.748435,0.606716,0.537911,0.555094,0.001000,0.444426,504.574316
11,0.873374,0.784256,0.872835,0.788258,0.749004,0.688389,0.490083,0.557862,0.001000,0.443887,503.616145
12,0.858142,0.777693,0.856584,0.779859,0.744451,0.633182,0.535190,0.571786,0.001000,0.443382,503.322437
13,0.848180,0.774365,0.849510,0.778526,0.751850,0.657940,0.515755,0.576662,0.001000,0.443732,504.132208
14,0.838358,0.769979,0.853249,0.787482,0.751281,0.666477,0.518187,0.562151,0.001000,0.443310,504.144107
15,0.833780,0.769630,0.840028,0.777609,0.752703,0.679852,0.508041,0.569842,0.001000,0.443188,500.281678
16,0.826394,0.765790,0.832228,0.773441,0.755549,0.680706,0.490722,0.563816,0.001000,0.443092,503.708076
17,0.818603,0.760918,0.814618,0.757763,0.755549,0.680990,0.553836,0.607260,0.001000,0.442602,504.949779
18,0.816801,0.761244,0.817181,0.762788,0.751565,0.716278,0.518805,0.598817,0.001000,0.442306,503.541470
19,0.810327,0.756860,0.807227,0.754517,0.752988,0.699203,0.551221,0.608349,0.001000,0.442036,503.149783
20,0.803318,0.751352,0.814615,0.763390,0.753842,0.697496,0.557344,0.614757,0.001000,0.442161,504.204924
21,0.803131,0.752367,0.825498,0.775143,0.742174,0.687536,0.554578,0.589033,0.001000,0.442072,501.552276
22,0.798170,0.748175,0.803745,0.753797,0.757541,0.692943,0.551690,0.623753,0.001000,0.441654,500.918560
23,0.796560,0.745829,0.793832,0.742510,0.760387,0.709448,0.603170,0.636860,0.001000,0.441389,503.617863
24,0.784634,0.733261,0.784683,0.733055,0.770916,0.697780,0.556854,0.599205,0.001000,0.441735,503.877889
25,0.777470,0.725747,0.786343,0.734551,0.771201,0.678145,0.592804,0.619550,0.001000,0.441673,502.949639
26,0.772044,0.720314,0.785152,0.733335,0.773762,0.718270,0.537120,0.592269,0.001000,0.441705,503.520364
27,0.768451,0.716766,0.762743,0.711154,0.772908,0.704610,0.608176,0.634017,0.001000,0.441338,503.583316
28,0.761109,0.709624,0.761704,0.710253,0.771201,0.708025,0.617107,0.641386,0.001000,0.440424,498.000819
29,0.760650,0.709339,0.752973,0.701872,0.776039,0.690381,0.622380,0.635415,0.001000,0.440935,503.538024
30,0.758469,0.707391,0.759728,0.708811,0.778031,0.694081,0.600479,0.622206,0.001000,0.441079,503.492630
31,0.752412,0.701550,0.764594,0.713807,0.781161,0.729368,0.558738,0.613400,0.001000,0.440898,504.512576
32,0.753950,0.703110,0.753734,0.703161,0.781446,0.737336,0.599468,0.641643,0.001000,0.441028,503.328654
33,0.749039,0.698620,0.757456,0.707217,0.776892,0.731360,0.634501,0.655071,0.001000,0.441233,505.799701
34,0.746291,0.695848,0.747798,0.697561,0.785145,0.722254,0.622973,0.653611,0.001000,0.440940,503.708153
35,0.745245,0.695149,0.749386,0.699356,0.785430,0.716562,0.623733,0.642697,0.001000,0.441234,507.476273
36,0.741475,0.691538,0.746909,0.697001,0.783438,0.743882,0.627652,0.656229,0.001000,0.441226,507.129074
37,0.742172,0.692233,0.752247,0.702381,0.785714,0.740751,0.592685,0.634856,0.001000,0.441058,507.647603
38,0.739254,0.689367,0.728096,0.678286,0.791690,0.740751,0.649944,0.682518,0.001000,0.441030,504.375158
39,0.737938,0.688222,0.743026,0.693326,0.783438,0.723108,0.620453,0.654409,0.001000,0.441491,506.787198
40,0.732690,0.683082,0.735586,0.686026,0.788275,0.734206,0.636958,0.670555,0.001000,0.441115,505.726432
41,0.733194,0.683568,0.746944,0.697268,0.783438,0.696357,0.653181,0.672565,0.001000,0.440658,505.030289
42,0.732508,0.682872,0.752216,0.702726,0.785999,0.714855,0.627534,0.646897,0.001000,0.441046,506.229687
43,0.730125,0.680511,0.738463,0.688918,0.789414,0.718839,0.621292,0.659369,0.001000,0.440611,504.954944
44,0.725550,0.676023,0.728183,0.678585,0.780876,0.710302,0.655976,0.668217,0.001000,0.441078,507.355998
45,0.731581,0.681939,0.755780,0.706082,0.782015,0.721685,0.636434,0.662515,0.001000,0.440996,507.955712
46,0.726701,0.676922,0.743228,0.693470,0.782015,0.682982,0.618914,0.648494,0.001000,0.441320,507.392299
47,0.725651,0.675855,0.745525,0.695741,0.790837,0.753273,0.612539,0.650260,0.001000,0.440582,500.627715
48,0.726872,0.677019,0.725598,0.675785,0.795105,0.741320,0.661766,0.686104,0.001000,0.441013,506.052676
49,0.721857,0.671954,0.734726,0.684924,0.788275,0.736483,0.621605,0.645894,0.001000,0.441108,507.950396
50,0.722390,0.672587,0.736552,0.686782,0.791121,0.743882,0.619977,0.656103,0.001000,0.440598,506.898673
51,0.716902,0.667084,0.730402,0.680515,0.790837,0.732499,0.634691,0.662340,0.001000,0.440424,506.148857
52,0.721368,0.671472,0.728047,0.678151,0.786283,0.726807,0.640226,0.677458,0.001000,0.440279,504.408790
53,0.717436,0.667623,0.713686,0.663918,0.790552,0.733068,0.678016,0.696572,0.001000,0.440876,504.069794
54,0.716160,0.666402,0.733277,0.683479,0.794536,0.729937,0.637763,0.672314,0.001000,0.441065,507.112511
55,0.715081,0.665244,0.726163,0.676381,0.793398,0.751850,0.634350,0.677711,0.001000,0.440395,506.952139
56,0.715380,0.665555,0.742422,0.692616,0.784576,0.749858,0.593704,0.648102,0.001000,0.440528,508.033513
57,0.716202,0.666398,0.723790,0.673965,0.788275,0.737621,0.646582,0.676302,0.001000,0.440034,503.671030
58,0.710811,0.660964,0.727658,0.677734,0.791406,0.713432,0.664101,0.677331,0.001000,0.440950,506.667309
59,0.713151,0.663255,0.729827,0.679954,0.788275,0.735629,0.640965,0.680479,0.001000,0.440608,504.757923
60,0.712546,0.662643,0.731131,0.681154,0.789698,0.743597,0.639491,0.668679,0.001000,0.440663,505.521777
61,0.712016,0.662006,0.741060,0.691084,0.784861,0.733637,0.597196,0.647253,0.001000,0.440852,505.060658
62,0.710849,0.660729,0.742528,0.692397,0.785430,0.730791,0.644433,0.670808,0.001000,0.440572,504.702797
63,0.710436,0.660315,0.746991,0.696869,0.788275,0.721116,0.638208,0.662581,0.001000,0.440863,507.605939
64,0.713153,0.662956,0.723725,0.673564,0.789414,0.729653,0.656935,0.683881,0.001000,0.440899,506.957505
65,0.708250,0.658128,0.718744,0.668608,0.787706,0.733921,0.662698,0.688277,0.001000,0.441117,506.355768
66,0.708948,0.658713,0.728377,0.678068,0.796528,0.749004,0.657933,0.675593,0.001000,0.440409,502.156107
67,0.706921,0.656590,0.745115,0.694807,0.787422,0.727661,0.634452,0.656729,0.001000,0.440831,506.732013
68,0.705333,0.655007,0.733387,0.682902,0.789983,0.729084,0.653040,0.673071,0.001000,0.441004,506.748517
69,0.705953,0.655430,0.712269,0.661704,0.804496,0.765225,0.659836,0.688704,0.001000,0.441043,506.677352
70,0.703856,0.653278,0.720637,0.669955,0.788845,0.730222,0.667416,0.689112,0.001000,0.441014,506.700307
71,0.705400,0.654808,0.737464,0.686950,0.792544,0.743597,0.635107,0.675708,0.001000,0.440788,503.330364
72,0.701361,0.650804,0.721362,0.670708,0.792260,0.739898,0.648474,0.683921,0.001000,0.440673,504.031712
73,0.704609,0.653937,0.718912,0.668322,0.794821,0.740467,0.647411,0.676939,0.001000,0.441306,507.148158
74,0.701861,0.651225,0.722460,0.671828,0.793113,0.752703,0.665234,0.699557,0.001000,0.441060,507.986222
75,0.704296,0.653649,0.739158,0.688422,0.787706,0.744451,0.664957,0.690746,0.001000,0.441192,505.805634
76,0.701280,0.650551,0.721514,0.670766,0.796528,0.739328,0.657487,0.687114,0.001000,0.441033,505.405126
77,0.698719,0.647879,0.719484,0.668674,0.801081,0.749289,0.678329,0.707914,0.001000,0.441096,507.646133
78,0.697251,0.646443,0.728578,0.677714,0.796244,0.736767,0.652022,0.684191,0.001000,0.440836,504.086267
79,0.703217,0.652298,0.720428,0.669490,0.791975,0.734775,0.669578,0.688659,0.001000,0.441191,507.330339
80,0.700687,0.649734,0.723286,0.672284,0.796528,0.751281,0.644462,0.675914,0.001000,0.440976,504.925771
81,0.701898,0.650852,0.705608,0.654549,0.795390,0.749289,0.643185,0.701773,0.001000,0.440908,505.901167
82,0.697967,0.646926,0.711625,0.660554,0.794821,0.732214,0.665877,0.697967,0.001000,0.441266,507.139382
83,0.696555,0.645498,0.718855,0.667817,0.800797,0.755834,0.661585,0.694259,0.001000,0.441297,507.182035
84,0.699297,0.648246,0.720993,0.669938,0.800228,0.736198,0.670817,0.689845,0.001000,0.441224,505.973882
85,0.696656,0.645549,0.723431,0.672302,0.786568,0.729084,0.662835,0.690191,0.001000,0.441089,504.241085
86,0.698509,0.647384,0.715232,0.664105,0.792829,0.741605,0.658542,0.700065,0.001000,0.441203,505.309550
87,0.697138,0.645964,0.720005,0.668814,0.795390,0.737052,0.666293,0.692994,0.001000,0.441047,506.699846
88,0.696161,0.644962,0.719676,0.668466,0.795959,0.760102,0.654361,0.681404,0.001000,0.440939,507.222934
89,0.696311,0.645041,0.732163,0.680870,0.797382,0.735913,0.643930,0.664896,0.001000,0.441227,506.158776
90,0.691184,0.639809,0.707628,0.656202,0.797097,0.764656,0.652730,0.688753,0.001000,0.437655,647.091148
91,0.694328,0.642889,0.726435,0.674935,0.790268,0.746158,0.656162,0.687804,0.001000,0.436888,511.603691
92,0.695481,0.644082,0.702491,0.651062,0.797666,0.748435,0.661837,0.694560,0.001000,0.438088,506.245292
93,0.693087,0.641548,0.709415,0.657755,0.799089,0.742174,0.656807,0.689511,0.001000,0.438712,511.555738
94,0.691460,0.639847,0.714111,0.662543,0.795674,0.749573,0.681894,0.704515,0.001000,0.437519,490.353989
95,0.694125,0.642494,0.706117,0.654333,0.797666,0.756403,0.669226,0.696278,0.001000,0.436446,462.701253
96,0.694598,0.642804,0.718315,0.666576,0.794821,0.741320,0.650734,0.673265,0.001000,0.436798,455.615361
97,0.693603,0.641780,0.712159,0.660325,0.795390,0.750711,0.651660,0.691206,0.001000,0.436846,455.885643
98,0.693375,0.641533,0.720564,0.668718,0.793967,0.741890,0.666174,0.696582,0.001000,0.436808,455.767558
99,0.691799,0.639990,0.718451,0.666682,0.800512,0.754411,0.624041,0.670779,0.001000,0.436639,452.362950
100,0.695169,0.643293,0.708668,0.656815,0.802789,0.745589,0.690809,0.706619,0.001000,0.436788,455.326270
101,0.663473,0.611710,0.705242,0.653580,0.803073,0.766363,0.686862,0.712998,0.000100,0.436883,456.094366
102,0.658352,0.606780,0.702815,0.651346,0.804781,0.760102,0.680206,0.705894,0.000100,0.437022,457.630454
103,0.653475,0.602096,0.699163,0.647877,0.804212,0.764371,0.682655,0.719105,0.000100,0.437908,460.651158
104,0.652311,0.601110,0.698394,0.647278,0.806204,0.766932,0.688772,0.714776,0.000100,0.437208,455.318491
105,0.649012,0.597980,0.703442,0.652497,0.809619,0.764371,0.701504,0.721591,0.000100,0.437767,461.325485
106,0.651132,0.600264,0.698434,0.647648,0.803927,0.768355,0.686543,0.716855,0.000100,0.438094,473.262391
107,0.648681,0.597972,0.707476,0.656843,0.803073,0.750711,0.684651,0.700866,0.000100,0.438362,483.546820
108,0.647461,0.596910,0.691453,0.640983,0.810472,0.775185,0.685861,0.720765,0.000100,0.437915,463.705654
109,0.645611,0.595212,0.704160,0.653828,0.805919,0.770063,0.689336,0.710575,0.000100,0.437489,456.349466
110,0.645318,0.595053,0.711135,0.660939,0.803927,0.765794,0.691461,0.720562,0.000100,0.437802,461.693157
111,0.644292,0.594169,0.699278,0.649215,0.806204,0.766648,0.690360,0.714587,0.000100,0.437837,462.302805
112,0.641894,0.591900,0.696743,0.646816,0.804781,0.764656,0.700456,0.722425,0.000100,0.437823,461.453018
113,0.639720,0.589850,0.699047,0.649239,0.806488,0.760102,0.697762,0.711782,0.000100,0.437728,459.228868
114,0.643431,0.593686,0.698614,0.648930,0.804496,0.769778,0.688701,0.717880,0.000100,0.437564,457.524961
115,0.637617,0.587999,0.684691,0.635139,0.811326,0.780876,0.699842,0.733152,0.000100,0.437989,463.567779
116,0.640262,0.590771,0.702601,0.653170,0.806204,0.769778,0.682355,0.709549,0.000100,0.437889,461.598407
117,0.636850,0.587475,0.693670,0.644348,0.810188,0.766648,0.705738,0.725000,0.000100,0.437543,473.337276
118,0.637330,0.588065,0.697780,0.648574,0.804496,0.765225,0.692647,0.715562,0.000100,0.437295,470.973427
119,0.636122,0.586963,0.700751,0.651643,0.805350,0.769493,0.689127,0.716856,0.000100,0.437397,473.550252
