epoch,train_loss,train_xent,valid_loss,valid_xent,valid_xent_accuracy,valid_exp_accuracy,valid_xent_qwk,valid_exp_qwk,learning_rate,mb_time,time
1,1.963881,1.126374,1.837799,1.039450,0.671599,0.567445,0.316191,0.338789,0.001000,0.077075,486.163428
2,1.757548,1.008809,1.682336,0.985084,0.689243,0.588503,0.342989,0.366059,0.001000,0.076395,356.769200
3,1.615964,0.969117,1.574622,0.976946,0.734491,0.677575,0.232827,0.303815,0.001000,0.077289,357.309724
4,1.494403,0.942322,1.457426,0.949045,0.693796,0.619237,0.416125,0.433858,0.001000,0.077283,356.605776
5,1.396788,0.927700,1.372701,0.940924,0.589072,0.468697,0.459701,0.432496,0.001000,0.077366,356.666474
6,1.295381,0.896361,1.272082,0.904028,0.721400,0.660216,0.467575,0.496913,0.001000,0.077226,356.615601
7,1.217269,0.876156,1.187116,0.871357,0.730222,0.665339,0.501498,0.517723,0.001000,0.077389,356.950047
8,1.157416,0.863997,1.154921,0.881953,0.711440,0.624929,0.526875,0.536200,0.001000,0.077452,357.015448
9,1.103526,0.848786,1.115760,0.878054,0.716847,0.643426,0.576518,0.581260,0.001000,0.077346,356.974381
10,1.063862,0.840655,1.082053,0.872835,0.691520,0.589926,0.559641,0.548997,0.001000,0.077322,356.835861
11,1.034805,0.837201,1.054105,0.867515,0.731076,0.673591,0.476090,0.513161,0.001000,0.077317,355.724426
12,1.002921,0.826047,0.992417,0.824414,0.713717,0.636881,0.571677,0.566444,0.001000,0.077184,355.801941
13,0.980073,0.819986,0.994910,0.841709,0.738759,0.696357,0.517728,0.538742,0.001000,0.077086,356.804916
14,0.956109,0.809709,0.983189,0.843355,0.728515,0.666762,0.573267,0.573641,0.001000,0.077122,356.597269
15,0.943617,0.808949,0.981686,0.851808,0.731929,0.685544,0.539963,0.568859,0.001000,0.077241,357.061578
16,0.931573,0.805491,0.936937,0.815246,0.733637,0.671315,0.568807,0.584263,0.001000,0.077321,357.172031
17,0.912652,0.794641,0.924264,0.809759,0.727945,0.669892,0.602693,0.612197,0.001000,0.077170,356.548762
18,0.904705,0.793317,0.938178,0.829392,0.743028,0.716278,0.559630,0.583797,0.001000,0.077002,356.473186
19,0.895710,0.789820,0.895707,0.792016,0.738759,0.694365,0.579018,0.600871,0.001000,0.077024,357.272322
1,0.890730,0.788905,0.907478,0.809494,0.741320,0.700341,0.597069,0.607896,0.001000,0.104166,600.531004
2,0.875858,0.780654,0.879009,0.786646,0.740182,0.667900,0.609964,0.604600,0.001000,0.097191,357.239188
3,0.865156,0.774629,0.881851,0.793373,0.739044,0.703187,0.594279,0.617831,0.001000,0.097302,347.256625
4,0.861664,0.775269,0.890346,0.805123,0.740182,0.703756,0.583290,0.599210,0.001000,0.097219,347.452877
5,0.854179,0.770395,0.862064,0.779813,0.741605,0.674445,0.656703,0.650696,0.001000,0.097230,347.056558
6,0.849005,0.767981,0.867712,0.788004,0.749858,0.708594,0.582528,0.601486,0.001000,0.097137,347.040973
7,0.841219,0.762219,0.853521,0.775604,0.747581,0.704041,0.613007,0.622651,0.001000,0.097097,347.651774
8,0.838162,0.761446,0.852071,0.776319,0.739044,0.692089,0.633783,0.630734,0.001000,0.097202,347.591328
9,0.831725,0.756782,0.854427,0.780349,0.758110,0.725100,0.585112,0.605593,0.001000,0.097118,347.543347
10,0.831303,0.757712,0.862324,0.789497,0.740751,0.675014,0.654349,0.649379,0.001000,0.097001,349.546160
11,0.825366,0.752987,0.850882,0.779139,0.739328,0.698634,0.602056,0.626365,0.001000,0.097046,346.705718
12,0.823325,0.751950,0.829487,0.758346,0.738475,0.675299,0.654213,0.650946,0.001000,0.097016,355.583221
13,0.816919,0.746293,0.845525,0.775141,0.754411,0.723108,0.605895,0.634121,0.001000,0.096932,347.904706
14,0.814349,0.744556,0.849340,0.780023,0.740467,0.683267,0.617877,0.618175,0.001000,0.096933,346.454026
15,0.812839,0.744017,0.830578,0.762323,0.757257,0.708310,0.621023,0.626868,0.001000,0.097024,346.359717
16,0.809257,0.741309,0.825268,0.757608,0.754696,0.713432,0.616103,0.637236,0.001000,0.097003,347.840932
17,0.802554,0.735294,0.821248,0.754473,0.762094,0.732214,0.632308,0.646911,0.001000,0.097169,348.297619
18,0.802537,0.735928,0.834429,0.768126,0.759249,0.729368,0.625545,0.640995,0.001000,0.096926,347.048304
19,0.796996,0.730902,0.818996,0.753126,0.750996,0.714570,0.641850,0.649759,0.001000,0.096742,348.327228
20,0.799754,0.734059,0.815336,0.749946,0.758964,0.718270,0.662523,0.670483,0.001000,0.096819,349.021335
21,0.799172,0.733859,0.811848,0.746710,0.762094,0.739898,0.644067,0.658496,0.001000,0.096763,347.409389
22,0.795518,0.730623,0.808187,0.743590,0.764087,0.720546,0.663868,0.667221,0.001000,0.096906,354.336037
23,0.794171,0.729628,0.813244,0.748807,0.757541,0.720262,0.671677,0.670911,0.001000,0.096856,349.944459
24,0.788649,0.724445,0.813903,0.749969,0.763802,0.721969,0.635298,0.654193,0.001000,0.096842,347.161661
25,0.785690,0.721897,0.827981,0.764160,0.743882,0.684690,0.653218,0.649903,0.001000,0.096960,346.959254
26,0.786909,0.723325,0.820598,0.757165,0.763802,0.721969,0.625168,0.639305,0.001000,0.096807,348.179712
27,0.784631,0.721369,0.797673,0.734527,0.766363,0.730222,0.643638,0.665731,0.001000,0.096800,349.626746
28,0.785553,0.722509,0.812192,0.749355,0.759249,0.726238,0.651222,0.664845,0.001000,0.096805,350.038428
29,0.780571,0.717901,0.808420,0.745844,0.759818,0.714001,0.659392,0.661122,0.001000,0.096944,349.573150
30,0.781680,0.719244,0.805368,0.743072,0.759818,0.716847,0.652915,0.662118,0.001000,0.096865,348.368695
31,0.778787,0.716634,0.805849,0.743899,0.770916,0.749004,0.632521,0.653251,0.001000,0.096816,352.317331
32,0.777848,0.715834,0.802104,0.740158,0.765509,0.733921,0.656136,0.662728,0.001000,0.096808,351.281763
33,0.778155,0.716290,0.797319,0.735628,0.763802,0.724530,0.662171,0.670721,0.001000,0.096897,350.130805
34,0.774976,0.713414,0.800502,0.739071,0.770916,0.735913,0.654964,0.668920,0.001000,0.096831,348.351440
35,0.771848,0.710422,0.793629,0.732296,0.757826,0.713717,0.673162,0.678210,0.001000,0.096793,347.268586
36,0.772143,0.710864,0.805186,0.743872,0.767501,0.737336,0.651161,0.656282,0.001000,0.096727,347.341359
37,0.772021,0.710760,0.804657,0.743560,0.775185,0.747581,0.657348,0.670057,0.001000,0.096736,346.059722
38,0.771075,0.709994,0.786106,0.724978,0.768640,0.739328,0.679315,0.684927,0.001000,0.096910,346.976320
39,0.765661,0.704594,0.791364,0.730358,0.763517,0.725384,0.672391,0.683329,0.001000,0.096788,346.616885
40,0.762936,0.702011,0.798418,0.737581,0.767501,0.732783,0.669649,0.673198,0.001000,0.096699,346.044040
41,0.764668,0.703796,0.793283,0.732305,0.760672,0.710302,0.682381,0.677958,0.001000,0.096693,346.046859
42,0.763759,0.702885,0.823453,0.762765,0.758964,0.709732,0.646879,0.641761,0.001000,0.096657,348.026706
43,0.759723,0.698956,0.798736,0.737962,0.774900,0.731076,0.665807,0.667209,0.001000,0.096797,346.589472
44,0.760268,0.699532,0.788416,0.727715,0.754126,0.709732,0.667192,0.674633,0.001000,0.096631,347.265665
45,0.757512,0.696786,0.804914,0.744192,0.766932,0.725953,0.675391,0.671966,0.001000,0.096752,346.160716
46,0.761283,0.700496,0.788337,0.727485,0.757826,0.701195,0.692533,0.676334,0.001000,0.096735,347.206455
47,0.755436,0.694593,0.793101,0.732243,0.773762,0.739898,0.664304,0.671874,0.001000,0.096691,345.657281
48,0.760192,0.699303,0.784383,0.723580,0.770063,0.737052,0.683943,0.687626,0.001000,0.096496,344.431330
49,0.756379,0.695641,0.782300,0.721674,0.776323,0.747012,0.654464,0.666513,0.001000,0.096734,356.356315
50,0.757187,0.696613,0.780540,0.720035,0.767217,0.739613,0.677164,0.687686,0.001000,0.096652,363.832801
51,0.754779,0.694237,0.786857,0.726295,0.771770,0.730791,0.675722,0.684235,0.001000,0.096562,356.232063
52,0.753796,0.693188,0.804191,0.743589,0.751565,0.719408,0.659435,0.669770,0.001000,0.096642,378.892275
53,0.748869,0.688355,0.786695,0.726286,0.760956,0.723108,0.677831,0.686061,0.001000,0.096761,371.186006
54,0.752021,0.691531,0.781896,0.721447,0.765794,0.727661,0.676264,0.683986,0.001000,0.096658,355.526569
55,0.749501,0.689072,0.784055,0.723688,0.772908,0.744735,0.668687,0.678435,0.001000,0.096670,354.547150
56,0.747744,0.687339,0.809823,0.749293,0.763517,0.730222,0.656040,0.670701,0.001000,0.096827,349.931212
57,0.752282,0.691805,0.806083,0.745658,0.770063,0.735344,0.662521,0.672138,0.001000,0.096665,361.937941
58,0.745617,0.685174,0.790758,0.730330,0.771485,0.735913,0.673732,0.680859,0.001000,0.096693,358.366771
59,0.750129,0.689792,0.779515,0.719296,0.767217,0.727092,0.684870,0.685596,0.001000,0.096619,359.731073
60,0.747722,0.687444,0.785634,0.725323,0.771201,0.748150,0.656333,0.673177,0.001000,0.096765,363.849978
61,0.742707,0.682353,0.815093,0.754829,0.769209,0.735913,0.623720,0.636293,0.001000,0.096719,360.541875
62,0.747511,0.687243,0.806133,0.745891,0.764371,0.722254,0.668579,0.666319,0.001000,0.096803,357.635412
63,0.742326,0.682064,0.805744,0.745376,0.774047,0.735913,0.659623,0.661190,0.001000,0.096849,354.305115
64,0.750205,0.689749,0.784282,0.723811,0.774616,0.734775,0.674479,0.680203,0.001000,0.096840,354.563390
65,0.746993,0.686502,0.775603,0.715066,0.771201,0.749289,0.679643,0.692428,0.001000,0.096801,355.732156
66,0.746261,0.685761,0.795744,0.735226,0.768924,0.727945,0.673574,0.681018,0.001000,0.096728,353.701054
67,0.738527,0.678025,0.773458,0.712976,0.774616,0.741890,0.674154,0.688787,0.001000,0.096793,355.422780
68,0.740176,0.679602,0.796905,0.736279,0.759818,0.726238,0.699744,0.695792,0.001000,0.096724,355.784885
69,0.741965,0.681334,0.778141,0.717472,0.781446,0.747297,0.678488,0.684996,0.001000,0.096699,353.873119
70,0.740476,0.679782,0.780855,0.720256,0.759249,0.711725,0.685608,0.684824,0.001000,0.096772,355.818870
71,0.744285,0.683638,0.805512,0.744926,0.772339,0.738475,0.676823,0.683160,0.001000,0.096801,356.034270
72,0.737530,0.676961,0.794368,0.733780,0.769493,0.739613,0.669782,0.682655,0.001000,0.096685,350.407761
73,0.743901,0.683184,0.785872,0.725135,0.776039,0.737621,0.668233,0.669507,0.001000,0.096735,355.856557
74,0.738562,0.677853,0.782011,0.721308,0.779738,0.749573,0.687768,0.693647,0.001000,0.096770,352.333990
75,0.742278,0.681586,0.803171,0.742467,0.766932,0.728515,0.681901,0.681714,0.001000,0.096780,350.482771
76,0.736876,0.676207,0.773843,0.713127,0.771485,0.735060,0.685214,0.696564,0.001000,0.096740,352.690212
77,0.736017,0.675291,0.773566,0.712873,0.777177,0.735344,0.702355,0.704613,0.001000,0.096676,349.940569
78,0.733728,0.672949,0.778188,0.717292,0.769209,0.730507,0.682482,0.688137,0.001000,0.096848,354.813968
79,0.738276,0.677434,0.793323,0.732448,0.772624,0.734491,0.683314,0.682315,0.001000,0.096812,349.696006
80,0.737531,0.676631,0.782187,0.721182,0.770063,0.737052,0.675946,0.687049,0.001000,0.096816,353.027099
81,0.737175,0.676172,0.769455,0.708478,0.786568,0.759249,0.685844,0.696901,0.001000,0.096998,350.966170
1,0.707186,0.646339,0.752164,0.691456,0.783722,0.747297,0.702002,0.706749,0.000100,0.077365,502.717710
2,0.697066,0.636478,0.757028,0.696557,0.785430,0.748150,0.703914,0.709620,0.000100,0.074859,359.892381
3,0.691652,0.631284,0.763725,0.703466,0.782015,0.752703,0.701721,0.708081,0.000100,0.075025,358.259287
4,0.690592,0.630430,0.762054,0.701994,0.785145,0.755549,0.698176,0.697965,0.000100,0.075178,357.727839
5,0.687318,0.627356,0.762596,0.702729,0.789414,0.753842,0.709539,0.717410,0.000100,0.075244,358.557758
6,0.683347,0.623573,0.755968,0.696286,0.780592,0.754980,0.696165,0.710916,0.000100,0.075497,358.552696
7,0.683812,0.624225,0.770235,0.710750,0.780876,0.747297,0.695381,0.693805,0.000100,0.074261,353.400184
8,0.680102,0.620699,0.762525,0.703199,0.785145,0.759533,0.692857,0.701394,0.000100,0.070237,347.372583
9,0.679745,0.620496,0.751563,0.692400,0.786853,0.756403,0.701346,0.711430,0.000100,0.069129,346.140822
10,0.678984,0.619900,0.762628,0.703625,0.785430,0.761810,0.703201,0.713527,0.000100,0.069056,346.220511
11,0.679911,0.620983,0.750251,0.691395,0.789698,0.759818,0.720901,0.719731,0.000100,0.069126,346.048742
12,0.675705,0.616924,0.746690,0.687979,0.786568,0.754126,0.711254,0.714920,0.000100,0.069138,346.257098
13,0.674504,0.615872,0.751637,0.693075,0.787137,0.754126,0.705077,0.708504,0.000100,0.069166,346.362888
14,0.676204,0.617717,0.767266,0.708852,0.776039,0.745304,0.701651,0.706395,0.000100,0.069134,345.554237
15,0.671895,0.613557,0.755222,0.696954,0.782869,0.750427,0.711721,0.711766,0.000100,0.069078,345.044043
16,0.673284,0.615083,0.763461,0.705335,0.787422,0.761810,0.690056,0.694432,0.000100,0.069106,344.756787
17,0.672244,0.614176,0.753558,0.695566,0.791975,0.768071,0.700780,0.712179,0.000100,0.069156,345.530466
1,0.665398,0.607446,0.755874,0.697988,0.783153,0.757826,0.705417,0.719947,0.000100,0.126184,664.037449
2,0.665859,0.608035,0.755402,0.697637,0.784576,0.756972,0.706802,0.713097,0.000100,0.117894,642.545220
3,0.663871,0.606160,0.755865,0.698215,0.791121,0.760387,0.710538,0.717365,0.000100,0.118229,626.614895
4,0.664856,0.607259,0.757383,0.699847,0.789698,0.758964,0.707988,0.705545,0.000100,0.118437,615.216233
5,0.663568,0.606089,0.757269,0.699847,0.789983,0.758964,0.713579,0.720320,0.000100,0.118360,607.851162
6,0.659567,0.602199,0.750376,0.693062,0.787422,0.757826,0.706541,0.714389,0.000100,0.118293,616.681174
7,0.661065,0.603806,0.768176,0.710980,0.782299,0.754411,0.695013,0.696664,0.000100,0.118384,614.361734
8,0.657384,0.600235,0.757689,0.700587,0.789698,0.761810,0.699667,0.707465,0.000100,0.118332,611.121002
9,0.658717,0.601661,0.752598,0.695596,0.783722,0.757257,0.698348,0.710126,0.000100,0.118482,610.804679
10,0.658275,0.601326,0.758708,0.701812,0.786283,0.766648,0.706767,0.720761,0.000100,0.118455,610.814501
11,0.660681,0.603832,0.751924,0.695118,0.786568,0.759249,0.720187,0.719231,0.000100,0.118467,611.858197
12,0.656289,0.599530,0.752081,0.695367,0.787991,0.755265,0.713348,0.719119,0.000100,0.118396,612.149610
13,0.655664,0.599003,0.752257,0.695641,0.788275,0.763233,0.708584,0.717809,0.000100,0.118477,607.979394
1,0.646944,0.590332,0.758103,0.701497,0.784291,0.754696,0.714784,0.722051,0.000010,0.126852,664.965089
2,0.647941,0.591341,0.755984,0.699389,0.789698,0.760956,0.711071,0.715297,0.000010,0.118451,636.346029
3,0.646033,0.589444,0.757553,0.700969,0.789129,0.760956,0.714502,0.719192,0.000010,0.118425,617.480931
4,0.645976,0.589398,0.755656,0.699083,0.787422,0.762664,0.709833,0.716014,0.000010,0.118421,610.833867
5,0.644766,0.588199,0.757301,0.700739,0.789414,0.757826,0.713376,0.714284,0.000010,0.118374,608.670810
6,0.641256,0.584700,0.751961,0.695409,0.786283,0.760387,0.708904,0.711439,0.000010,0.118417,615.107917
7,0.641880,0.585334,0.772682,0.716142,0.783722,0.756972,0.697719,0.702034,0.000010,0.118416,614.564117
8,0.638675,0.582140,0.760745,0.704215,0.791121,0.766079,0.711130,0.713327,0.000010,0.118482,610.976498
9,0.639644,0.583119,0.751652,0.695131,0.780307,0.754980,0.709959,0.714457,0.000010,0.118432,608.704261
10,0.639736,0.583221,0.757858,0.701347,0.786568,0.761525,0.706260,0.715534,0.000010,0.118438,611.245673
11,0.641230,0.584725,0.755513,0.699013,0.790268,0.764656,0.712341,0.716647,0.000010,0.118488,611.667240
12,0.636454,0.579959,0.751642,0.695151,0.792829,0.758964,0.713652,0.715029,0.000010,0.118385,609.857983
13,0.636131,0.579645,0.756247,0.699766,0.791121,0.764087,0.711348,0.715936,0.000010,0.118572,609.126226
14,0.651861,0.595387,0.767671,0.711203,0.780307,0.753842,0.696052,0.699971,0.000010,0.118400,612.544894
15,0.648090,0.591629,0.754321,0.697866,0.785999,0.758680,0.711288,0.717672,0.000010,0.118420,610.861240
16,0.649690,0.593240,0.763544,0.707100,0.791406,0.765225,0.700049,0.709135,0.000010,0.118435,610.827249
17,0.648833,0.592395,0.759435,0.703003,0.792829,0.769493,0.708094,0.711085,0.000010,0.118373,606.265436
18,0.655115,0.598689,0.760396,0.703976,0.791690,0.762948,0.697693,0.713508,0.000010,0.118415,609.937543
19,0.656556,0.600143,0.759329,0.702922,0.788845,0.763233,0.703610,0.708375,0.000010,0.118366,608.792717
20,0.660147,0.603746,0.761333,0.704937,0.789414,0.758395,0.698732,0.707640,0.000010,0.118435,614.558561
21,0.655016,0.598626,0.741469,0.685085,0.796244,0.768924,0.718583,0.730345,0.000010,0.118478,609.024997
22,0.658976,0.602598,0.757987,0.701615,0.782584,0.757826,0.709692,0.713323,0.000010,0.118374,609.380584
23,0.654526,0.598160,0.771792,0.715432,0.789414,0.766079,0.698076,0.704860,0.000010,0.118466,614.572461
24,0.658389,0.602035,0.763301,0.706953,0.791406,0.755834,0.698983,0.702849,0.000010,0.118443,617.210646
25,0.652758,0.596417,0.762008,0.705672,0.793682,0.763233,0.712348,0.711304,0.000010,0.118450,610.251496
26,0.653008,0.596677,0.750002,0.693678,0.792829,0.765509,0.708395,0.711628,0.000010,0.118396,609.737632
27,0.654932,0.598613,0.768627,0.712315,0.785145,0.756403,0.698274,0.706900,0.000010,0.118650,608.626300
28,0.656527,0.600220,0.761962,0.705661,0.789983,0.760672,0.704809,0.710327,0.000010,0.118674,616.447100
29,0.655019,0.598725,0.766619,0.710330,0.785714,0.758964,0.703570,0.711502,0.000010,0.118429,608.150265
30,0.654232,0.597949,0.758888,0.702610,0.785145,0.759249,0.706799,0.712441,0.000010,0.118740,614.228650
31,0.653187,0.596916,0.755397,0.699132,0.793398,0.765225,0.713479,0.717303,0.000010,0.118414,617.336566
32,0.656530,0.600270,0.745450,0.689197,0.790837,0.763802,0.711617,0.719666,0.000010,0.118644,613.536615
33,0.653132,0.596885,0.760055,0.703813,0.793682,0.762094,0.714433,0.716138,0.000010,0.118472,614.281012
34,0.652981,0.596744,0.755259,0.699028,0.789698,0.762948,0.716653,0.714062,0.000010,0.118779,607.600183
35,0.652754,0.596529,0.746367,0.690148,0.789698,0.764940,0.714508,0.721678,0.000010,0.118737,607.545713
36,0.652534,0.596321,0.750016,0.693809,0.789983,0.770632,0.713209,0.722072,0.000010,0.118721,611.923002
37,0.653685,0.597484,0.759750,0.703555,0.790552,0.758680,0.698320,0.706752,0.000010,0.118430,616.044038
38,0.653012,0.596822,0.749342,0.693157,0.791975,0.760387,0.713160,0.722944,0.000010,0.118502,614.706011
39,0.652411,0.596232,0.769354,0.713181,0.785714,0.756118,0.691766,0.702892,0.000010,0.118487,611.334594
40,0.650914,0.594746,0.763093,0.706931,0.786853,0.756688,0.698068,0.700715,0.000010,0.118539,609.170215
41,0.647624,0.591466,0.754069,0.697918,0.787706,0.763802,0.716515,0.715585,0.000010,0.118647,610.051310
42,0.653009,0.596863,0.761499,0.705359,0.782299,0.756118,0.704775,0.712619,0.000010,0.118482,613.652833
43,0.653437,0.597303,0.741455,0.685326,0.789414,0.769778,0.721114,0.735106,0.000010,0.118428,611.827743
44,0.651432,0.595309,0.751267,0.695150,0.784861,0.758110,0.703408,0.714164,0.000010,0.118409,606.544726
45,0.647014,0.590903,0.752848,0.696742,0.791406,0.757257,0.714271,0.717378,0.000010,0.118687,612.554559
46,0.650863,0.594763,0.759734,0.703639,0.782584,0.753557,0.707922,0.713222,0.000010,0.118442,613.284746
47,0.652084,0.595994,0.748651,0.692566,0.784861,0.760387,0.712004,0.713500,0.000010,0.118525,606.013993
48,0.647197,0.591118,0.756023,0.699949,0.793682,0.767786,0.706646,0.718848,0.000010,0.118593,606.840396
49,0.651090,0.595021,0.755287,0.699224,0.792260,0.761525,0.709935,0.720284,0.000010,0.118654,611.176079
50,0.649067,0.593010,0.758086,0.702035,0.789983,0.759533,0.709062,0.716324,0.000010,0.118551,606.835645
51,0.646978,0.590931,0.759364,0.703323,0.779169,0.753842,0.697514,0.711103,0.000010,0.118569,607.524317
52,0.650078,0.594042,0.758572,0.702541,0.791690,0.761810,0.718180,0.715702,0.000010,0.118474,611.954895
53,0.648150,0.592125,0.740900,0.684879,0.792829,0.764087,0.723065,0.721793,0.000010,0.118417,616.037860
54,0.650534,0.594519,0.749474,0.693464,0.790837,0.764087,0.706929,0.714311,0.000010,0.118483,612.415250
55,0.647441,0.591437,0.743957,0.687959,0.795105,0.765794,0.709974,0.716972,0.000010,0.118487,605.644493
56,0.644031,0.588038,0.753651,0.697663,0.787422,0.756118,0.710497,0.717374,0.000010,0.118469,611.577947
57,0.650511,0.594528,0.765355,0.709379,0.785714,0.756972,0.699535,0.710351,0.000010,0.118424,612.019376
58,0.645957,0.589986,0.757281,0.701314,0.790837,0.761241,0.704315,0.712900,0.000010,0.118539,607.864150
59,0.646242,0.590281,0.770107,0.714151,0.787706,0.758680,0.698380,0.713034,0.000010,0.118562,609.064090
60,0.648607,0.592656,0.765822,0.709877,0.789129,0.756688,0.708288,0.704980,0.000010,0.118365,613.068777
61,0.644679,0.588739,0.765947,0.710013,0.784007,0.758395,0.701360,0.708332,0.000010,0.118479,613.142181
62,0.645351,0.589422,0.759130,0.703207,0.789129,0.766648,0.708555,0.713981,0.000010,0.118514,606.447754
63,0.643399,0.587481,0.767535,0.711622,0.787991,0.764656,0.695263,0.705372,0.000010,0.118381,611.656085
64,0.646013,0.590105,0.752922,0.697020,0.788560,0.761525,0.710153,0.720412,0.000010,0.118515,613.033966
65,0.645722,0.589825,0.754468,0.698576,0.795390,0.766648,0.718856,0.721616,0.000010,0.118416,611.868651
66,0.645727,0.589840,0.764127,0.708245,0.791406,0.761810,0.709078,0.707595,0.000010,0.118651,614.562757
67,0.641633,0.585756,0.744590,0.688718,0.790552,0.762379,0.714325,0.726284,0.000010,0.118446,613.109475
68,0.641523,0.585656,0.755154,0.699293,0.789414,0.762664,0.704361,0.714231,0.000010,0.118506,610.731729
69,0.642670,0.586814,0.751783,0.695932,0.791975,0.762379,0.704132,0.714913,0.000010,0.118691,609.294110
70,0.642878,0.587032,0.750924,0.695083,0.788560,0.762948,0.708486,0.718704,0.000010,0.118452,614.602819
71,0.642757,0.586921,0.763234,0.707403,0.791121,0.757257,0.711534,0.711782,0.000010,0.118504,614.499882
72,0.637805,0.581980,0.747915,0.692094,0.786568,0.756403,0.709244,0.713427,0.000010,0.118434,610.519045
73,0.641474,0.585658,0.767186,0.711375,0.791121,0.768640,0.702930,0.708993,0.000010,0.118425,610.857033
74,0.637019,0.581213,0.763089,0.707288,0.787422,0.762379,0.702545,0.714978,0.000010,0.118699,605.576236
75,0.638989,0.583193,0.758834,0.703043,0.789983,0.762379,0.712320,0.718619,0.000010,0.118464,616.337476
76,0.632504,0.576717,0.738134,0.682352,0.788845,0.761810,0.716833,0.717344,0.000010,0.118474,611.744844
77,0.632139,0.576361,0.760309,0.704536,0.790552,0.766079,0.705711,0.711530,0.000010,0.118446,610.046317
78,0.629740,0.573972,0.752357,0.696594,0.789414,0.760956,0.712661,0.714495,0.000010,0.118421,609.268679
79,0.630498,0.574739,0.764123,0.708368,0.791975,0.764656,0.704756,0.707857,0.000010,0.118421,608.463649
80,0.628315,0.572564,0.762941,0.707195,0.790837,0.760956,0.712485,0.715351,0.000010,0.118542,615.497308
81,0.626144,0.570401,0.749038,0.693299,0.795674,0.770347,0.719537,0.731840,0.000010,0.118443,608.843722
82,0.648805,0.593073,0.750970,0.695244,0.792544,0.766648,0.717651,0.722733,0.000010,0.118406,608.616941
83,0.651445,0.595724,0.757958,0.702243,0.793682,0.767217,0.703336,0.709949,0.000010,0.118493,614.154672
84,0.649585,0.593875,0.744986,0.689282,0.791690,0.760102,0.713612,0.718560,0.000010,0.118445,610.696472
85,0.649472,0.593774,0.753041,0.697348,0.794821,0.763802,0.714832,0.712823,0.000010,0.118491,612.970434
86,0.649330,0.593642,0.750461,0.694779,0.792260,0.763517,0.715202,0.718194,0.000010,0.118496,613.672184
87,0.648779,0.593102,0.753985,0.698314,0.791690,0.763802,0.716084,0.719659,0.000010,0.118520,612.405525
88,0.650502,0.594837,0.756847,0.701187,0.789414,0.760387,0.711120,0.713224,0.000010,0.118432,609.166400
89,0.647746,0.592091,0.764148,0.708498,0.782015,0.752134,0.703093,0.704029,0.000010,0.118477,613.945827
90,0.647889,0.592244,0.756203,0.700565,0.793113,0.760387,0.711700,0.715939,0.000010,0.118496,613.448632
91,0.647782,0.592148,0.750072,0.694443,0.786283,0.758395,0.715159,0.717038,0.000010,0.118422,608.579467
92,0.647836,0.592212,0.764151,0.708531,0.784291,0.762379,0.702696,0.713210,0.000010,0.118442,610.607263
93,0.649736,0.594122,0.760930,0.705321,0.785145,0.762948,0.712732,0.718109,0.000010,0.118464,610.824850
94,0.651511,0.595908,0.762027,0.706429,0.793398,0.766079,0.707774,0.711643,0.000010,0.118559,615.809179
95,0.651779,0.596186,0.745547,0.689960,0.795390,0.770063,0.720787,0.722629,0.000010,0.118770,610.308871
96,0.647764,0.592182,0.739446,0.683869,0.793398,0.765794,0.716956,0.729906,0.000010,0.118526,608.171638
97,0.649144,0.593572,0.741231,0.685664,0.793113,0.771201,0.715548,0.721263,0.000010,0.118758,608.651641
98,0.646858,0.591297,0.754240,0.698684,0.787137,0.766363,0.710781,0.719312,0.000010,0.118705,626.426526
99,0.647668,0.592117,0.749168,0.693623,0.791406,0.764656,0.711761,0.717070,0.000010,0.118450,621.423784
100,0.647916,0.592375,0.756442,0.700907,0.791690,0.760956,0.710152,0.711030,0.000010,0.118434,610.441033
101,0.645619,0.590088,0.758586,0.703060,0.788275,0.758395,0.710670,0.715906,0.000010,0.118413,610.371834
102,0.648597,0.593076,0.758727,0.703210,0.786283,0.758110,0.707636,0.715232,0.000010,0.118516,606.174979
103,0.648575,0.593064,0.765312,0.709806,0.788845,0.762664,0.705991,0.708732,0.000010,0.118483,610.861271
104,0.648142,0.592642,0.766521,0.711027,0.791406,0.772055,0.705313,0.721100,0.000010,0.118487,603.363591
105,0.644910,0.589421,0.763587,0.708102,0.794536,0.772908,0.708102,0.719029,0.000010,0.118486,609.636103
106,0.647382,0.591901,0.755634,0.700158,0.790552,0.764087,0.715588,0.717233,0.000010,0.118431,610.344401
107,0.647318,0.591847,0.770226,0.714760,0.781730,0.755265,0.699658,0.709701,0.000010,0.118578,606.060784
108,0.652305,0.596844,0.750268,0.694813,0.790552,0.759818,0.710937,0.712998,0.000010,0.118496,610.634357
109,0.644343,0.588893,0.756525,0.701080,0.787706,0.765509,0.705973,0.719736,0.000010,0.118496,611.142815
110,0.649949,0.594509,0.767103,0.711668,0.784861,0.757826,0.692732,0.692556,0.000010,0.118520,612.861781
111,0.649484,0.594054,0.740446,0.685021,0.791121,0.773193,0.716342,0.728139,0.000010,0.118509,602.557936
112,0.647214,0.591794,0.745796,0.690381,0.791121,0.766363,0.716464,0.719081,0.000010,0.118480,611.441686
113,0.647101,0.591690,0.752777,0.697372,0.788560,0.765509,0.713828,0.719810,0.000010,0.118718,613.016933
114,0.647037,0.591636,0.761466,0.706069,0.785714,0.761241,0.704170,0.710963,0.000010,0.118435,610.275739
115,0.644877,0.589485,0.747789,0.692403,0.796244,0.769778,0.714531,0.720043,0.000010,0.118699,613.090812
116,0.646304,0.590923,0.767110,0.711733,0.787991,0.764940,0.698911,0.705234,0.000010,0.118688,608.600096
117,0.646776,0.591403,0.745904,0.690537,0.791975,0.765794,0.719748,0.726980,0.000010,0.118488,614.155513
118,0.649499,0.594136,0.748538,0.693180,0.789698,0.766363,0.715856,0.724067,0.000010,0.118776,607.879816
119,0.648080,0.592727,0.750104,0.694756,0.793682,0.763802,0.712218,0.715488,0.000010,0.118424,610.854128
120,0.646865,0.591521,0.769034,0.713695,0.786283,0.764940,0.704056,0.709583,0.000010,0.118500,611.730566
121,0.647003,0.591669,0.758478,0.703149,0.791975,0.762379,0.707910,0.714885,0.000010,0.118715,614.676618
122,0.648338,0.593014,0.762708,0.707390,0.787706,0.760102,0.702302,0.707459,0.000010,0.118660,608.014641
123,0.643022,0.587709,0.745958,0.690649,0.789698,0.762379,0.704939,0.710999,0.000010,0.118464,606.874744
124,0.644899,0.589594,0.746654,0.691353,0.789414,0.769778,0.716674,0.728334,0.000010,0.118566,613.058980
125,0.646231,0.590935,0.764414,0.709124,0.795959,0.774331,0.711311,0.712821,0.000010,0.118483,613.947658
126,0.644989,0.589703,0.759060,0.703779,0.791690,0.762948,0.714421,0.719175,0.000010,0.118860,609.026445
127,0.649211,0.593935,0.766973,0.711702,0.791121,0.761241,0.707495,0.709584,0.000010,0.118739,603.413495
128,0.645341,0.590074,0.763445,0.708184,0.788560,0.756403,0.707398,0.705744,0.000010,0.118714,608.958599
129,0.643362,0.588106,0.757429,0.702178,0.781446,0.758964,0.706679,0.718102,0.000010,0.118724,606.043133
130,0.645800,0.590554,0.766334,0.711093,0.787706,0.762664,0.704154,0.706001,0.000010,0.118734,612.020096
131,0.646936,0.591699,0.755912,0.700680,0.791690,0.761810,0.708905,0.713621,0.000010,0.118481,607.687983
132,0.643265,0.588037,0.750170,0.694947,0.791406,0.763802,0.718768,0.722775,0.000010,0.118685,613.887399
133,0.646596,0.591378,0.752738,0.697525,0.792260,0.762948,0.704137,0.700340,0.000010,0.118313,971.068492
134,0.645651,0.590443,0.750201,0.694998,0.792829,0.765225,0.713675,0.718397,0.000010,0.118812,608.593329
135,0.646012,0.590813,0.748079,0.692885,0.794821,0.762379,0.712748,0.724257,0.000010,0.118827,608.124578
136,0.643556,0.588367,0.755571,0.700386,0.788560,0.763233,0.707160,0.718594,0.000010,0.118808,605.887096
137,0.647911,0.592731,0.760306,0.705131,0.789983,0.767786,0.703416,0.711775,0.000010,0.118903,605.510464
138,0.643191,0.588021,0.765120,0.709954,0.792544,0.764087,0.711126,0.712536,0.000010,0.118813,601.922929
139,0.643674,0.588514,0.751481,0.696325,0.790552,0.764371,0.706555,0.711554,0.000010,0.118878,602.150190
140,0.646325,0.591174,0.756361,0.701215,0.789414,0.764940,0.707114,0.710877,0.000010,0.118979,609.428337
141,0.645375,0.590234,0.743225,0.688089,0.790837,0.766932,0.715716,0.717673,0.000010,0.118875,609.503687
142,0.647004,0.591873,0.752561,0.697435,0.785430,0.761525,0.706814,0.715003,0.000010,0.118913,608.546297
143,0.648439,0.593319,0.764497,0.709381,0.782015,0.752988,0.697856,0.703068,0.000010,0.118814,605.058206
144,0.644480,0.589368,0.745605,0.690499,0.791690,0.762664,0.708456,0.721265,0.000010,0.118834,610.262445
145,0.646623,0.591521,0.738128,0.683031,0.790837,0.764940,0.717625,0.721895,0.000010,0.118604,604.068050
146,0.646855,0.591762,0.766978,0.711891,0.785714,0.760387,0.702764,0.708463,0.000010,0.118834,604.254529
147,0.643266,0.588183,0.741735,0.686657,0.790837,0.768071,0.714388,0.723570,0.000010,0.118875,605.042694
148,0.648790,0.593717,0.772952,0.717883,0.788275,0.755834,0.714035,0.713588,0.000010,0.118794,605.259565
149,0.645028,0.589964,0.757651,0.702592,0.790837,0.762664,0.707516,0.715979,0.000010,0.118783,604.371421
150,0.646780,0.591724,0.751731,0.696681,0.793398,0.765225,0.706872,0.716538,0.000010,0.118793,604.379883
151,0.645216,0.590171,0.753627,0.698586,0.793398,0.765509,0.712518,0.717120,0.000010,0.118788,602.411576
152,0.644885,0.589848,0.754452,0.699420,0.789414,0.765794,0.704269,0.714766,0.000010,0.118768,606.184060
153,0.643535,0.588507,0.768482,0.713459,0.792544,0.762664,0.705023,0.712640,0.000010,0.118818,602.424655
154,0.642760,0.587742,0.756709,0.701695,0.790268,0.755265,0.713493,0.712490,0.000010,0.118833,610.702587
155,0.645011,0.590002,0.769518,0.714514,0.787137,0.758110,0.697241,0.703029,0.000010,0.118800,608.877786
156,0.644768,0.589768,0.766537,0.711541,0.789983,0.755549,0.703195,0.705554,0.000010,0.118803,605.953266
157,0.643742,0.588751,0.765038,0.710052,0.788845,0.762948,0.702713,0.709692,0.000010,0.118590,608.610131
158,0.646378,0.591397,0.755995,0.701018,0.791975,0.763802,0.709257,0.718424,0.000010,0.118583,608.228911
159,0.642247,0.587274,0.757536,0.702569,0.784576,0.764940,0.703649,0.713200,0.000010,0.118612,607.143961
160,0.645133,0.590170,0.757376,0.702418,0.791690,0.766363,0.705071,0.716502,0.000010,0.118791,607.803753
161,0.640026,0.585072,0.755556,0.700608,0.794536,0.773193,0.713790,0.722729,0.000010,0.118857,610.724360
162,0.642858,0.587914,0.746682,0.691743,0.796244,0.773762,0.720491,0.724706,0.000010,0.118817,604.770384
163,0.644650,0.589716,0.749475,0.694545,0.796528,0.766079,0.713417,0.717141,0.000010,0.118545,608.012709
164,0.645472,0.590547,0.769976,0.715056,0.789129,0.758964,0.699981,0.703071,0.000010,0.118813,610.773714
165,0.645108,0.590193,0.749811,0.694901,0.779738,0.750711,0.707240,0.711228,0.000010,0.118579,600.776547
166,0.641254,0.586348,0.757411,0.702509,0.789698,0.764940,0.706283,0.714985,0.000010,0.118509,606.386166
167,0.645393,0.590496,0.757726,0.702834,0.790837,0.764656,0.700539,0.714211,0.000010,0.118612,604.916327
168,0.646541,0.591653,0.753156,0.698272,0.784861,0.760956,0.714519,0.723688,0.000010,0.118774,601.965202
169,0.641864,0.586984,0.760463,0.705587,0.790268,0.766363,0.703204,0.710134,0.000010,0.118735,606.397534
170,0.644029,0.589158,0.747305,0.692439,0.793113,0.766648,0.720692,0.719544,0.000010,0.118611,606.104673
171,0.643243,0.588382,0.756381,0.701524,0.788560,0.762948,0.700132,0.707875,0.000010,0.118488,607.693029
172,0.641344,0.586490,0.757612,0.702763,0.789698,0.760672,0.706481,0.709170,0.000010,0.118491,606.203921
173,0.644680,0.589835,0.758046,0.703205,0.791690,0.762664,0.706690,0.712808,0.000010,0.118583,609.700755
174,0.647542,0.592706,0.754414,0.699583,0.790552,0.760956,0.706806,0.711100,0.000010,0.118545,600.188008
175,0.642436,0.587610,0.745123,0.690301,0.789129,0.762948,0.714217,0.724711,0.000010,0.118622,605.259531
176,0.644686,0.589868,0.759764,0.704952,0.789698,0.764087,0.704281,0.721048,0.000010,0.118588,612.811104
177,0.641762,0.586955,0.751628,0.696826,0.790552,0.766932,0.710806,0.715883,0.000010,0.118579,609.696624
178,0.641528,0.586730,0.766674,0.711880,0.789129,0.766079,0.709453,0.715560,0.000010,0.118587,604.683756
179,0.638063,0.583272,0.766595,0.711809,0.795105,0.768640,0.704825,0.714656,0.000010,0.118518,605.018148
180,0.640751,0.585969,0.761333,0.706556,0.788560,0.760956,0.698585,0.707274,0.000010,0.118495,603.800596
181,0.639530,0.584757,0.765439,0.710670,0.792260,0.758680,0.709499,0.711396,0.000010,0.118522,601.901878
182,0.641035,0.586271,0.761268,0.706508,0.788560,0.765794,0.712508,0.711367,0.000010,0.118460,608.679718
183,0.642405,0.587650,0.755369,0.700618,0.788845,0.768640,0.716114,0.724815,0.000010,0.118546,607.884122
184,0.641937,0.587191,0.750070,0.695329,0.790837,0.765225,0.715861,0.720328,0.000010,0.118536,603.538367
185,0.640908,0.586171,0.768270,0.713538,0.787137,0.754696,0.698144,0.707489,0.000010,0.118483,611.479344
186,0.642106,0.587379,0.770341,0.715618,0.785145,0.753273,0.702801,0.705551,0.000010,0.118549,607.091497
187,0.641815,0.587096,0.759807,0.705093,0.790268,0.760387,0.704977,0.703361,0.000010,0.118502,604.991697
188,0.639663,0.584953,0.759148,0.704442,0.792544,0.766932,0.704821,0.713263,0.000010,0.118573,610.568237
189,0.641240,0.586538,0.761605,0.706908,0.794821,0.766079,0.706772,0.704560,0.000010,0.118610,604.829997
190,0.640430,0.585736,0.756908,0.702219,0.789414,0.761525,0.708714,0.709319,0.000010,0.118579,608.535504
191,0.640983,0.586298,0.768254,0.713574,0.787991,0.763233,0.705743,0.708374,0.000010,0.118596,613.476083
192,0.643330,0.588654,0.756334,0.701663,0.794252,0.770063,0.713667,0.717627,0.000010,0.118570,611.156475
193,0.642796,0.588129,0.762881,0.708218,0.785714,0.756118,0.713997,0.711518,0.000010,0.118489,602.142698
194,0.642653,0.587994,0.759317,0.704663,0.791121,0.764087,0.707573,0.718967,0.000010,0.118582,609.008298
195,0.642738,0.588087,0.766431,0.711786,0.787706,0.761810,0.710718,0.714681,0.000010,0.118464,603.954809
196,0.644074,0.589433,0.758715,0.704078,0.796528,0.767501,0.708872,0.716783,0.000010,0.118537,603.658727
197,0.636397,0.581764,0.759045,0.704417,0.782299,0.759533,0.710255,0.713533,0.000010,0.118575,605.106867
198,0.644309,0.589685,0.745479,0.690860,0.787422,0.762948,0.713104,0.725334,0.000010,0.118504,606.829504
199,0.645487,0.590873,0.750636,0.696026,0.795674,0.766932,0.714879,0.713610,0.000010,0.118545,606.597668
200,0.640980,0.586375,0.753428,0.698827,0.788275,0.761525,0.704515,0.712267,0.000010,0.118500,607.963745
