epoch,train_loss,avg_valid_loss,valid_accuracy,time
1,2.526127,3.390724,0.174400,290.546813
2,1.624403,1.804299,0.406400,288.941170
3,1.366174,1.982777,0.429000,289.135561
4,1.170991,1.510681,0.532000,289.292096
5,1.026494,1.159319,0.615800,289.347666
6,0.928076,0.981157,0.670800,289.163295
7,0.857136,0.805425,0.738200,289.265000
8,0.801121,0.894297,0.710800,289.140055
9,0.746924,0.915614,0.715200,289.275929
10,0.698693,0.760331,0.761400,289.236133
11,0.657734,0.693413,0.781000,289.373517
12,0.629581,0.668260,0.787800,289.309888
13,0.600187,0.841240,0.756200,289.278052
14,0.580234,0.640839,0.793000,289.272657
15,0.553796,0.650326,0.792200,289.289748
16,0.536417,0.670117,0.788800,289.235529
17,0.515122,0.571431,0.814400,289.201800
18,0.495953,0.587963,0.808600,289.525078
19,0.484623,0.625056,0.807800,289.427308
20,0.468257,0.628547,0.808800,289.355851
21,0.457589,0.592848,0.808800,289.317045
22,0.444308,0.534808,0.832800,289.346719
23,0.429112,0.552007,0.835800,289.201162
24,0.413896,0.513056,0.835400,289.307925
25,0.408724,0.562553,0.824200,289.289100
26,0.399067,0.504347,0.837800,289.504616
27,0.387807,0.552452,0.832000,289.407895
28,0.380299,0.511013,0.842600,289.482613
29,0.369993,0.596712,0.823000,289.402418
30,0.362287,0.623485,0.823800,289.408104
31,0.351018,0.494106,0.851200,289.355730
32,0.342002,0.559041,0.830600,289.270484
33,0.339670,0.495517,0.843800,289.268522
34,0.328815,0.550468,0.836000,289.351648
35,0.322635,0.489024,0.851400,289.293827
36,0.319366,0.589430,0.831000,289.334389
37,0.308972,0.472703,0.860600,289.290307
38,0.304480,0.480282,0.854400,289.363148
39,0.299503,0.501072,0.854000,289.280100
40,0.295154,0.485127,0.853400,289.422307
41,0.284214,0.506869,0.857600,289.506930
42,0.283339,0.422468,0.873000,289.357009
43,0.278451,0.476136,0.864400,289.397983
44,0.270222,0.529414,0.853200,289.369625
45,0.266969,0.595705,0.838800,289.231270
46,0.266447,0.494605,0.865800,289.331308
47,0.258129,0.541258,0.854600,289.973180
48,0.255633,0.484402,0.860000,290.240864
49,0.251541,0.531470,0.859400,290.179879
50,0.249149,0.469829,0.871200,290.127737
51,0.242509,0.516258,0.859600,290.273628
52,0.240961,0.452030,0.873000,290.215483
53,0.236912,0.553372,0.853400,290.256125
54,0.230940,0.528995,0.854400,289.638500
55,0.229211,0.478222,0.865200,290.221066
56,0.223361,0.476050,0.862600,290.405970
57,0.218612,0.471779,0.871800,290.289026
58,0.216270,0.463009,0.875200,290.347882
59,0.212499,0.451227,0.872200,290.487998
60,0.209078,0.475027,0.870800,290.456394
61,0.208279,0.528274,0.861400,290.496817
62,0.204992,0.484379,0.874000,289.622396
63,0.202712,0.494046,0.870200,289.581930
64,0.198456,0.449629,0.876000,289.597972
65,0.194862,0.459456,0.868000,289.727878
66,0.192380,0.458548,0.878400,289.779445
67,0.190480,0.465145,0.874200,289.804413
68,0.187808,0.478296,0.874400,289.824335
69,0.184943,0.488546,0.873000,289.824364
70,0.180508,0.575684,0.859400,289.729352
71,0.183269,0.544370,0.869200,289.711952
72,0.180670,0.511821,0.869000,289.679827
73,0.176446,0.495900,0.871600,289.773514
74,0.176068,0.462165,0.881600,289.701933
75,0.173439,0.465638,0.879200,289.750189
76,0.170321,0.496969,0.874400,289.778934
77,0.168573,0.508508,0.872400,289.826106
78,0.166214,0.512128,0.873800,289.784070
79,0.164744,0.418005,0.888200,289.748174
80,0.159860,0.504550,0.875600,289.736128
81,0.155547,0.588250,0.865200,289.796136
82,0.159767,0.527576,0.878200,289.654505
83,0.157801,0.506271,0.878200,289.775647
84,0.153615,0.541995,0.869400,289.776578
85,0.152776,0.531167,0.867400,289.793337
86,0.150594,0.511099,0.871800,289.728032
87,0.148864,0.483223,0.881400,289.777969
88,0.146252,0.527959,0.877800,289.756659
89,0.146012,0.546640,0.878400,289.690357
90,0.147195,0.528223,0.879800,289.713516
91,0.143971,0.479169,0.881800,289.687891
92,0.141980,0.544356,0.868000,289.771075
93,0.138557,0.561019,0.873800,289.609632
94,0.136840,0.555971,0.869600,289.724395
95,0.138808,0.544165,0.876000,289.821916
96,0.133461,0.486597,0.879800,289.747025
97,0.134846,0.545816,0.878600,289.731383
98,0.130959,0.498151,0.886000,289.714245
99,0.125538,0.618989,0.872800,289.743634
100,0.131007,0.521146,0.878600,289.733251
101,0.124460,0.526303,0.878000,289.579631
102,0.128736,0.537409,0.877000,289.752121
103,0.126543,0.566183,0.872600,289.706773
104,0.125327,0.523041,0.882800,289.731577
105,0.123130,0.531446,0.877600,289.701802
106,0.126412,0.592206,0.867000,289.692175
107,0.120507,0.543622,0.879800,289.787566
108,0.119839,0.539138,0.878400,289.700331
109,0.118552,0.574321,0.868600,289.707286
110,0.121334,0.537737,0.883400,289.691999
111,0.117871,0.579933,0.873000,289.757082
112,0.114531,0.549550,0.879200,289.898860
113,0.115064,0.528750,0.882600,289.711183
114,0.110789,0.539090,0.882600,289.690540
115,0.111641,0.494543,0.890200,289.683862
116,0.110074,0.496180,0.887200,289.716532
117,0.107016,0.527945,0.883800,289.829343
118,0.110127,0.517002,0.881800,289.911167
119,0.105421,0.531251,0.884200,290.035206
120,0.107647,0.557303,0.879600,289.973245
121,0.102999,0.607007,0.878400,289.872912
122,0.108826,0.566830,0.880600,289.981601
123,0.109270,0.547195,0.885600,289.965630
124,0.102966,0.587443,0.875200,289.885014
125,0.103452,0.514122,0.887400,289.888697
126,0.098345,0.520253,0.889600,289.931754
127,0.100668,0.513716,0.883800,289.763920
128,0.097771,0.602334,0.879800,289.888632
129,0.099388,0.552095,0.877600,289.806545
130,0.097554,0.513307,0.886400,289.890717
131,0.096254,0.637328,0.875200,289.858786
132,0.096206,0.549214,0.878600,290.026057
133,0.091620,0.540751,0.888000,289.943138
134,0.096345,0.615260,0.873800,289.861285
135,0.099277,0.557539,0.884600,290.490755
136,0.094029,0.544161,0.884600,290.577211
137,0.092198,0.582222,0.881800,290.566286
138,0.091905,0.596337,0.881400,290.493759
139,0.089578,0.551431,0.887600,290.590538
140,0.089811,0.562992,0.882600,289.621397
141,0.087466,0.537564,0.888600,290.606137
142,0.087429,0.579134,0.882600,290.731588
143,0.087319,0.540645,0.887600,290.632859
144,0.086274,0.570248,0.883000,289.697430
145,0.090855,0.557565,0.888200,289.752298
146,0.090111,0.567643,0.891000,289.784051
147,0.088710,0.551174,0.880800,289.742937
148,0.085428,0.536917,0.889600,289.634015
149,0.082387,0.527779,0.891200,289.689442
150,0.082996,0.549445,0.886000,289.725318
151,0.082854,0.586192,0.886200,289.682887
152,0.079253,0.585137,0.887000,289.737063
153,0.080349,0.559958,0.883800,289.588834
154,0.081455,0.579921,0.882800,289.688972
155,0.080437,0.534178,0.889200,289.581998
156,0.082353,0.497325,0.896600,289.604801
157,0.078043,0.516776,0.894000,289.671878
158,0.079938,0.556451,0.888600,289.767985
159,0.077595,0.584600,0.885600,289.667284
160,0.075749,0.587968,0.883600,289.795938
161,0.079118,0.593371,0.884600,289.666484
162,0.075293,0.598118,0.886000,289.726942
163,0.076493,0.577820,0.887600,289.605363
164,0.075131,0.557197,0.890200,289.706649
165,0.072783,0.581514,0.888400,289.601599
166,0.073160,0.548593,0.887400,289.621480
167,0.072345,0.550322,0.892200,289.602619
168,0.073308,0.620901,0.884000,289.643916
169,0.077480,0.584419,0.887200,289.638206
170,0.073556,0.567009,0.889600,289.704169
171,0.072348,0.564902,0.892200,289.710382
172,0.071449,0.659706,0.879200,289.593224
173,0.072998,0.557002,0.892800,289.659550
174,0.070351,0.680332,0.874400,289.597797
175,0.072752,0.563996,0.890200,289.644983
176,0.068698,0.561660,0.890400,289.715926
177,0.072695,0.617522,0.881800,289.721311
178,0.070516,0.546977,0.891400,289.687934
179,0.069977,0.699729,0.876800,289.714943
180,0.071379,0.612656,0.885800,289.582515
181,0.070284,0.550574,0.896200,289.902476
182,0.067359,0.608099,0.888800,289.655838
183,0.067159,0.637771,0.886200,289.663552
184,0.066420,0.575514,0.890400,289.631075
185,0.066881,0.600447,0.884600,289.669678
186,0.068050,0.557484,0.893400,289.657208
187,0.064766,0.559886,0.896000,289.711483
188,0.063939,0.587378,0.891400,289.643123
189,0.064098,0.584540,0.888200,289.674335
190,0.062272,0.579207,0.891200,289.693479
191,0.063454,0.551709,0.891600,289.695749
192,0.062207,0.606617,0.886000,289.637103
193,0.061107,0.618791,0.890800,289.716690
194,0.059824,0.594079,0.893600,289.783573
195,0.061606,0.603894,0.884200,289.687547
196,0.062538,0.612343,0.886400,289.684309
197,0.061544,0.604678,0.891800,289.701769
198,0.061019,0.662133,0.883000,289.655675
199,0.059655,0.599403,0.890200,289.706604
200,0.060744,0.620404,0.887200,289.709429
201,0.057452,0.583827,0.890800,289.723084
202,0.059765,0.627273,0.886200,289.773935
203,0.057510,0.581243,0.893600,289.725184
204,0.058799,0.629191,0.883800,289.790801
205,0.059598,0.622167,0.884600,289.696105
206,0.062060,0.570609,0.889200,289.852159
207,0.059122,0.569369,0.895000,289.678829
208,0.059952,0.643688,0.883200,289.724404
209,0.061201,0.569337,0.891400,289.654672
210,0.058667,0.556053,0.896000,289.764382
211,0.055779,0.643852,0.885400,289.746479
212,0.057481,0.621343,0.890600,289.776032
1,0.037176,0.517583,0.901600,288.441039
2,0.029028,0.512604,0.901400,287.111698
3,0.026847,0.522261,0.898000,287.265378
4,0.025614,0.528125,0.899800,287.247509
5,0.024441,0.532424,0.901400,287.255304
6,0.023812,0.534139,0.901800,287.354168
7,0.024268,0.534715,0.902000,287.256356
8,0.023738,0.539259,0.903800,287.253402
9,0.022472,0.542522,0.901800,287.286482
10,0.023317,0.539494,0.903600,287.307334
11,0.021619,0.539344,0.901600,287.306747
12,0.021625,0.546867,0.903200,287.314202
13,0.021585,0.547295,0.903800,287.591532
14,0.022071,0.540736,0.902000,287.626884
15,0.020606,0.544759,0.902400,287.596202
16,0.020789,0.548772,0.902400,287.315135
17,0.021449,0.556477,0.902000,287.308134
18,0.020721,0.542064,0.902400,287.364433
19,0.021481,0.548562,0.902800,287.416280
20,0.020646,0.550166,0.903800,287.667513
21,0.020507,0.555417,0.900400,287.630177
22,0.019925,0.543411,0.903200,287.247141
23,0.020381,0.547997,0.901200,287.199698
24,0.020260,0.542515,0.904200,287.287974
25,0.020134,0.556736,0.900200,287.207935
26,0.020133,0.553742,0.901800,287.312874
27,0.019222,0.554554,0.901600,287.305349
28,0.019925,0.557526,0.904000,287.212741
29,0.019668,0.557335,0.901600,287.229487
30,0.019085,0.562806,0.901000,287.189110
31,0.019025,0.559986,0.902600,287.245124
32,0.019598,0.567859,0.904200,287.262231
33,0.019099,0.554896,0.903800,287.184447
34,0.018829,0.561241,0.900200,287.220742
35,0.018341,0.562209,0.900800,287.184352
36,0.018761,0.573807,0.901200,287.267453
37,0.018402,0.568262,0.901800,287.071238
38,0.017895,0.569493,0.902800,287.316037
39,0.018249,0.555935,0.900800,287.182509
40,0.018504,0.568008,0.904800,287.311978
41,0.018299,0.567140,0.900200,287.267635
42,0.018085,0.556687,0.901800,287.411558
43,0.017902,0.555238,0.900400,287.352456
44,0.018172,0.558282,0.903200,287.327843
45,0.017935,0.570268,0.903000,287.248275
46,0.017481,0.575062,0.901600,287.149939
47,0.017230,0.576120,0.903600,287.262332
48,0.016959,0.575310,0.903000,287.253855
49,0.017637,0.560818,0.902600,287.305621
50,0.017506,0.571674,0.903400,287.282322
51,0.017520,0.569558,0.901400,287.272302
52,0.018149,0.564438,0.901400,287.197742
53,0.017878,0.566664,0.902400,287.319045
54,0.017024,0.569178,0.903000,287.405019
55,0.017155,0.568458,0.901000,287.701410
56,0.016369,0.562307,0.902600,287.400128
