epoch,train_loss,avg_valid_loss,valid_accuracy,time
1,2.905524,2.316998,0.097800,473.017692
2,2.317888,2.305038,0.105000,459.682409
3,2.280228,2.234462,0.188000,460.092975
4,2.083994,2.092391,0.242400,459.829635
5,1.891568,1.869241,0.302000,460.409343
6,1.781631,1.714646,0.364400,461.447539
7,1.688424,1.606137,0.413200,460.352815
8,1.610014,1.454949,0.472800,459.949025
9,1.530007,1.403971,0.498400,460.360252
10,1.455196,1.569828,0.452400,460.020775
11,1.382487,1.242831,0.556400,460.809773
12,1.313613,1.177985,0.582000,468.437113
13,1.240168,1.093112,0.615800,478.408606
14,1.181440,1.262002,0.594000,462.827397
15,1.127804,1.190015,0.615600,466.665757
16,1.082842,0.960657,0.675400,472.007171
17,1.039588,0.898091,0.695000,465.697921
18,0.999973,0.986582,0.667000,475.718370
19,0.966385,0.973072,0.681800,464.524840
20,0.939292,0.862660,0.713800,466.035348
21,0.900836,0.852928,0.715400,468.090543
22,0.872648,0.778952,0.744400,463.752288
23,0.839510,0.857903,0.716400,476.255494
24,0.828224,0.784689,0.748200,462.492511
25,0.795501,0.732688,0.765200,464.125062
26,0.782075,0.702740,0.766800,463.635299
27,0.767345,0.741277,0.764400,462.831384
28,0.740412,0.700592,0.776400,462.348026
29,0.737638,0.637516,0.792000,464.095495
30,0.716239,0.655787,0.786400,467.063869
31,0.703657,0.699580,0.779000,462.960824
32,0.686253,0.618881,0.803200,463.992032
33,0.675425,0.641332,0.796800,462.744143
34,0.661226,0.617570,0.804600,468.818962
35,0.650308,0.592784,0.811600,467.862938
36,0.644884,0.754665,0.772400,464.068282
37,0.633042,0.670416,0.793000,462.470060
38,0.623072,0.564994,0.824400,462.472475
39,0.617261,0.560969,0.821800,462.498581
40,0.600893,0.593444,0.820400,462.315634
41,0.594703,0.557383,0.826000,462.472328
42,0.592430,0.561043,0.823400,462.464385
43,0.584637,0.560361,0.824600,462.230133
44,0.572595,0.530473,0.830400,462.277726
45,0.570080,0.548583,0.823000,462.568316
46,0.560896,0.588049,0.814200,462.145186
47,0.554703,0.563595,0.826000,462.534966
48,0.545976,0.583612,0.824000,462.405580
49,0.546320,0.527761,0.832200,463.830165
50,0.537573,0.550290,0.831400,466.440356
51,0.536162,0.556943,0.819200,463.498326
52,0.528339,0.535857,0.833000,469.329623
53,0.524909,0.509890,0.834000,464.140689
54,0.518869,0.527248,0.836400,465.951211
55,0.514451,0.541246,0.833200,464.544990
56,0.511164,0.568431,0.824800,466.017761
57,0.509151,0.493300,0.850400,472.466402
58,0.501362,0.501043,0.847800,463.530288
59,0.496753,0.494273,0.842600,470.614856
60,0.494837,0.499966,0.850000,465.227347
61,0.490688,0.504278,0.842800,465.603763
62,0.484885,0.477310,0.855000,466.585916
63,0.483306,0.473497,0.853800,463.118276
64,0.477846,0.473906,0.860600,473.636971
65,0.477999,0.473061,0.854600,465.839281
66,0.470158,0.476510,0.849200,466.163365
67,0.460698,0.513813,0.843800,464.335526
68,0.465785,0.481420,0.852200,465.499038
69,0.459331,0.468194,0.854000,466.038629
70,0.461996,0.507623,0.847200,468.602977
71,0.453237,0.495884,0.862000,462.959969
72,0.452607,0.473529,0.858800,469.529518
73,0.450646,0.484618,0.856800,464.624900
74,0.449030,0.463919,0.854600,468.087314
75,0.442746,0.496998,0.859600,470.958574
76,0.441053,0.481549,0.857800,465.153885
77,0.435491,0.429752,0.867600,470.277057
78,0.431157,0.438099,0.863400,463.922814
79,0.427313,0.468727,0.856000,464.838726
80,0.431493,0.444384,0.860800,463.436256
81,0.429122,0.454470,0.864200,464.838043
82,0.428446,0.510158,0.854000,469.396485
83,0.421412,0.460662,0.860000,465.016238
84,0.419513,0.431856,0.867400,470.032475
85,0.414617,0.447239,0.864000,464.850300
86,0.413472,0.454262,0.869400,465.294510
87,0.416718,0.419567,0.869600,473.251754
88,0.410450,0.444928,0.864800,466.667377
89,0.412798,0.459878,0.857200,470.208477
90,0.403070,0.481681,0.861000,468.371705
91,0.405236,0.527784,0.860400,465.671465
92,0.412938,0.449617,0.867000,470.063445
93,0.398919,0.430954,0.868200,466.379102
94,0.397210,0.421448,0.873200,471.342627
95,0.398894,0.435379,0.867400,469.441607
96,0.391780,0.454887,0.865000,476.787925
97,0.388373,0.474234,0.862000,464.574415
98,0.394481,0.456061,0.870200,464.065048
99,0.385457,0.468775,0.861000,465.089374
100,0.389726,0.429540,0.873400,464.911309
101,0.385453,0.483705,0.862800,465.242596
102,0.383773,0.421558,0.876600,475.927405
103,0.381476,0.419349,0.869400,474.229196
104,0.383544,0.447114,0.871600,464.970918
105,0.379071,0.416036,0.874800,472.567734
106,0.376270,0.436071,0.868800,462.919275
107,0.371485,0.409584,0.873800,463.498920
108,0.372210,0.455290,0.864000,464.670463
109,0.368631,0.447582,0.870400,465.935321
110,0.372197,0.454967,0.871600,466.399967
111,0.364928,0.471788,0.861000,466.337730
112,0.365918,0.446064,0.873600,469.655483
113,0.361087,0.392588,0.872800,464.121960
114,0.357777,0.474379,0.862200,470.770056
115,0.365146,0.414330,0.875600,464.331697
116,0.360763,0.436600,0.870600,464.401644
117,0.361065,0.409623,0.874600,464.447513
118,0.361958,0.429689,0.872800,463.263113
119,0.358764,0.418686,0.872000,471.361035
120,0.356241,0.423783,0.872000,465.880140
121,0.351921,0.415371,0.880000,467.970494
122,0.355098,0.435977,0.867800,465.261721
123,0.348219,0.415436,0.876400,468.351053
124,0.348811,0.448895,0.874600,472.281159
125,0.354582,0.407902,0.880200,466.872240
126,0.339311,0.493087,0.856000,466.281955
127,0.349311,0.425457,0.879800,475.288723
128,0.342274,0.394598,0.881200,468.164880
129,0.344032,0.419532,0.881600,467.620918
130,0.343427,0.428871,0.883600,467.978247
131,0.341080,0.418050,0.877000,475.719080
132,0.339443,0.452906,0.871200,464.653669
133,0.343330,0.457020,0.865600,465.294738
134,0.334079,0.431967,0.879400,466.128653
135,0.339089,0.393983,0.883400,467.474942
136,0.339773,0.402399,0.878400,476.973050
137,0.334410,0.405509,0.884800,465.106146
138,0.335769,0.421521,0.879200,465.756849
139,0.333430,0.398262,0.887600,470.222303
140,0.333567,0.392479,0.885200,470.823327
141,0.329743,0.411091,0.880600,468.076846
142,0.334092,0.403157,0.887000,474.320884
143,0.329111,0.411062,0.885800,466.463093
144,0.326192,0.379340,0.881600,463.471299
145,0.322710,0.396172,0.880600,465.728839
146,0.326575,0.392507,0.881200,470.198754
147,0.319463,0.392287,0.888600,464.951746
148,0.318290,0.431927,0.887200,464.436246
149,0.320414,0.418244,0.882000,466.511746
150,0.325075,0.416622,0.881800,477.082732
151,0.315993,0.399739,0.883800,463.852299
152,0.315005,0.388846,0.889000,470.296658
153,0.316193,0.487343,0.869600,465.096916
154,0.318356,0.404933,0.885000,466.876092
155,0.317382,0.374005,0.886400,467.638886
156,0.315419,0.394710,0.886200,464.384671
157,0.318297,0.390726,0.886800,469.452856
158,0.307068,0.432382,0.877200,469.114564
159,0.307717,0.408535,0.884200,464.967312
160,0.314127,0.392285,0.885600,464.040521
161,0.304525,0.436432,0.883000,471.682051
162,0.309368,0.387248,0.887200,465.040740
163,0.310718,0.391804,0.886200,466.537529
164,0.304057,0.406500,0.883200,467.042196
165,0.300933,0.370694,0.885000,464.624549
166,0.302161,0.376357,0.887400,463.144340
167,0.301153,0.393411,0.881000,465.205962
168,0.301122,0.369817,0.889000,464.526270
169,0.294988,0.426615,0.878000,466.413843
170,0.299357,0.370699,0.887800,465.647531
171,0.300390,0.437513,0.879800,463.654521
172,0.299309,0.390286,0.888400,468.075999
173,0.300360,0.437798,0.881800,464.559946
174,0.300059,0.432207,0.879200,463.082790
175,0.297776,0.417124,0.881200,463.957531
176,0.290916,0.361219,0.891200,468.237679
177,0.293207,0.385501,0.892800,466.004464
178,0.296943,0.427112,0.882400,470.905509
179,0.290259,0.381744,0.889000,463.281819
180,0.289058,0.400255,0.887600,473.473025
181,0.293539,0.424435,0.886400,466.373864
182,0.289923,0.401572,0.886000,473.521386
183,0.289906,0.394135,0.890800,464.308070
184,0.289941,0.417127,0.890000,464.463218
185,0.294982,0.398354,0.885400,465.083263
186,0.285765,0.409616,0.890600,465.578698
187,0.289444,0.427032,0.887800,463.052677
188,0.289685,0.418824,0.883400,468.317305
189,0.286972,0.388224,0.890000,473.324196
190,0.286146,0.390489,0.885600,467.860589
191,0.287522,0.423213,0.887800,463.198549
192,0.284556,0.413952,0.884400,462.084844
193,0.278346,0.419597,0.889200,462.817124
194,0.280212,0.389219,0.892200,462.703977
195,0.283345,0.426567,0.884800,461.873369
196,0.283831,0.437882,0.884400,462.353688
197,0.280009,0.383064,0.891400,461.752824
198,0.278105,0.394756,0.891800,461.784473
199,0.282832,0.396298,0.892600,462.069284
200,0.277653,0.393120,0.892200,461.804276
201,0.283177,0.407975,0.891400,464.554284
202,0.274825,0.418444,0.889200,464.246037
203,0.271020,0.443806,0.885200,474.515273
204,0.278842,0.421868,0.882800,463.836494
205,0.284760,0.391655,0.894400,466.735807
206,0.275054,0.466280,0.880800,470.193626
207,0.276679,0.419622,0.889800,468.989176
208,0.277367,0.421903,0.891600,468.046670
209,0.268943,0.413717,0.890000,469.913696
210,0.264433,0.393983,0.902400,467.339681
211,0.269546,0.399000,0.892800,463.396497
212,0.267004,0.446035,0.885600,468.316499
213,0.269075,0.384453,0.893000,463.441271
214,0.274192,0.397195,0.894800,465.707010
215,0.269789,0.397293,0.892600,466.791299
216,0.264071,0.391069,0.895000,462.875442
217,0.266352,0.384078,0.882600,462.863842
218,0.263157,0.432437,0.887800,467.015721
219,0.273784,0.409084,0.893000,468.125367
220,0.265723,0.392627,0.897800,466.469607
221,0.263947,0.398417,0.893200,464.683685
222,0.266167,0.397587,0.895600,466.222929
223,0.264251,0.397833,0.893200,464.801269
224,0.262694,0.402279,0.895400,465.304758
225,0.268665,0.370034,0.895600,468.405483
226,0.258369,0.428077,0.885000,466.704822
227,0.261021,0.459036,0.888600,464.174716
228,0.262377,0.386156,0.893200,470.751520
229,0.261701,0.437276,0.882800,462.273819
230,0.262375,0.381320,0.892800,466.948923
231,0.255246,0.414592,0.888400,463.128518
232,0.257581,0.414539,0.889400,464.490095
233,0.254886,0.382450,0.892200,475.261312
234,0.259872,0.454914,0.875400,474.256696
235,0.253659,0.381140,0.900000,477.892305
236,0.252270,0.391310,0.891600,466.476929
237,0.254447,0.411559,0.891000,466.954519
238,0.255355,0.390020,0.895800,463.006922
239,0.252761,0.382689,0.893400,464.719881
240,0.254804,0.425203,0.891000,464.378641
241,0.250503,0.435183,0.889800,466.674348
242,0.254547,0.449737,0.876000,464.025120
243,0.250835,0.383398,0.890200,464.342992
244,0.249085,0.394448,0.895400,471.568816
245,0.250106,0.410674,0.892800,464.120181
246,0.258268,0.394778,0.894800,464.991457
247,0.244988,0.408215,0.889800,472.807176
248,0.251808,0.389191,0.897400,465.556720
249,0.250816,0.447770,0.893600,470.946416
250,0.251317,0.422485,0.886800,465.303844
251,0.249970,0.413026,0.888200,469.594913
252,0.247466,0.421700,0.896600,463.660376
253,0.244157,0.379124,0.898400,464.215450
254,0.247342,0.436319,0.884000,462.636225
255,0.245147,0.413460,0.894800,463.965199
256,0.247354,0.376215,0.896600,465.629195
257,0.244826,0.431264,0.888200,463.405641
258,0.242856,0.476779,0.889000,463.712665
259,0.243356,0.430079,0.886000,470.412379
260,0.239502,0.420657,0.889800,464.697254
261,0.242794,0.413038,0.891400,464.257342
262,0.241077,0.448182,0.893200,466.165227
263,0.240698,0.363844,0.897600,462.350764
264,0.240436,0.423513,0.894400,468.625214
265,0.239263,0.413127,0.893000,463.958625
266,0.238344,0.363667,0.899600,464.984538
267,0.238046,0.422276,0.895600,463.625680
268,0.234466,0.383885,0.891800,465.302695
269,0.242554,0.402108,0.897200,464.408658
270,0.239698,0.375536,0.899800,465.286351
271,0.232392,0.410129,0.897400,466.343929
272,0.236676,0.426304,0.893000,464.064095
273,0.240018,0.390315,0.895800,461.481766
274,0.231960,0.388970,0.901400,461.162693
275,0.230624,0.361193,0.899800,462.713129
276,0.231669,0.410230,0.893800,462.748645
277,0.230361,0.402297,0.895400,464.182683
278,0.229788,0.409017,0.902400,462.053199
279,0.236436,0.438315,0.892400,461.103873
280,0.233285,0.445455,0.894800,462.683427
281,0.231653,0.416541,0.896000,478.208957
282,0.226411,0.380563,0.895400,474.298900
283,0.232614,0.392034,0.900200,463.397980
284,0.227972,0.429148,0.891400,462.175679
285,0.225834,0.384815,0.899000,461.668266
286,0.230620,0.391611,0.900600,461.274922
287,0.229373,0.412220,0.888000,463.169297
288,0.228792,0.409407,0.892600,460.726472
289,0.227060,0.446542,0.886800,463.615026
290,0.224982,0.416666,0.894400,478.111962
291,0.225576,0.385165,0.898800,470.794618
292,0.222003,0.436474,0.892000,461.277252
293,0.227054,0.420411,0.889400,461.418036
294,0.232935,0.399036,0.897200,468.886442
295,0.226824,0.414256,0.896000,469.094692
296,0.231943,0.409417,0.895600,464.872705
297,0.238062,0.388696,0.895800,466.355142
298,0.228697,0.450652,0.892200,467.717040
299,0.229081,0.442519,0.887000,469.996294
300,0.222239,0.427597,0.897200,463.020538
301,0.221082,0.403569,0.896400,469.916594
302,0.226381,0.409365,0.896400,464.206808
303,0.226705,0.408914,0.898800,463.469324
304,0.226739,0.424263,0.899600,466.166747
305,0.218840,0.392335,0.898600,465.932183
306,0.222294,0.392317,0.896200,464.175744
307,0.225173,0.388188,0.898800,470.644314
308,0.223960,0.406539,0.897400,462.893231
309,0.223285,0.445821,0.897600,468.865596
310,0.220681,0.459096,0.892800,464.506452
311,0.220676,0.439393,0.893200,464.890246
312,0.217787,0.423711,0.899000,464.198977
313,0.213842,0.404703,0.897800,464.149971
314,0.218071,0.389407,0.901200,465.659245
315,0.220451,0.446217,0.893000,462.048046
316,0.218067,0.389345,0.900000,463.283661
317,0.221011,0.393529,0.897200,464.729955
318,0.218956,0.420244,0.891600,465.008314
319,0.215097,0.376758,0.903800,467.928151
320,0.220931,0.396925,0.900600,464.190983
321,0.218135,0.377827,0.900800,469.675955
322,0.211942,0.424407,0.894400,470.809744
323,0.213742,0.418222,0.896800,469.611673
324,0.218205,0.425741,0.897200,467.001563
325,0.216398,0.407500,0.891800,463.996327
326,0.215564,0.448721,0.899600,462.899056
327,0.220171,0.449359,0.889000,463.660830
328,0.214299,0.411464,0.902800,468.490915
329,0.212144,0.429356,0.898400,466.177872
330,0.209444,0.396946,0.900000,471.286306
331,0.208093,0.388833,0.900800,465.505080
332,0.213492,0.450308,0.894600,463.562939
333,0.217452,0.398775,0.897000,469.015315
334,0.212987,0.469573,0.893400,468.223888
335,0.212575,0.420574,0.895200,464.518067
336,0.208817,0.393756,0.897800,463.789355
337,0.207959,0.411310,0.896600,470.185873
338,0.215898,0.456034,0.898000,464.296156
339,0.217296,0.410460,0.895200,465.167518
340,0.210304,0.462350,0.889400,465.849108
341,0.208862,0.371197,0.901200,471.525140
342,0.210908,0.415175,0.900800,464.505754
343,0.209614,0.409375,0.898200,463.712745
344,0.209229,0.407709,0.899600,468.426134
345,0.201927,0.420229,0.897400,469.270278
346,0.205376,0.408537,0.892600,464.550925
347,0.206119,0.365305,0.902600,463.794482
348,0.209430,0.411975,0.901400,462.531087
349,0.201983,0.429583,0.901000,472.332570
350,0.205958,0.405438,0.905400,470.039058
351,0.206367,0.456196,0.892200,479.857324
352,0.208154,0.436137,0.894200,465.820150
353,0.209108,0.420021,0.900400,475.242509
354,0.218319,0.380378,0.905400,473.294074
355,0.204752,0.413322,0.895600,470.850536
356,0.208948,0.416808,0.898200,477.171896
357,0.203516,0.450900,0.891600,466.611097
358,0.201881,0.435858,0.898800,470.173658
359,0.199835,0.396012,0.901800,468.158493
360,0.205195,0.410046,0.897400,465.413961
361,0.239493,0.476816,0.889600,465.128458
362,0.208290,0.434296,0.897600,465.304962
363,0.204639,0.431611,0.896000,465.040392
364,0.201571,0.395296,0.899400,473.004623
365,0.200900,0.367567,0.903200,465.040939
366,0.201786,0.396220,0.900200,464.875842
367,0.198647,0.425832,0.899600,466.963220
368,0.203183,0.406193,0.901600,474.165585
369,0.197146,0.454120,0.894000,483.508682
370,0.194809,0.385236,0.904000,463.224989
371,0.195135,0.408940,0.897200,463.969368
372,0.198979,0.445268,0.894000,462.724821
373,0.194308,0.405136,0.896800,461.958072
374,0.196193,0.435296,0.901600,471.826235
375,0.195106,0.450639,0.892800,463.144287
376,0.204340,0.418793,0.899400,464.513590
377,0.199263,0.414116,0.906000,465.448517
378,0.198294,0.489396,0.889600,464.472224
379,0.202841,0.390830,0.900400,475.497430
380,0.196867,0.432504,0.897800,466.872409
381,0.197234,0.418182,0.900800,465.615748
382,0.190897,0.381387,0.899000,465.245244
383,0.195343,0.400629,0.897800,464.308745
384,0.191529,0.435867,0.902200,464.391456
385,0.194729,0.390886,0.904400,464.389401
386,0.191619,0.423502,0.899000,469.419804
387,0.198045,0.405166,0.898600,477.407391
388,0.198474,0.426462,0.899600,465.818388
389,0.189099,0.383327,0.905200,479.285598
390,0.195521,0.425105,0.895000,465.519506
391,0.190816,0.471625,0.897600,466.024178
392,0.197394,0.466496,0.894200,467.880119
393,0.189376,0.396006,0.903400,464.721778
394,0.192097,0.388256,0.903200,464.488525
395,0.190559,0.378730,0.898800,471.360795
396,0.190713,0.413564,0.898000,472.809408
397,0.196221,0.395871,0.901600,467.741503
398,0.191764,0.414131,0.900800,464.785263
399,0.190940,0.439212,0.897000,463.893960
400,0.194924,0.405757,0.898400,463.838546
401,0.211119,0.400063,0.900400,469.657608
402,0.196633,0.430821,0.891400,463.881238
403,0.188262,0.418028,0.897600,464.169444
404,0.190022,0.463981,0.886800,474.371680
405,0.194701,0.443609,0.893600,465.492839
406,0.194900,0.400560,0.901800,469.130680
407,0.188666,0.386382,0.897200,463.889724
408,0.191208,0.422770,0.899600,469.127059
409,0.191770,0.428594,0.902800,480.943394
410,0.195746,0.379629,0.901600,465.608245
411,0.188541,0.393265,0.905400,465.135684
412,0.186187,0.405430,0.904200,469.992578
413,0.188412,0.418493,0.896600,467.654368
414,0.186573,0.433430,0.899600,467.720709
415,0.187589,0.419644,0.897200,465.066074
416,0.184662,0.427970,0.895800,464.981215
417,0.189547,0.386439,0.904400,466.455280
418,0.184627,0.418641,0.902800,473.368683
419,0.190769,0.428477,0.907000,470.784648
420,0.198511,0.425761,0.902400,470.619933
421,0.186449,0.463145,0.895000,470.762367
422,0.183927,0.412061,0.898400,471.229896
423,0.183671,0.411097,0.903600,476.736366
424,0.190249,0.415493,0.896600,466.871767
425,0.189232,0.426421,0.896800,465.928165
426,0.189759,0.457725,0.895600,466.623944
427,0.181174,0.421037,0.900400,465.450212
428,0.185624,0.417854,0.900400,477.100749
429,0.186469,0.429428,0.898800,464.057476
430,0.184717,0.423369,0.905000,464.419643
431,0.188819,0.487638,0.902400,475.244506
432,0.180349,0.419773,0.900600,464.854463
433,0.177765,0.400275,0.906800,464.483060
434,0.182976,0.451833,0.895000,468.354576
435,0.185557,0.462158,0.898200,465.092598
436,0.181610,0.500839,0.893200,474.060507
437,0.181381,0.452558,0.901400,464.006522
438,0.183977,0.436563,0.899400,464.010162
439,0.183182,0.438850,0.898000,471.540113
440,0.182197,0.388498,0.904800,464.555128
441,0.179801,0.473965,0.898400,464.792172
442,0.187103,0.382583,0.904600,464.045548
443,0.179816,0.468608,0.902200,467.081173
444,0.191013,0.458945,0.897000,462.868126
445,0.183835,0.447855,0.898600,462.091355
446,0.178223,0.438860,0.898000,461.697037
447,0.185883,0.400155,0.901400,462.100766
448,0.181911,0.405218,0.905400,461.815123
449,0.186295,0.441509,0.900600,462.569093
450,0.178687,0.440244,0.899800,461.751913
451,0.175799,0.408863,0.901400,460.699951
452,0.180461,0.435364,0.901400,462.628317
453,0.176846,0.440463,0.902200,462.054805
454,0.174704,0.462382,0.901200,462.532498
455,0.177291,0.425900,0.900800,461.677182
456,0.176445,0.476208,0.892600,462.733430
457,0.183031,0.476805,0.902600,462.249401
458,0.181903,0.404312,0.894800,461.765856
459,0.177785,0.435328,0.901800,462.243861
460,0.179285,0.398729,0.899600,462.744263
461,0.175186,0.458948,0.898200,462.191517
462,0.180066,0.449027,0.901600,462.573342
463,0.171025,0.474256,0.900800,462.545175
464,0.176162,0.456762,0.899600,462.118704
465,0.179232,0.404445,0.900200,462.480261
466,0.177355,0.410922,0.896800,462.491249
467,0.175666,0.463569,0.902400,461.394084
468,0.178926,0.420136,0.902800,461.664226
469,0.176150,0.482934,0.895800,461.813669
470,0.177290,0.380255,0.907600,461.632153
471,0.169689,0.443280,0.900600,462.687922
472,0.174046,0.440884,0.901200,462.438690
473,0.184306,0.389309,0.902400,462.023688
474,0.169409,0.455700,0.898800,462.383180
475,0.192397,0.453957,0.903000,461.856122
476,0.179484,0.396943,0.905200,462.804061
477,0.175296,0.418134,0.902200,461.717689
478,0.168223,0.451164,0.898600,461.982760
479,0.170370,0.436385,0.901400,462.380674
480,0.172171,0.473617,0.900200,462.135735
481,0.179689,0.450642,0.899000,462.162200
482,0.171530,0.457334,0.894800,462.321192
483,0.170980,0.428470,0.903600,463.416419
484,0.179107,0.449129,0.894400,462.160451
485,0.174337,0.429030,0.907200,462.914576
486,0.169796,0.452442,0.901800,461.480211
487,0.174495,0.439785,0.896200,463.022209
488,0.178591,0.479355,0.902400,467.255492
489,0.175429,0.433724,0.903400,463.376409
490,0.175115,0.464816,0.899400,466.905568
491,0.178540,0.446320,0.903200,464.022364
492,0.171118,0.473695,0.901400,467.012034
493,0.176850,0.440920,0.903200,471.840035
494,0.167936,0.414990,0.902200,469.268850
495,0.168213,0.421296,0.903400,466.497039
496,0.169210,0.410157,0.903400,465.797282
497,0.172553,0.415374,0.904600,464.036083
498,0.172880,0.443866,0.902800,473.586856
499,0.164674,0.455794,0.899000,466.006164
500,0.168449,0.442522,0.901000,465.280482
1,0.167511,0.471295,0.899800,285.172693
2,0.163564,0.435144,0.899800,283.892478
3,0.163299,0.431275,0.901200,284.053403
4,0.167259,0.475375,0.898600,284.232833
5,0.162264,0.426804,0.903000,284.113769
6,0.163379,0.436563,0.896800,284.464330
7,0.172092,0.425858,0.903000,284.511872
8,0.171653,0.414740,0.904600,284.382637
9,0.172613,0.427811,0.902800,284.263539
10,0.166684,0.456131,0.900400,284.217187
11,0.170745,0.427978,0.894600,284.073480
12,0.166978,0.437433,0.900000,284.096163
13,0.164843,0.483157,0.901800,284.113882
14,0.163126,0.460018,0.897600,284.102737
15,0.168832,0.482365,0.898000,284.092448
16,0.163350,0.451383,0.899400,284.107925
17,0.165188,0.442528,0.899800,284.082585
18,0.163610,0.481299,0.900600,284.104836
19,0.161056,0.421013,0.906000,284.092767
20,0.168402,0.446421,0.901200,284.117315
21,0.164229,0.461393,0.901800,284.176560
22,0.160900,0.522350,0.901000,284.571250
23,0.167316,0.465329,0.904400,284.128946
24,0.167262,0.515882,0.896800,284.117540
25,0.167821,0.501980,0.897800,284.198086
26,0.165363,0.429292,0.902600,284.442358
27,0.171620,0.494950,0.896000,284.261721
28,0.162525,0.448018,0.901800,284.195458
29,0.167230,0.456401,0.902600,284.285734
30,0.167107,0.439415,0.899400,284.264368
31,0.170484,0.442336,0.906200,284.265506
32,0.162585,0.417720,0.905000,284.241862
33,0.161853,0.442331,0.898600,284.199615
34,0.166263,0.462209,0.899600,284.142589
35,0.163237,0.456136,0.903000,284.196037
36,0.168808,0.480084,0.900000,284.174195
37,0.166874,0.541949,0.899200,284.228533
38,0.162537,0.494331,0.905400,284.507523
39,0.165748,0.426621,0.901800,284.602102
40,0.162814,0.510006,0.899600,284.339560
41,0.161833,0.473441,0.898200,284.208397
42,0.167072,0.456966,0.894400,284.402567
43,0.167469,0.414560,0.906400,284.079506
44,0.164477,0.465137,0.892000,284.440999
45,0.159723,0.460931,0.900600,284.267876
46,0.161121,0.449370,0.897600,284.184505
47,0.159909,0.425770,0.904200,284.179361
48,0.157625,0.468611,0.901600,284.217399
49,0.157422,0.409684,0.905000,284.204346
50,0.156328,0.434419,0.905400,284.216281
51,0.162718,0.522645,0.890000,284.208098
52,0.163876,0.467333,0.899000,284.159506
53,0.163990,0.416746,0.905200,284.200017
54,0.162166,0.444506,0.904800,284.206677
55,0.158403,0.497445,0.902000,284.109048
56,0.162419,0.507123,0.896800,284.200867
57,0.163635,0.465523,0.902000,284.275360
58,0.168514,0.446153,0.900400,284.258576
59,0.156547,0.448438,0.903600,284.245826
60,0.157376,0.428682,0.906600,284.217298
61,0.161535,0.473786,0.904000,284.166272
62,0.156571,0.453436,0.899000,284.265325
63,0.163767,0.415290,0.903200,284.184576
64,0.160197,0.511197,0.891600,284.102461
65,0.168991,0.480789,0.899600,284.519314
66,0.158293,0.437628,0.908800,284.356382
67,0.158026,0.493161,0.899400,284.375324
68,0.155433,0.455815,0.901800,284.373849
69,0.163550,0.470532,0.902400,284.381489
70,0.154166,0.439928,0.901800,284.132624
71,0.159752,0.495412,0.900800,284.053348
72,0.159736,0.437127,0.904600,284.063582
73,0.155404,0.439295,0.902000,284.061216
74,0.160403,0.430143,0.901800,284.055836
75,0.160448,0.483626,0.899400,284.058594
76,0.156004,0.497809,0.905400,284.120898
77,0.154194,0.424590,0.897400,284.104279
78,0.154509,0.402640,0.905600,284.166104
79,0.153487,0.430291,0.904000,284.167436
80,0.161068,0.421098,0.903000,284.163022
81,0.157445,0.452899,0.901800,284.135441
82,0.154146,0.490826,0.903000,284.142188
83,0.167378,0.415312,0.906000,284.188330
84,0.156171,0.498223,0.902400,284.168488
85,0.153027,0.463622,0.903000,284.124966
86,0.158862,0.465434,0.904600,284.177226
87,0.156444,0.401228,0.904200,284.094875
88,0.154636,0.414332,0.906600,284.063429
89,0.164805,0.441290,0.900200,284.093207
90,0.151747,0.433964,0.902000,284.084503
91,0.161525,0.523466,0.900800,284.126639
92,0.164161,0.464318,0.906600,284.051706
93,0.156157,0.424540,0.910000,284.002698
94,0.154734,0.425714,0.905400,284.046153
95,0.160542,0.443239,0.902400,284.068344
96,0.152128,0.459929,0.904600,284.138582
97,0.154184,0.447110,0.903200,284.167966
98,0.163251,0.532850,0.894600,284.131748
99,0.153942,0.458037,0.903800,284.060610
100,0.156385,0.443875,0.907800,284.061864
101,0.162365,0.467165,0.904200,284.094159
102,0.157334,0.455964,0.903800,284.110658
103,0.149281,0.502441,0.899400,284.121154
104,0.153966,0.469104,0.901600,284.122533
105,0.151038,0.451594,0.901800,284.131570
106,0.154687,0.472433,0.901400,284.137852
107,0.151582,0.499707,0.895000,284.171657
108,0.151916,0.436112,0.900200,284.187057
109,0.154413,0.450257,0.903800,284.130032
110,0.148754,0.491644,0.902800,284.104734
111,0.147038,0.466207,0.897400,284.149018
112,0.146784,0.522119,0.900400,284.151812
113,0.149480,0.409731,0.896000,284.158126
114,0.144792,0.464355,0.906600,284.168176
115,0.148347,0.422925,0.900800,284.180608
116,0.158178,0.450307,0.907200,284.142406
117,0.156893,0.442390,0.903400,284.210474
118,0.151764,0.439135,0.904600,284.186842
119,0.150406,0.442826,0.897600,284.096178
120,0.147441,0.425154,0.903600,284.110688
121,0.146962,0.449304,0.902400,284.043207
122,0.151380,0.432066,0.907200,284.115469
123,0.150540,0.424943,0.907400,284.162891
124,0.147240,0.485989,0.902000,284.152330
125,0.153821,0.431338,0.901800,284.131618
126,0.139584,0.452716,0.899400,284.143154
127,0.158800,0.475228,0.905600,284.211873
128,0.148891,0.474865,0.895200,284.227912
129,0.149740,0.458414,0.902800,284.141351
130,0.156611,0.463468,0.901000,284.133710
131,0.150936,0.413629,0.903600,284.108214
132,0.144306,0.466906,0.904800,284.160032
133,0.148209,0.510114,0.902000,284.156708
134,0.149128,0.504944,0.902000,284.213450
135,0.150905,0.456089,0.901800,284.170903
136,0.152529,0.446084,0.906000,284.189651
137,0.145967,0.480379,0.902600,284.209664
138,0.149270,0.449423,0.903400,284.239817
139,0.147458,0.452396,0.903000,284.170147
140,0.151941,0.485709,0.899400,284.137368
141,0.148648,0.451413,0.905200,284.181294
142,0.158954,0.447524,0.901000,284.158291
143,0.148943,0.464466,0.903200,284.185669
144,0.150337,0.444680,0.905200,284.239712
145,0.148009,0.458782,0.901200,284.200699
146,0.146035,0.402999,0.904800,284.174502
147,0.144811,0.450465,0.904200,284.201755
148,0.146555,0.492883,0.895600,284.161922
149,0.145922,0.491070,0.904200,284.158305
150,0.164099,0.495323,0.905400,284.145064
151,0.143089,0.449262,0.897600,284.185409
152,0.148049,0.460166,0.903400,284.195974
153,0.153293,0.552480,0.906200,284.139764
154,0.148994,0.435525,0.907000,284.102994
155,0.149649,0.412926,0.905800,284.066680
156,0.149057,0.464485,0.901000,284.102164
157,0.150717,0.449787,0.905000,284.144610
158,0.143919,0.432788,0.906400,284.126622
159,0.144956,0.494354,0.897400,284.137287
160,0.149479,0.497710,0.898400,284.145997
161,0.141810,0.465044,0.906400,284.111904
162,0.147840,0.436528,0.906200,284.145930
163,0.147533,0.423846,0.908000,284.127024
164,0.142675,0.493060,0.904800,284.105217
165,0.146413,0.433616,0.903400,284.125806
166,0.143591,0.438673,0.901600,284.154645
167,0.147729,0.434253,0.906000,284.142483
168,0.144011,0.429557,0.903000,284.116603
169,0.139011,0.458665,0.906000,284.120774
170,0.141400,0.446483,0.899600,284.084075
171,0.147841,0.483935,0.902000,284.122643
172,0.150707,0.449517,0.904200,284.179516
173,0.140426,0.450180,0.899800,284.134440
174,0.141731,0.487609,0.894000,284.140930
175,0.140201,0.502342,0.895200,284.161478
176,0.138889,0.437463,0.906200,284.159816
177,0.142797,0.439220,0.908400,284.128668
178,0.146380,0.483039,0.906800,284.125684
179,0.142753,0.437214,0.903600,284.097094
180,0.141190,0.443775,0.906400,284.086090
181,0.144652,0.508361,0.904600,284.113557
182,0.142820,0.449767,0.903400,284.127831
183,0.146370,0.424829,0.905400,284.116068
184,0.143916,0.484024,0.899000,284.188237
185,0.150338,0.444363,0.903200,284.183746
186,0.141936,0.547642,0.900800,284.176912
187,0.142336,0.489481,0.903000,284.138245
188,0.139822,0.482723,0.902400,284.157498
189,0.145277,0.434855,0.908200,284.148769
190,0.147576,0.469865,0.901000,284.148357
191,0.151945,0.495912,0.903200,284.149166
192,0.145595,0.435509,0.903400,284.162985
193,0.142140,0.536338,0.888400,284.188620
194,0.143842,0.424063,0.907400,284.031380
195,0.137547,0.549187,0.893800,283.940446
196,0.144840,0.516133,0.903200,283.972589
197,0.143512,0.459021,0.902800,283.906841
198,0.141262,0.458435,0.906400,283.910410
199,0.154478,0.479232,0.901800,283.922990
200,0.142703,0.454523,0.903600,283.871831
201,0.148397,0.482329,0.903400,283.954522
202,0.138338,0.517199,0.901600,283.908535
203,0.135819,0.456257,0.901600,283.858065
204,0.150278,0.533542,0.898400,283.916369
205,0.162760,0.483387,0.901600,283.940835
206,0.146110,0.517249,0.903800,283.923593
207,0.140170,0.512744,0.898600,283.906516
208,0.141454,0.490988,0.905200,283.854777
209,0.140772,0.466991,0.901600,283.918212
210,0.137044,0.514033,0.897400,283.866400
211,0.137219,0.438368,0.903200,283.867544
212,0.142034,0.505855,0.899000,283.943262
213,0.140170,0.458319,0.899800,283.954806
214,0.144760,0.467510,0.906000,283.910122
215,0.148199,0.425341,0.909000,283.868425
216,0.139377,0.423226,0.907400,283.870063
217,0.152438,0.448859,0.895000,283.898992
218,0.142232,0.453376,0.904200,283.933229
219,0.143570,0.476155,0.902400,283.960547
220,0.139708,0.481474,0.905000,283.927785
221,0.137585,0.432663,0.909200,283.950018
222,0.138926,0.455157,0.899200,283.944716
223,0.140130,0.494911,0.907400,283.936364
224,0.142809,0.448228,0.910200,283.923912
225,0.140732,0.479740,0.899000,283.868929
226,0.135613,0.503775,0.898600,283.900366
227,0.135048,0.539169,0.896600,283.910224
228,0.141929,0.457816,0.904800,283.863208
229,0.139493,0.578310,0.893200,283.813890
230,0.147070,0.434070,0.904200,283.806061
231,0.136588,0.441883,0.905000,283.816933
232,0.136769,0.476642,0.903600,283.866583
233,0.132125,0.464641,0.903400,283.819381
234,0.142441,0.435640,0.908200,283.798226
235,0.129348,0.514919,0.907600,283.804803
236,0.131001,0.454343,0.907000,283.826221
237,0.143821,0.432431,0.908600,283.874602
238,0.138579,0.455091,0.907800,283.843613
239,0.135929,0.435984,0.904600,283.868552
240,0.140261,0.466001,0.902200,283.923955
241,0.135463,0.475494,0.908000,283.885071
242,0.142438,0.446821,0.908800,283.895017
243,0.134785,0.430156,0.907200,283.836583
244,0.133287,0.451627,0.901600,283.832754
245,0.136716,0.473128,0.907800,283.832889
246,0.147639,0.449362,0.904200,283.861525
247,0.135208,0.458491,0.903200,283.898157
248,0.138996,0.442029,0.908600,283.925137
249,0.138860,0.555944,0.897600,283.844664
250,0.135702,0.453613,0.905600,283.856817
251,0.135871,0.453965,0.907400,284.092971
252,0.135732,0.485738,0.904600,283.942794
253,0.132900,0.417271,0.909000,284.102169
254,0.130986,0.500850,0.901400,285.070584
255,0.132778,0.454473,0.905000,284.322279
256,0.137888,0.456866,0.899000,284.064390
257,0.138109,0.474224,0.900000,284.139851
258,0.137445,0.578960,0.899200,283.908062
259,0.138673,0.410620,0.906000,283.917678
260,0.134381,0.524456,0.893000,283.900809
261,0.137563,0.467167,0.901800,284.240865
262,0.132204,0.515582,0.904800,284.303379
263,0.140279,0.448634,0.901200,284.043225
264,0.137195,0.490037,0.901400,283.959551
265,0.132379,0.500933,0.901600,284.378189
266,0.139205,0.440221,0.902200,284.059159
267,0.132262,0.510102,0.899600,284.313484
268,0.127775,0.486220,0.902000,284.354717
269,0.134848,0.473344,0.907400,284.306408
270,0.133308,0.427909,0.903600,284.307576
271,0.140582,0.500739,0.902000,284.336334
272,0.130872,0.495023,0.905800,284.318979
273,0.146603,0.486423,0.904600,284.363908
274,0.128888,0.457016,0.905200,284.269073
275,0.132446,0.405920,0.907200,284.234919
276,0.132835,0.510851,0.904200,284.234938
277,0.133752,0.510632,0.898400,284.260451
278,0.126856,0.494578,0.909000,284.289529
279,0.135779,0.483311,0.904200,284.258263
280,0.130445,0.487137,0.900000,284.326652
281,0.131644,0.490135,0.899200,284.305867
282,0.130158,0.419156,0.906800,284.254416
283,0.129070,0.460181,0.904600,284.241499
284,0.128725,0.515455,0.900400,284.000242
285,0.128747,0.497688,0.905800,284.056235
286,0.136306,0.527169,0.897600,284.071344
287,0.128382,0.487117,0.905200,284.246168
288,0.150416,0.488833,0.901600,284.509941
289,0.137341,0.554115,0.895400,284.339005
290,0.128620,0.495735,0.905800,284.106711
291,0.134811,0.466236,0.905200,284.053501
292,0.130247,0.461846,0.902800,284.047488
293,0.127339,0.460634,0.900600,284.195795
294,0.143709,0.461918,0.904000,284.473372
295,0.135355,0.504627,0.904000,284.532259
296,0.135060,0.433299,0.903400,284.526447
297,0.132070,0.413250,0.908000,284.402382
298,0.128068,0.520387,0.899800,284.362734
299,0.135004,0.511688,0.900800,284.459499
300,0.124116,0.495718,0.903200,284.469283
301,0.130013,0.491343,0.901600,284.032357
302,0.130374,0.502522,0.900000,283.940464
303,0.140410,0.505976,0.907400,284.021601
304,0.134705,0.518618,0.899600,284.040078
305,0.130249,0.482370,0.906000,284.039531
306,0.133895,0.438010,0.904200,284.029274
307,0.131494,0.496274,0.904800,283.957844
308,0.130736,0.491653,0.895000,283.939855
309,0.129602,0.545869,0.897000,283.910499
310,0.129507,0.487433,0.907200,283.965252
311,0.129744,0.496597,0.903200,283.957242
312,0.125190,0.505221,0.904000,283.889395
313,0.126414,0.484039,0.900600,283.912212
314,0.125977,0.428779,0.903000,283.910459
315,0.130010,0.519210,0.907200,283.867382
316,0.129845,0.462829,0.904200,283.876135
317,0.128345,0.462668,0.901200,283.885047
318,0.124533,0.502258,0.901800,283.864758
319,0.128568,0.483935,0.897400,283.854849
320,0.129291,0.506132,0.900600,283.837562
321,0.127016,0.450302,0.903800,283.945764
322,0.125706,0.509354,0.905400,283.894571
323,0.128062,0.474682,0.905400,283.854468
324,0.129002,0.506846,0.906400,283.856342
325,0.128055,0.450418,0.903800,283.872537
326,0.131742,0.550436,0.904800,283.921819
327,0.138606,0.486751,0.909000,283.918989
328,0.126357,0.518450,0.903000,283.861569
329,0.126055,0.481904,0.905000,283.854272
330,0.122329,0.486186,0.902600,283.902653
331,0.128825,0.439106,0.905600,283.898893
332,0.128080,0.565767,0.902400,283.948133
333,0.136006,0.484607,0.902600,283.903646
334,0.131381,0.655110,0.895800,283.908281
335,0.124965,0.509864,0.900800,283.879435
336,0.128098,0.473002,0.904000,283.898973
337,0.128699,0.500002,0.904800,283.884179
338,0.138199,0.552152,0.899600,283.955498
339,0.131293,0.499637,0.908400,283.841235
340,0.128312,0.526863,0.901200,283.822338
341,0.130742,0.475842,0.901400,283.809524
342,0.128411,0.554550,0.899600,283.885834
343,0.127628,0.540108,0.901200,283.852842
344,0.124190,0.512832,0.903200,283.913294
345,0.120449,0.502441,0.903000,283.843511
346,0.125570,0.468827,0.900200,283.837353
347,0.128324,0.461917,0.900800,283.857206
348,0.127225,0.503864,0.903800,283.844453
349,0.123421,0.517594,0.903600,283.853612
350,0.123009,0.482117,0.906800,283.882293
351,0.126984,0.544894,0.904800,283.965690
352,0.126300,0.482544,0.905800,283.955336
353,0.126043,0.477709,0.907800,283.951032
354,0.141117,0.444897,0.904800,283.934130
355,0.128585,0.519055,0.903000,283.907623
356,0.132476,0.543299,0.900400,283.906718
357,0.129275,0.507593,0.902400,283.899969
358,0.124746,0.510976,0.906000,283.894440
359,0.120844,0.472673,0.906800,283.941885
360,0.123384,0.485021,0.906200,283.927294
361,0.184574,0.588165,0.895800,284.042178
362,0.137559,0.544868,0.906400,284.010967
363,0.127246,0.488630,0.905200,283.981524
364,0.125457,0.502745,0.904400,284.025676
365,0.126831,0.420269,0.908200,283.943648
366,0.127817,0.498092,0.907200,283.968035
367,0.122985,0.491907,0.905200,283.935130
368,0.124569,0.492907,0.902600,283.901801
369,0.124726,0.496666,0.909800,283.933033
370,0.117617,0.524847,0.901800,283.919206
371,0.120426,0.453559,0.906400,283.944439
372,0.127922,0.579912,0.895000,283.908347
373,0.120717,0.483845,0.903200,283.950146
374,0.119873,0.519911,0.905000,283.927481
375,0.123187,0.497468,0.903400,283.903020
376,0.137834,0.494635,0.908600,283.916921
377,0.124299,0.542917,0.903000,283.877194
378,0.128195,0.657732,0.891400,283.896904
379,0.139289,0.468555,0.904400,283.842438
380,0.127203,0.503521,0.904200,283.903503
381,0.119595,0.523194,0.903400,283.886667
382,0.129526,0.448035,0.908400,283.950239
383,0.125044,0.493610,0.900200,283.857522
384,0.122889,0.504792,0.908600,283.826861
385,0.119042,0.482014,0.907000,283.828284
386,0.120637,0.520832,0.904800,283.842783
387,0.121223,0.527626,0.898400,283.872361
388,0.127613,0.491610,0.906800,283.888053
389,0.120029,0.503377,0.901200,283.863666
390,0.121328,0.491797,0.900800,283.876534
391,0.120903,0.540222,0.903800,283.894271
392,0.132606,0.525492,0.906800,283.859921
393,0.116931,0.496254,0.898200,284.043894
394,0.117452,0.456389,0.907000,283.968258
395,0.113973,0.435913,0.907400,283.885742
396,0.118270,0.471735,0.902800,283.935710
397,0.124847,0.441487,0.907200,283.996957
398,0.118198,0.475649,0.905400,283.971511
399,0.122904,0.496509,0.902000,283.969437
400,0.127669,0.498489,0.904200,283.962745
401,0.124713,0.486793,0.906000,283.928127
402,0.128443,0.475943,0.905800,283.912154
403,0.124214,0.468458,0.904800,283.943188
404,0.125898,0.492605,0.900600,283.954177
405,0.125776,0.545011,0.899600,283.950736
406,0.126859,0.480719,0.909400,283.979345
407,0.123761,0.448858,0.908600,283.955520
408,0.124969,0.522921,0.904600,283.952376
409,0.119834,0.563945,0.902000,283.934635
410,0.123355,0.487043,0.903600,283.953367
411,0.115814,0.497468,0.901200,283.937514
412,0.118296,0.484711,0.907200,283.892623
413,0.120719,0.484451,0.905400,283.904748
414,0.113956,0.519838,0.905400,283.892437
415,0.120549,0.480142,0.905400,283.889375
416,0.117338,0.483429,0.904800,283.938119
417,0.120229,0.465470,0.905000,283.925638
418,0.117559,0.493088,0.904400,283.969240
419,0.122032,0.507667,0.908000,283.973218
420,0.150737,0.554077,0.900800,283.915515
421,0.123395,0.541488,0.906400,283.902437
422,0.114698,0.464361,0.903800,283.894235
423,0.113245,0.497583,0.900600,283.948353
424,0.124344,0.469777,0.900000,283.929707
425,0.122114,0.506910,0.902200,283.894963
426,0.119229,0.512433,0.904400,283.871669
427,0.119557,0.509536,0.906000,283.861606
428,0.117381,0.482113,0.907400,283.864525
429,0.119637,0.517140,0.904800,283.839192
430,0.119124,0.502242,0.905800,283.839547
431,0.129098,0.594502,0.901800,283.848939
432,0.122383,0.506630,0.903600,283.923012
433,0.114513,0.466522,0.905800,283.875653
434,0.127218,0.501853,0.908400,283.863427
435,0.120086,0.500030,0.907600,283.900631
436,0.119801,0.635653,0.893400,283.876434
437,0.117598,0.562121,0.896000,283.889187
438,0.116851,0.497966,0.903800,283.859273
439,0.123534,0.486393,0.907200,283.805604
440,0.120162,0.470281,0.906600,283.795681
441,0.118479,0.554508,0.906400,283.760519
442,0.125689,0.416622,0.908800,283.812853
443,0.117185,0.553566,0.903400,283.840853
444,0.133980,0.582746,0.897800,283.842146
445,0.122434,0.517074,0.905400,283.863677
446,0.117194,0.482338,0.905800,283.858038
447,0.117002,0.431714,0.910400,283.841304
448,0.123090,0.462094,0.910800,283.814124
449,0.122197,0.524333,0.903600,283.845256
450,0.119850,0.513345,0.905200,283.866169
451,0.119640,0.480047,0.901400,283.849692
452,0.120049,0.506394,0.904400,283.866027
453,0.116322,0.542151,0.903800,283.850778
454,0.115202,0.509785,0.908200,283.901312
455,0.117237,0.499348,0.905600,283.911042
456,0.117667,0.523791,0.900200,283.906525
457,0.118572,0.533931,0.903400,283.969838
458,0.125990,0.439810,0.906600,284.013602
459,0.116438,0.514044,0.903400,283.887820
460,0.124781,0.532583,0.901000,283.892906
461,0.118608,0.525873,0.904800,283.902715
462,0.122844,0.545280,0.905400,283.839151
463,0.110328,0.595810,0.907000,283.830573
464,0.114210,0.555344,0.905400,283.918529
465,0.131391,0.468864,0.901400,283.882522
466,0.116109,0.496370,0.904200,283.825912
467,0.113878,0.533727,0.906800,283.877500
468,0.117165,0.485581,0.905400,283.884944
469,0.117005,0.513569,0.903600,283.913635
470,0.117624,0.461934,0.902400,283.842374
471,0.114138,0.557517,0.898200,283.852289
472,0.117019,0.507609,0.902400,283.870100
473,0.121468,0.464829,0.905000,283.826086
474,0.111200,0.537735,0.899800,283.816302
475,0.121766,0.517361,0.908000,283.883661
476,0.119204,0.488576,0.908800,283.827061
477,0.121464,0.480458,0.903200,283.786954
478,0.112577,0.507773,0.900800,283.844883
479,0.111178,0.498237,0.904200,283.838138
480,0.111758,0.551212,0.902600,283.796502
481,0.119727,0.565447,0.897200,283.772429
482,0.114522,0.523664,0.903600,283.782626
483,0.112847,0.472967,0.906600,283.752868
484,0.120817,0.521891,0.906600,283.810802
485,0.110852,0.497927,0.908600,283.837285
486,0.111506,0.567305,0.897400,283.815887
487,0.116922,0.496238,0.902400,283.850638
488,0.124086,0.585532,0.900200,283.857061
489,0.123275,0.546059,0.903200,283.811275
490,0.120130,0.628257,0.903400,283.779353
491,0.123364,0.545784,0.904800,283.759875
492,0.119481,0.568559,0.894000,283.819056
493,0.121981,0.505724,0.908800,283.787576
494,0.117982,0.472078,0.905600,283.812680
495,0.113759,0.487388,0.908200,283.795325
496,0.111245,0.498288,0.908400,283.820562
497,0.113846,0.535118,0.905800,283.783055
498,0.121217,0.505697,0.905600,283.765867
499,0.111342,0.485824,0.904200,283.834800
500,0.110532,0.522071,0.902800,283.857796
