epoch,train_loss,avg_valid_loss,valid_accuracy,time
1,2.667144,2.321298,0.102600,292.255148
2,2.236105,1.983841,0.268200,290.570231
3,1.600011,1.652822,0.418200,290.773459
4,1.218609,1.240309,0.573400,291.069863
5,1.020818,0.945820,0.659000,290.692594
6,0.878045,0.847849,0.717400,290.754495
7,0.767712,0.813602,0.736400,290.753213
8,0.688672,0.747033,0.755200,290.781910
9,0.635076,0.765154,0.752200,290.736177
10,0.590289,0.638160,0.797800,290.686516
11,0.553038,0.814079,0.751600,290.689744
12,0.524320,0.595523,0.809200,290.843670
13,0.499191,0.661026,0.793800,290.856495
14,0.472020,0.525577,0.834600,290.758021
15,0.451588,0.559029,0.825800,290.821170
16,0.432004,0.646744,0.811200,290.836087
17,0.417513,0.506608,0.845000,290.751957
18,0.399460,0.534755,0.831800,290.736462
19,0.385679,0.500957,0.842600,290.776816
20,0.371416,0.515891,0.839800,290.779723
21,0.363076,0.538481,0.839200,290.841982
22,0.347205,0.488481,0.851800,290.713292
23,0.340590,0.445444,0.865200,290.791751
24,0.326477,0.663901,0.814000,290.811713
25,0.323631,0.636983,0.829000,291.074956
26,0.310429,0.463018,0.866200,290.859377
27,0.300934,0.518274,0.845600,290.734463
28,0.293379,0.488112,0.853200,290.717817
29,0.283055,0.439118,0.869600,290.774852
30,0.277921,0.466252,0.864000,290.803392
31,0.268045,0.450498,0.869200,290.716032
32,0.264066,0.480217,0.868600,290.826832
33,0.258984,0.460406,0.865200,290.806386
34,0.248506,0.463090,0.869400,290.776389
35,0.242141,0.428591,0.871800,290.847135
36,0.237474,0.476819,0.872000,290.790974
37,0.229197,0.440621,0.872200,290.786388
38,0.225858,0.449220,0.871600,290.833242
39,0.221485,0.490564,0.867000,290.855254
40,0.215618,0.462589,0.873400,290.780089
41,0.211708,0.408026,0.883800,290.797194
42,0.206754,0.515264,0.863800,290.848520
43,0.204726,0.478621,0.881200,290.858654
44,0.200712,0.478909,0.876800,290.989699
45,0.193202,0.490970,0.874200,291.200921
46,0.192655,0.455597,0.888000,290.818922
47,0.186780,0.451027,0.882200,290.801777
48,0.181067,0.467137,0.878600,290.808441
49,0.175467,0.468795,0.882600,290.734499
50,0.174767,0.473426,0.877000,290.986314
51,0.169858,0.438519,0.882800,290.908915
52,0.169990,0.466072,0.877200,290.904708
53,0.162567,0.491090,0.885600,290.885552
54,0.164962,0.496865,0.886200,290.911852
55,0.157796,0.476000,0.880800,290.816478
56,0.152804,0.443022,0.889400,290.930086
57,0.150194,0.477720,0.882000,290.791586
58,0.147559,0.582619,0.872800,290.899227
59,0.152388,0.487297,0.886600,290.871469
60,0.143541,0.481781,0.884600,290.939551
61,0.139955,0.522171,0.877600,291.188308
62,0.137052,0.506712,0.877200,291.223813
63,0.134572,0.529888,0.880400,290.877608
64,0.131949,0.479639,0.883200,290.892047
65,0.133480,0.514299,0.882600,290.861934
66,0.131329,0.474275,0.886200,290.895112
67,0.128620,0.516178,0.880600,290.951396
68,0.121676,0.506241,0.882800,290.948340
69,0.125149,0.536600,0.877400,291.151584
70,0.118760,0.509753,0.879600,290.912438
71,0.115520,0.493449,0.884400,290.893035
72,0.113208,0.511797,0.877000,291.020415
73,0.112574,0.510354,0.888800,291.349017
74,0.109339,0.570171,0.875200,291.684239
75,0.110457,0.504646,0.879000,291.740019
76,0.109790,0.537960,0.873600,292.047381
77,0.109300,0.524591,0.890600,291.478509
78,0.105051,0.566064,0.884000,291.364056
79,0.102668,0.530011,0.887400,291.359209
80,0.097896,0.507591,0.891600,290.954471
81,0.096768,0.552414,0.881200,291.007802
82,0.097945,0.580514,0.876600,290.986905
83,0.097066,0.559349,0.883000,291.355545
84,0.092922,0.538051,0.892000,290.966283
85,0.094396,0.544923,0.889400,290.971952
86,0.089991,0.588357,0.876400,290.981389
87,0.093181,0.589539,0.874600,290.863615
88,0.090839,0.502043,0.889800,290.996119
89,0.088801,0.573499,0.885200,290.987561
90,0.088356,0.562794,0.882800,290.905509
91,0.084981,0.528687,0.887000,291.101367
92,0.083829,0.594255,0.880600,291.010307
93,0.081954,0.635884,0.873600,291.415869
94,0.082870,0.659251,0.876400,291.096961
95,0.084553,0.518622,0.893400,290.965828
96,0.079930,0.539630,0.890800,290.958693
97,0.075856,0.550244,0.892000,291.055581
98,0.079605,0.609182,0.884400,290.937640
99,0.077782,0.593689,0.890400,291.000618
100,0.075108,0.551039,0.888200,291.016542
101,0.075350,0.530279,0.896800,291.116812
102,0.071246,0.567343,0.890800,291.040706
103,0.070406,0.571121,0.893400,291.153345
104,0.074302,0.547106,0.891000,291.115741
105,0.066687,0.509505,0.897000,291.087205
106,0.067017,0.591887,0.892600,291.047157
107,0.067395,0.566005,0.887400,291.087399
108,0.067850,0.571014,0.891000,290.991915
109,0.065517,0.559298,0.888600,291.063592
110,0.065508,0.570741,0.896400,291.019485
111,0.063972,0.592703,0.893400,290.938080
112,0.060290,0.566049,0.887000,290.969766
113,0.065606,0.601011,0.894200,291.141511
114,0.065255,0.531156,0.894600,291.048790
115,0.059572,0.574188,0.893600,291.153031
116,0.059737,0.594122,0.887800,291.109448
117,0.061451,0.596964,0.889600,291.009762
118,0.059963,0.596925,0.888200,291.037106
119,0.061064,0.633956,0.890800,291.085084
120,0.061122,0.580858,0.900200,291.042866
121,0.055817,0.581570,0.895800,291.072403
122,0.055916,0.625139,0.891800,290.989312
123,0.056051,0.593821,0.898400,291.061862
124,0.052896,0.615556,0.886400,290.946207
125,0.052619,0.632983,0.890600,291.042241
126,0.053327,0.629494,0.892600,291.051120
127,0.055287,0.570374,0.893200,291.069208
128,0.053319,0.579057,0.897200,291.080090
129,0.053323,0.639278,0.889000,290.968905
130,0.054212,0.614816,0.893200,291.049489
131,0.049863,0.592071,0.892600,290.951736
132,0.048257,0.596546,0.893000,291.092518
133,0.050612,0.587412,0.895400,291.121716
134,0.048005,0.663589,0.893200,291.048994
135,0.051056,0.601554,0.892400,291.045009
136,0.054813,0.604485,0.887400,291.082743
137,0.052158,0.614665,0.895600,291.105863
138,0.044162,0.602385,0.893400,291.198774
139,0.049999,0.605171,0.895200,291.126911
140,0.044545,0.581811,0.898600,291.185545
141,0.045068,0.671057,0.890200,291.153952
142,0.049256,0.637771,0.890000,291.201504
143,0.048044,0.627172,0.896200,291.259925
144,0.045537,0.649500,0.892800,291.246831
145,0.049152,0.598190,0.901600,291.103806
146,0.042713,0.611911,0.898200,291.204823
147,0.044045,0.580143,0.901000,291.160300
148,0.046516,0.613777,0.893200,291.089277
149,0.044238,0.624004,0.894400,291.100081
150,0.043731,0.607418,0.897200,291.133972
151,0.040959,0.669783,0.893000,291.147893
152,0.042646,0.627948,0.887800,291.142571
153,0.039608,0.591447,0.897200,291.110067
154,0.038442,0.634741,0.896800,291.150268
155,0.042449,0.620195,0.897800,291.050271
156,0.039296,0.586160,0.894800,291.226766
157,0.041809,0.608059,0.897800,291.166359
158,0.042026,0.575604,0.899600,291.109029
159,0.042855,0.681440,0.885600,291.099370
160,0.045831,0.622950,0.895800,291.197880
161,0.041851,0.590728,0.895200,291.242682
162,0.035354,0.682657,0.890800,291.229769
163,0.044055,0.611519,0.894600,291.097892
164,0.034919,0.618051,0.901800,291.022003
165,0.035487,0.582859,0.902400,291.098071
166,0.039460,0.601585,0.900600,291.128748
167,0.036357,0.595543,0.901600,291.098581
168,0.035868,0.632723,0.895600,291.035115
169,0.038579,0.643094,0.896800,291.016641
170,0.036265,0.691731,0.891600,291.152046
171,0.038162,0.705307,0.887600,291.112009
172,0.042367,0.641559,0.896600,291.079739
173,0.034093,0.669468,0.890000,291.141640
174,0.035112,0.638830,0.892400,291.242844
175,0.036703,0.646528,0.892800,291.135325
176,0.033381,0.620512,0.899400,291.199750
177,0.033434,0.651021,0.893000,291.069810
178,0.032927,0.634002,0.902600,291.224537
179,0.034122,0.629582,0.897200,291.203459
180,0.037058,0.618134,0.895200,291.227064
181,0.035056,0.692894,0.887000,291.192372
182,0.043000,0.726597,0.884200,291.205468
183,0.040863,0.601911,0.897800,291.147531
184,0.038067,0.666688,0.892000,291.213864
185,0.035494,0.635084,0.896400,291.162316
186,0.033881,0.649982,0.897400,291.205991
187,0.036155,0.644951,0.898800,291.175309
188,0.031803,0.684317,0.891800,291.170215
189,0.031680,0.695277,0.895000,291.171317
190,0.035274,0.689829,0.891400,291.159362
191,0.033852,0.763204,0.887000,291.233618
192,0.036967,0.626402,0.901400,291.055505
193,0.030999,0.635419,0.893600,291.152014
194,0.029776,0.684244,0.897400,291.352875
195,0.027903,0.700561,0.888200,291.176549
196,0.037558,0.630397,0.897400,291.142933
197,0.029718,0.635194,0.896800,291.179769
198,0.029277,0.625923,0.897600,291.171916
199,0.026720,0.640855,0.899400,291.221613
200,0.029533,0.725012,0.894800,291.260785
1,0.017857,0.602414,0.907000,292.356453
2,0.012472,0.593812,0.910800,290.891326
3,0.011849,0.596274,0.909600,290.981123
4,0.010281,0.592163,0.908000,291.096189
5,0.010107,0.616295,0.908800,291.034078
6,0.009507,0.606453,0.907800,290.995690
7,0.009414,0.586886,0.907800,291.070263
8,0.008929,0.596492,0.908400,291.031342
9,0.008817,0.596642,0.907400,291.060593
10,0.008867,0.603280,0.906800,291.075325
11,0.008054,0.601481,0.906200,291.007049
12,0.008510,0.610071,0.906800,290.967112
13,0.008352,0.593894,0.908600,290.959606
14,0.008121,0.594922,0.908200,291.044621
15,0.007992,0.605357,0.907600,291.041161
16,0.007695,0.621684,0.908200,291.088510
17,0.007676,0.616876,0.905600,291.073556
18,0.007672,0.606349,0.909800,291.064738
19,0.007437,0.607559,0.909000,291.114240
20,0.007538,0.607688,0.909200,291.080011
21,0.007248,0.603065,0.906600,291.027838
22,0.007591,0.605983,0.908400,291.110931
23,0.007636,0.613905,0.906400,291.102248
24,0.007300,0.590438,0.907600,291.071229
25,0.007314,0.598535,0.909600,290.993185
26,0.007257,0.601369,0.909200,291.053466
27,0.007598,0.600140,0.908600,291.089788
28,0.007236,0.609690,0.909600,291.143542
29,0.007123,0.591855,0.906800,291.047083
30,0.006760,0.598124,0.908000,291.033541
31,0.007555,0.600875,0.908800,291.141518
32,0.007092,0.600732,0.908000,291.054637
33,0.006686,0.597296,0.908800,291.008937
34,0.007180,0.604029,0.907800,291.097609
35,0.006433,0.591769,0.910000,291.121668
36,0.006865,0.600259,0.908400,291.373651
37,0.006698,0.610580,0.908000,291.127398
38,0.007932,0.605318,0.907800,291.070338
39,0.007335,0.594836,0.906400,291.109754
40,0.006736,0.607427,0.908600,291.168337
41,0.006520,0.602404,0.909000,291.698344
42,0.006556,0.589444,0.908200,291.106507
43,0.006304,0.596671,0.908200,291.125707
44,0.006385,0.604958,0.907200,291.101558
45,0.006479,0.599686,0.909000,291.239186
46,0.006490,0.590356,0.908000,291.068667
47,0.006193,0.587079,0.907800,291.131061
48,0.006475,0.602865,0.909000,291.181185
49,0.006237,0.600906,0.908000,291.089915
50,0.006405,0.598985,0.908000,291.104043
51,0.006370,0.598095,0.908600,291.178878
52,0.006253,0.604295,0.908200,291.071364
53,0.006270,0.605086,0.909200,291.383459
54,0.006345,0.609301,0.908200,291.188883
55,0.006201,0.601861,0.910200,291.154056
56,0.005868,0.610954,0.909200,291.185156
57,0.005833,0.606388,0.907600,291.200953
58,0.005988,0.593504,0.907800,291.081280
59,0.006290,0.596349,0.908000,291.188604
60,0.005800,0.601809,0.908400,291.143437
61,0.006093,0.588645,0.910200,291.085437
62,0.006008,0.602204,0.909600,291.153637
63,0.005542,0.605699,0.909400,291.131100
64,0.005791,0.594928,0.906600,291.078965
65,0.005686,0.585832,0.909800,291.232268
66,0.006432,0.595666,0.907800,291.217600
67,0.006158,0.596952,0.908200,291.150134
68,0.006090,0.588077,0.909400,291.251250
69,0.005835,0.590207,0.907800,291.268814
70,0.005896,0.589724,0.909200,291.111065
71,0.005728,0.587614,0.910400,291.187462
72,0.005516,0.585189,0.908800,291.222301
73,0.005597,0.592534,0.911200,291.162293
74,0.005948,0.602811,0.908200,291.163034
75,0.005849,0.595868,0.908800,291.292574
76,0.005696,0.580853,0.910000,291.220105
77,0.005769,0.588017,0.910400,291.258661
78,0.005593,0.600733,0.911000,291.263269
79,0.005514,0.595428,0.909000,291.122467
80,0.005447,0.610440,0.911200,291.261370
81,0.005548,0.601196,0.910000,291.266623
82,0.005841,0.592227,0.909600,291.188852
83,0.005698,0.587710,0.911000,291.178693
84,0.005413,0.591429,0.908600,291.243729
85,0.005543,0.603631,0.907800,291.171945
86,0.005819,0.599736,0.908200,291.221134
87,0.005685,0.598825,0.908000,291.234929
88,0.005520,0.606459,0.909000,291.246223
89,0.005440,0.611813,0.907000,291.179374
90,0.005448,0.604734,0.911000,291.406581
91,0.005133,0.594153,0.910800,291.998242
92,0.005196,0.604739,0.910200,291.823967
93,0.005298,0.596411,0.911000,292.017871
94,0.005669,0.595411,0.908600,291.874733
95,0.005464,0.589148,0.908800,291.667515
96,0.005513,0.597743,0.910200,292.039627
97,0.005323,0.608953,0.909200,292.086546
98,0.005316,0.610940,0.910400,292.077526
99,0.005058,0.611293,0.909800,292.021141
100,0.005474,0.602787,0.910200,291.207793
101,0.005298,0.603042,0.909400,292.098302
102,0.005423,0.613991,0.909000,292.059949
103,0.005681,0.603753,0.910000,292.085048
104,0.005189,0.612939,0.909600,292.078436
105,0.005298,0.605016,0.908200,291.913559
106,0.005153,0.620322,0.909000,291.717389
107,0.005187,0.598335,0.910600,291.280872
108,0.005064,0.596666,0.909800,291.158341
109,0.005011,0.591349,0.909400,291.333289
110,0.004954,0.599629,0.909600,291.342306
111,0.005244,0.602929,0.909000,291.224625
112,0.005094,0.594167,0.909800,291.234148
113,0.005283,0.606518,0.908200,291.271967
114,0.005021,0.604539,0.910400,291.329370
115,0.004998,0.603416,0.909200,291.262473
116,0.005072,0.605922,0.908600,291.338262
117,0.005283,0.596338,0.910200,291.350367
118,0.005239,0.594473,0.910600,291.267896
119,0.005247,0.597335,0.909200,291.342762
120,0.004900,0.591494,0.909400,291.336936
121,0.004759,0.595239,0.910000,291.235886
122,0.004953,0.601742,0.910600,291.246683
123,0.005059,0.610951,0.910600,291.243134
124,0.005167,0.606478,0.910800,291.206201
125,0.005091,0.604259,0.910200,291.256129
126,0.004777,0.601098,0.910000,291.312539
127,0.004823,0.592881,0.910400,291.279891
128,0.004984,0.607756,0.911200,291.284921
129,0.004869,0.604856,0.908800,291.282535
130,0.004933,0.598764,0.910600,291.295113
131,0.004998,0.607330,0.911200,291.202441
132,0.005081,0.602139,0.911600,291.272439
133,0.004918,0.604786,0.911800,291.286365
134,0.004848,0.612862,0.908400,291.301295
135,0.004789,0.598686,0.910800,291.358488
136,0.004869,0.595037,0.912600,291.361106
137,0.005206,0.597728,0.913400,291.363880
138,0.005056,0.611668,0.910200,291.385982
139,0.004978,0.625928,0.910400,291.320390
140,0.004693,0.608296,0.910000,291.433091
141,0.004632,0.608437,0.908600,291.419493
142,0.004795,0.607932,0.910200,291.496330
143,0.004929,0.611836,0.909400,291.362133
144,0.004764,0.595990,0.911000,291.417981
145,0.004732,0.607472,0.909800,291.284711
146,0.004657,0.627066,0.908000,291.397665
147,0.004808,0.610863,0.909800,291.323040
148,0.004903,0.623356,0.910400,291.254421
149,0.004697,0.601628,0.909400,291.382296
150,0.004730,0.599598,0.910800,291.287635
151,0.004797,0.605769,0.911000,291.322437
152,0.004765,0.603033,0.911000,291.323589
153,0.004722,0.600811,0.911000,291.361261
154,0.004680,0.612360,0.910800,291.293029
155,0.004583,0.608047,0.911200,291.287227
156,0.004573,0.600077,0.910600,291.361039
157,0.004628,0.619749,0.910800,291.315285
158,0.004625,0.609625,0.912200,291.377954
159,0.004918,0.600238,0.913000,291.361451
160,0.004754,0.612059,0.912400,291.253774
161,0.004624,0.598694,0.911000,291.285704
162,0.005095,0.610523,0.909200,291.365405
163,0.004866,0.604746,0.910000,291.352488
164,0.004615,0.607746,0.910200,291.335179
165,0.004501,0.617884,0.910800,291.389292
166,0.004775,0.609912,0.913000,291.387428
167,0.004648,0.615030,0.908800,291.384184
168,0.004597,0.610648,0.912200,291.308539
169,0.004622,0.622979,0.912400,291.419581
170,0.004336,0.601181,0.910000,291.313799
171,0.004499,0.608673,0.910600,291.322619
172,0.004713,0.599118,0.908800,291.377544
173,0.005095,0.614614,0.908400,291.459639
174,0.004922,0.602904,0.908400,291.398301
175,0.004853,0.611183,0.909400,291.407668
176,0.004833,0.599555,0.911400,291.337130
177,0.004552,0.604329,0.912000,291.381426
178,0.004494,0.613360,0.912200,291.321436
179,0.004498,0.612052,0.912000,291.334331
180,0.004368,0.610075,0.912200,291.445891
181,0.004479,0.606576,0.912400,291.537011
182,0.004478,0.610860,0.911000,291.433845
183,0.004478,0.602894,0.910600,291.440029
184,0.004313,0.594117,0.912400,291.454348
185,0.004516,0.597749,0.911000,291.442042
186,0.004533,0.603025,0.912400,291.515729
187,0.004333,0.611103,0.911000,291.490669
188,0.004346,0.608013,0.908800,291.392596
189,0.004417,0.609699,0.911800,291.438018
190,0.004424,0.602570,0.910400,291.437135
191,0.005545,0.605024,0.911400,291.354560
192,0.004823,0.597983,0.912800,291.428086
193,0.004546,0.599729,0.912400,291.360555
194,0.004217,0.602786,0.910400,291.487099
195,0.004813,0.614318,0.911000,291.431285
196,0.004331,0.600161,0.913200,291.448531
197,0.004493,0.602499,0.911600,291.408989
198,0.004281,0.619627,0.909400,291.396723
199,0.004193,0.598796,0.912800,291.513090
200,0.004258,0.611906,0.911800,291.368764
201,0.004161,0.605181,0.913000,291.413523
202,0.004192,0.606353,0.911200,291.386325
203,0.004453,0.610129,0.910800,291.283958
204,0.004610,0.618695,0.911600,291.471721
205,0.004784,0.607350,0.912400,291.383404
206,0.004292,0.615943,0.908600,291.440020
207,0.004189,0.613794,0.910800,291.459741
208,0.004558,0.621704,0.910000,291.411337
209,0.004357,0.616390,0.908800,291.429958
210,0.004676,0.616201,0.910000,291.455318
211,0.004782,0.613396,0.912400,291.357277
212,0.004441,0.618962,0.910000,291.443798
213,0.004439,0.609105,0.909000,291.382125
214,0.004292,0.608168,0.912800,291.436769
215,0.004266,0.604092,0.910200,291.391641
216,0.004308,0.602144,0.911200,291.382543
217,0.004389,0.609782,0.912000,291.431674
218,0.004120,0.614338,0.911800,291.452541
219,0.004126,0.603135,0.910200,291.403850
220,0.004181,0.601191,0.911400,291.398255
221,0.004146,0.601404,0.912800,291.443623
222,0.004482,0.606095,0.909000,291.378048
223,0.004393,0.608613,0.908400,291.380385
224,0.004364,0.607310,0.909400,291.430745
225,0.004109,0.608224,0.910400,291.402361
226,0.004545,0.611487,0.909800,291.486453
227,0.004354,0.599461,0.911600,291.706897
228,0.004283,0.604631,0.912400,291.549950
229,0.004331,0.600396,0.912400,291.482421
230,0.004211,0.612504,0.910200,291.310509
231,0.004079,0.601149,0.911200,291.488080
232,0.004120,0.610521,0.911200,291.451027
233,0.004069,0.598005,0.911200,291.376028
234,0.005011,0.613989,0.910400,291.488730
235,0.004407,0.596942,0.912000,291.526226
236,0.004169,0.603172,0.911600,291.458282
237,0.004671,0.608150,0.911800,291.438639
238,0.004689,0.613378,0.909200,291.376374
239,0.006043,0.630278,0.909600,291.445669
240,0.004524,0.620046,0.910800,291.478632
241,0.004324,0.620712,0.909200,291.858657
242,0.004280,0.618051,0.910000,292.066602
243,0.004125,0.615819,0.910200,292.208069
244,0.004260,0.630238,0.907400,291.423848
245,0.004316,0.623557,0.911400,292.100511
246,0.004543,0.612267,0.913200,292.101385
247,0.004122,0.609954,0.912200,291.313971
248,0.004149,0.621358,0.912200,291.495518
249,0.004042,0.640502,0.908400,291.402230
250,0.004408,0.623969,0.912000,291.329821
251,0.004294,0.632945,0.910600,291.318183
252,0.004103,0.624632,0.909200,291.435257
253,0.004123,0.619938,0.911000,291.428267
254,0.004019,0.618681,0.912400,291.455126
255,0.004412,0.623100,0.912400,291.380963
256,0.004481,0.630784,0.909800,291.443712
257,0.004423,0.626575,0.910400,291.484686
258,0.004345,0.627019,0.911400,291.415227
259,0.004103,0.617466,0.911800,291.391557
260,0.003719,0.616222,0.911400,291.442361
261,0.004066,0.622170,0.911400,291.366033
262,0.004209,0.625523,0.909800,291.447804
263,0.004044,0.624456,0.910600,291.430346
264,0.004047,0.622320,0.912000,291.391342
265,0.004025,0.637271,0.912600,291.469487
266,0.003719,0.614056,0.910800,291.438900
267,0.003946,0.625798,0.910200,291.464494
268,0.004177,0.627846,0.910400,291.470567
269,0.003994,0.636203,0.909800,291.484011
270,0.003987,0.633454,0.907400,291.414758
271,0.004013,0.624550,0.910600,291.397493
272,0.004143,0.623569,0.909600,291.383000
273,0.003941,0.623130,0.910400,291.410292
274,0.003976,0.627029,0.910000,291.402469
275,0.004111,0.626129,0.910400,291.493124
276,0.003767,0.622045,0.910800,291.408268
277,0.003930,0.627927,0.909400,291.407471
278,0.003727,0.620773,0.909400,291.397913
279,0.004283,0.627084,0.909000,291.418148
280,0.004129,0.617141,0.910600,291.470943
281,0.004064,0.623781,0.909400,291.519738
282,0.003815,0.621357,0.911200,291.329708
283,0.004222,0.621305,0.910800,291.416671
284,0.003847,0.620420,0.911800,291.312740
285,0.003915,0.625622,0.912800,291.367896
286,0.003733,0.621410,0.911400,291.399184
287,0.003825,0.628594,0.909600,291.327172
288,0.004342,0.634428,0.908800,291.376676
289,0.004205,0.622210,0.912400,291.353036
290,0.003856,0.622271,0.912200,291.369204
291,0.003996,0.620752,0.911000,291.432053
292,0.004058,0.621273,0.913000,291.372903
293,0.003799,0.625461,0.907800,291.385629
294,0.004578,0.625751,0.911200,291.372478
295,0.004425,0.623236,0.909600,291.346317
296,0.003862,0.615142,0.911200,291.384415
297,0.003642,0.619772,0.910800,291.334858
298,0.003845,0.632819,0.911000,291.337670
299,0.003872,0.626730,0.910200,291.340170
300,0.003912,0.633792,0.909400,291.409989
301,0.003690,0.625103,0.909600,291.386434
302,0.003843,0.633026,0.912000,291.396371
303,0.003984,0.637460,0.911200,291.422863
304,0.003832,0.643767,0.909800,291.375917
305,0.003849,0.635812,0.911600,291.367591
306,0.003996,0.619689,0.911200,291.384676
307,0.004016,0.627971,0.910600,291.295027
308,0.003684,0.624194,0.911000,291.385620
309,0.003886,0.626082,0.909600,291.373015
310,0.003843,0.634699,0.911400,291.294326
311,0.003713,0.632681,0.909800,291.375345
312,0.003759,0.629291,0.911200,291.310181
313,0.003762,0.622963,0.911600,291.431857
314,0.003776,0.630912,0.911000,291.381473
315,0.003625,0.619975,0.911600,291.393213
316,0.003822,0.632788,0.910800,291.443635
317,0.003563,0.634191,0.912600,291.398473
318,0.003835,0.634583,0.909000,291.372906
319,0.003715,0.645378,0.909600,291.367857
320,0.003776,0.639017,0.911000,291.310286
321,0.003768,0.630184,0.912400,291.399642
322,0.003646,0.628427,0.912000,291.358893
323,0.003535,0.645315,0.910000,291.389842
324,0.003679,0.632541,0.910000,291.423785
325,0.003806,0.619905,0.912600,291.348356
326,0.003686,0.636957,0.912000,291.353172
327,0.003691,0.635672,0.910600,291.336600
328,0.003648,0.635095,0.911000,291.450127
329,0.003772,0.636159,0.908400,291.353038
330,0.003585,0.631902,0.909600,291.471843
331,0.003837,0.635632,0.911400,291.471132
332,0.003727,0.628393,0.910200,291.468797
333,0.003570,0.625949,0.911200,291.441932
334,0.003772,0.620196,0.911200,291.422979
335,0.003633,0.625930,0.910400,291.422654
336,0.004071,0.618077,0.911000,291.429216
337,0.003924,0.617366,0.911000,291.304238
338,0.003640,0.620715,0.911400,291.405162
339,0.003726,0.625357,0.912000,291.339976
340,0.003603,0.613926,0.913200,291.450571
341,0.003650,0.631657,0.911800,291.341556
342,0.003787,0.608768,0.913000,291.374498
343,0.003756,0.630412,0.909000,291.381698
344,0.003791,0.610350,0.912400,291.333430
345,0.003627,0.625643,0.912600,291.400152
346,0.003633,0.631311,0.912400,291.380361
347,0.003654,0.625652,0.911200,291.455365
348,0.003597,0.621003,0.912000,291.432806
349,0.003539,0.623761,0.911800,291.351128
350,0.003475,0.623210,0.911200,291.469536
351,0.003617,0.617918,0.910800,291.434777
352,0.003627,0.623964,0.909600,291.431472
353,0.003489,0.613840,0.911800,291.377328
354,0.003638,0.618290,0.910200,291.447674
355,0.003377,0.625271,0.911400,291.493823
356,0.003509,0.628611,0.911200,291.370981
357,0.003921,0.621025,0.913800,291.433477
358,0.003803,0.615013,0.911600,291.472310
359,0.003657,0.621108,0.913400,291.435823
360,0.003588,0.624395,0.913000,291.467991
361,0.003653,0.627752,0.909600,291.382222
362,0.003477,0.620549,0.909600,291.420745
363,0.003576,0.628484,0.912000,291.359656
364,0.003458,0.632844,0.911000,291.449335
365,0.003430,0.620049,0.912200,291.337958
366,0.003389,0.631873,0.909600,291.403540
367,0.003426,0.628570,0.911400,291.395462
