epoch,train_loss,avg_valid_loss,valid_accuracy,time
1,2.466008,1.904026,0.286600,280.011326
2,1.852841,2.012865,0.287600,278.914426
3,1.685268,1.528070,0.423000,279.057181
4,1.533088,1.475542,0.483200,279.262185
5,1.381324,1.212223,0.584200,279.262447
6,1.240589,1.103400,0.619400,279.359744
7,1.116086,1.046738,0.654200,279.253095
8,0.993379,0.936309,0.695600,279.292202
9,0.897044,0.779355,0.744600,279.318765
10,0.828175,0.856103,0.735000,279.972359
11,0.772432,0.731215,0.771000,279.743032
12,0.729783,0.661058,0.793600,280.055349
13,0.694966,0.714506,0.789800,280.040360
14,0.658287,0.662960,0.797200,279.554039
15,0.630174,0.593511,0.826800,279.417612
16,0.606924,0.555560,0.831600,279.382082
17,0.588151,0.572044,0.821600,279.364580
18,0.565805,0.607620,0.818400,279.433348
19,0.541993,0.541273,0.835600,279.301959
20,0.527237,0.546630,0.836800,279.444912
21,0.506818,0.516416,0.840000,279.315233
22,0.496819,0.520045,0.842800,279.537771
23,0.481605,0.497944,0.844600,279.392689
24,0.472463,0.505364,0.842600,279.413883
25,0.454287,0.505543,0.852400,279.264462
26,0.447093,0.526095,0.840400,279.253431
27,0.428887,0.497424,0.854200,279.240454
28,0.421112,0.612979,0.824800,279.206112
29,0.413896,0.484645,0.863600,279.407731
30,0.403595,0.492165,0.859200,279.346313
31,0.395035,0.543975,0.858400,279.254469
32,0.385155,0.442120,0.873000,279.306229
33,0.372137,0.508907,0.855600,279.224878
34,0.370428,0.476196,0.863800,279.215718
35,0.355913,0.503398,0.856200,279.174652
36,0.352700,0.482342,0.863600,279.188407
37,0.346338,0.421975,0.877200,279.119574
38,0.340873,0.429250,0.874600,279.125342
39,0.329745,0.443466,0.878000,279.216592
40,0.328701,0.467463,0.876000,279.447242
41,0.314792,0.422743,0.880600,279.173413
42,0.316620,0.470036,0.874800,279.216346
43,0.307198,0.444105,0.876800,279.307092
44,0.300859,0.451580,0.875400,279.183383
45,0.295564,0.393560,0.884400,279.302350
46,0.297876,0.461865,0.878400,279.287836
47,0.285476,0.414694,0.886800,279.297748
48,0.281843,0.462582,0.875800,279.388425
49,0.271500,0.434297,0.881400,279.330074
50,0.274745,0.417770,0.885800,279.329261
51,0.265869,0.463621,0.879800,279.248144
52,0.263577,0.561207,0.862600,279.338293
53,0.266382,0.402293,0.889800,279.202002
54,0.252165,0.422390,0.883600,279.156092
55,0.253160,0.472455,0.875600,279.276632
56,0.250493,0.424458,0.892800,279.157190
57,0.243232,0.404983,0.890400,279.364781
58,0.233462,0.371992,0.896400,279.371163
59,0.233649,0.406273,0.888400,279.416428
60,0.223879,0.409659,0.885800,279.325157
61,0.228846,0.395848,0.895000,279.414873
62,0.224745,0.392007,0.890600,279.403013
63,0.223100,0.397026,0.896400,279.321032
64,0.217594,0.431131,0.895600,279.269998
65,0.215061,0.403552,0.900200,279.244554
66,0.213319,0.438287,0.890600,279.337974
67,0.205431,0.400153,0.900600,279.339647
68,0.208295,0.387087,0.897600,279.303341
69,0.199027,0.408284,0.899000,279.215317
70,0.202470,0.409483,0.900600,279.299337
71,0.193117,0.393219,0.904800,279.285817
72,0.193536,0.430381,0.894800,279.280672
73,0.190944,0.417456,0.900600,279.317967
74,0.184765,0.416082,0.893600,279.201250
75,0.178824,0.440779,0.894400,279.381868
76,0.183997,0.400195,0.899000,279.612611
77,0.178061,0.383681,0.898600,279.309121
78,0.178756,0.424202,0.903400,279.291357
79,0.171096,0.401002,0.901000,279.375228
80,0.177087,0.419043,0.901600,279.359089
81,0.171073,0.437687,0.901600,279.316580
82,0.168073,0.393445,0.903600,279.331485
83,0.170816,0.426888,0.905400,279.386341
84,0.167366,0.387964,0.900200,279.283683
85,0.161361,0.411369,0.903400,279.231213
86,0.161007,0.399018,0.904200,279.333524
87,0.155440,0.400257,0.908800,279.330520
88,0.152912,0.422065,0.901600,279.245624
89,0.159235,0.409191,0.903200,279.280446
90,0.156158,0.373300,0.908800,279.274080
91,0.155447,0.449947,0.897600,279.276699
92,0.146670,0.379947,0.908200,279.369879
93,0.147158,0.494183,0.901000,279.357136
94,0.144899,0.409324,0.907400,279.321256
95,0.142890,0.425284,0.907000,279.432140
96,0.137416,0.408837,0.903600,279.396322
97,0.138542,0.416698,0.901400,279.283427
98,0.139665,0.398502,0.910600,279.407252
99,0.135851,0.427062,0.908000,279.323202
100,0.136253,0.447698,0.906400,279.321733
101,0.131299,0.418895,0.908000,279.276297
102,0.127953,0.458730,0.898800,279.456494
103,0.139584,0.422208,0.905400,279.412034
104,0.134552,0.480962,0.902600,279.369292
105,0.128176,0.407253,0.909600,279.284541
106,0.123782,0.400487,0.909000,279.326041
107,0.125109,0.426871,0.910600,279.309734
108,0.124869,0.475904,0.905800,279.327716
109,0.119725,0.432033,0.908200,279.237434
110,0.120538,0.427296,0.909000,279.377193
111,0.116997,0.427582,0.907800,279.338236
112,0.116699,0.469344,0.907800,279.334856
113,0.116625,0.423223,0.914000,279.356927
114,0.117537,0.468839,0.901800,279.361441
115,0.118940,0.440561,0.909600,279.260481
116,0.113073,0.468829,0.903000,279.368235
117,0.118368,0.414000,0.916600,279.436323
118,0.108889,0.448489,0.911200,279.425001
119,0.109193,0.466167,0.911000,279.506374
120,0.108043,0.422829,0.915400,279.458233
121,0.109325,0.451140,0.911000,279.362933
122,0.103313,0.441222,0.912600,279.344577
123,0.107554,0.388039,0.911200,279.315242
124,0.101791,0.484476,0.905200,279.330252
125,0.105101,0.410074,0.916000,279.321261
126,0.101771,0.485569,0.906200,279.290563
127,0.102279,0.438579,0.909200,279.348766
128,0.099398,0.433489,0.906600,279.454775
129,0.104789,0.419946,0.915400,279.331573
130,0.097728,0.462832,0.903600,279.800623
131,0.098104,0.443143,0.913200,279.991427
132,0.097565,0.438802,0.912800,279.420801
133,0.094923,0.467627,0.913000,279.351964
134,0.094498,0.472948,0.912800,279.319911
135,0.096206,0.425847,0.910600,279.259651
136,0.090752,0.431561,0.910600,279.392162
137,0.093224,0.470664,0.906800,279.397973
138,0.092552,0.450835,0.909000,279.349233
139,0.091167,0.404388,0.915000,279.307495
140,0.090533,0.430441,0.913800,279.296493
141,0.092386,0.490160,0.913600,279.334622
142,0.090012,0.461145,0.911800,279.468629
143,0.084773,0.441719,0.916400,279.386794
144,0.083875,0.427058,0.910200,279.472631
145,0.088203,0.463054,0.915000,279.503526
146,0.082930,0.446928,0.914600,279.481400
147,0.083261,0.412614,0.915600,279.551208
148,0.085397,0.473166,0.912200,279.466713
149,0.083887,0.421961,0.917800,279.365357
150,0.080439,0.476293,0.911200,279.447151
151,0.083942,0.446787,0.912000,279.313938
152,0.082530,0.448552,0.917200,279.346724
153,0.082016,0.456072,0.917000,279.387866
154,0.084520,0.488345,0.911000,279.466059
155,0.081492,0.472812,0.913600,279.399330
156,0.078468,0.463533,0.910800,279.312642
157,0.074267,0.456358,0.915600,279.377870
158,0.079136,0.457929,0.914400,279.378160
159,0.078005,0.488663,0.911600,279.359107
160,0.076494,0.408269,0.914600,279.281150
161,0.075065,0.473262,0.915400,279.347722
162,0.076254,0.459433,0.916400,279.401281
163,0.075714,0.430155,0.923200,279.525428
164,0.071644,0.456162,0.910800,279.418537
165,0.074257,0.442228,0.914400,279.376457
166,0.071729,0.564636,0.908600,279.360736
167,0.072508,0.476863,0.913600,279.400436
168,0.072235,0.433258,0.920600,279.384619
169,0.070902,0.442392,0.914400,279.358750
170,0.068049,0.425468,0.918600,279.412265
171,0.066651,0.474041,0.913200,279.316332
172,0.071507,0.462920,0.912200,279.393784
173,0.071418,0.441249,0.914400,279.323868
174,0.068201,0.434639,0.917200,279.464936
175,0.073737,0.506983,0.909600,279.344686
176,0.071519,0.485013,0.915200,279.988869
177,0.072062,0.440449,0.915800,280.025917
178,0.067621,0.492488,0.916000,279.655401
179,0.062824,0.446965,0.920600,279.319090
180,0.062908,0.451511,0.915400,279.507280
181,0.069256,0.455372,0.917400,279.310025
182,0.066376,0.409952,0.916400,279.429208
183,0.066272,0.484684,0.917600,279.449811
184,0.063941,0.449924,0.914400,279.353373
185,0.062290,0.466984,0.914600,279.424827
186,0.064623,0.531622,0.913800,279.333269
187,0.065239,0.485455,0.916400,279.339886
188,0.068377,0.495479,0.917600,279.360088
189,0.062568,0.469026,0.918200,279.370510
190,0.065424,0.484207,0.921000,279.321101
191,0.063611,0.506242,0.915600,279.406000
192,0.065121,0.444350,0.919600,279.426741
193,0.060501,0.522206,0.907800,279.909476
194,0.063656,0.554504,0.906400,279.864295
195,0.062563,0.430197,0.920200,280.137035
196,0.058779,0.495141,0.917600,279.863646
197,0.062168,0.475997,0.914200,279.931405
198,0.068718,0.426896,0.916400,279.341849
199,0.057197,0.474865,0.915000,280.090067
200,0.055732,0.467121,0.919600,280.156769
201,0.057113,0.500690,0.914600,279.916582
202,0.056912,0.479184,0.917400,280.329204
203,0.057558,0.469308,0.917400,279.725879
204,0.056109,0.437717,0.919600,279.710625
205,0.056517,0.447853,0.922800,279.713816
206,0.057438,0.451786,0.915600,280.155798
207,0.053705,0.481970,0.918600,279.874459
208,0.057834,0.477357,0.916200,279.793287
209,0.054813,0.484456,0.919200,279.080054
210,0.056982,0.492209,0.916800,279.140862
211,0.055352,0.481973,0.913600,279.309465
212,0.057236,0.475047,0.916600,280.481317
213,0.050434,0.479757,0.915800,279.621541
214,0.055738,0.519408,0.916000,279.654938
215,0.052663,0.516228,0.916600,279.929986
216,0.057434,0.539237,0.914200,280.365845
217,0.057917,0.449533,0.919200,279.609846
218,0.054287,0.498666,0.916400,279.553114
219,0.050611,0.491178,0.918400,279.622747
220,0.055042,0.456692,0.919800,279.608585
221,0.055021,0.503836,0.917800,279.604524
222,0.053261,0.490248,0.916000,279.617841
223,0.053103,0.446433,0.921000,279.658369
224,0.047977,0.504070,0.920400,279.623121
225,0.053757,0.544669,0.909400,279.555424
226,0.053589,0.453830,0.921200,279.611972
227,0.051805,0.482043,0.915800,279.655973
228,0.050085,0.514065,0.914200,279.582264
229,0.051773,0.482084,0.917600,279.693693
230,0.049642,0.481711,0.918200,279.648599
231,0.050500,0.459352,0.921600,279.640925
232,0.049450,0.461921,0.923000,279.665125
233,0.051804,0.564907,0.912200,279.803536
234,0.052325,0.490029,0.916600,279.562741
235,0.047346,0.479988,0.913600,279.626000
236,0.049225,0.490904,0.916800,279.618618
237,0.049609,0.488602,0.918600,279.524808
238,0.045092,0.432555,0.922000,279.584682
239,0.050540,0.521443,0.917400,279.675819
240,0.050918,0.518884,0.918000,279.681638
241,0.046878,0.512204,0.916600,279.663137
242,0.047019,0.497141,0.919800,279.633898
243,0.045979,0.508358,0.917400,279.540969
244,0.046742,0.484661,0.917600,279.615042
245,0.046810,0.599003,0.917000,279.587104
246,0.047204,0.525261,0.924600,279.760613
247,0.046870,0.470993,0.919200,279.600437
248,0.045899,0.533882,0.917600,279.659762
249,0.043909,0.484129,0.921200,279.501796
250,0.048886,0.437671,0.921600,279.625122
251,0.046012,0.506320,0.922400,279.633094
252,0.045816,0.477142,0.915400,279.550835
253,0.048638,0.513600,0.917800,279.725098
254,0.046144,0.454604,0.919600,279.763585
255,0.043928,0.535687,0.910600,279.578589
256,0.043034,0.540440,0.916800,279.856618
257,0.044581,0.473755,0.919400,280.308018
258,0.045622,0.558714,0.913800,280.227860
259,0.042790,0.512802,0.911400,280.387574
260,0.045009,0.459739,0.916200,280.332268
261,0.046512,0.462259,0.918400,280.333019
262,0.043033,0.553190,0.914400,280.261549
263,0.043965,0.515621,0.922400,280.255553
264,0.043375,0.509715,0.921600,280.302517
265,0.041966,0.544364,0.920600,280.046318
266,0.041701,0.515019,0.921600,280.172924
267,0.046595,0.467080,0.919400,280.186268
268,0.045098,0.471731,0.920000,280.271031
269,0.039978,0.479591,0.920000,280.360334
270,0.041650,0.505817,0.919200,279.897941
271,0.050652,0.558256,0.920600,279.556385
272,0.044182,0.518400,0.918200,279.573802
273,0.049985,0.460292,0.919600,279.636132
274,0.041858,0.499926,0.920600,279.601708
275,0.042288,0.475706,0.921200,279.594128
276,0.039885,0.501842,0.923600,279.619184
277,0.043265,0.493437,0.917400,279.635502
278,0.046104,0.469659,0.921000,280.037889
279,0.039050,0.471783,0.921600,280.372136
280,0.041225,0.478425,0.920200,280.441468
281,0.044037,0.562790,0.919200,280.189668
282,0.042953,0.520645,0.914400,280.239732
283,0.040802,0.505123,0.918400,280.289641
284,0.045367,0.497162,0.918600,279.678908
285,0.043107,0.503153,0.917000,279.512181
286,0.040862,0.521896,0.918400,279.587268
287,0.042498,0.478882,0.922600,279.801853
288,0.039107,0.490022,0.922600,279.828132
289,0.038267,0.569505,0.917800,279.956047
290,0.045411,0.468159,0.923800,279.563962
291,0.042439,0.483389,0.920600,279.581859
292,0.043307,0.498965,0.918000,279.633487
293,0.038211,0.536494,0.916800,279.574883
294,0.040382,0.512807,0.921200,279.612525
295,0.039142,0.509568,0.917800,279.584191
296,0.038247,0.508969,0.919000,279.682516
297,0.038025,0.482409,0.921200,279.999748
298,0.037991,0.499267,0.921400,280.364613
299,0.037402,0.479323,0.917800,280.031718
300,0.037826,0.530293,0.914000,280.176161
301,0.037334,0.499996,0.920000,279.501130
302,0.037388,0.497736,0.923000,279.624750
303,0.036011,0.450118,0.922200,279.621281
304,0.035677,0.475165,0.921200,279.553034
305,0.038012,0.453303,0.924400,279.501542
306,0.040817,0.495937,0.922000,279.613483
307,0.035359,0.492997,0.921600,279.540704
308,0.039177,0.550110,0.917600,279.600938
309,0.034819,0.467490,0.920600,279.660555
310,0.037364,0.511866,0.920000,279.605566
311,0.037284,0.500444,0.922200,279.714800
312,0.035808,0.481956,0.923600,279.619161
313,0.036031,0.510433,0.924600,279.499825
314,0.036211,0.528150,0.919200,279.675726
315,0.037101,0.463083,0.925400,279.598064
316,0.035679,0.556155,0.918600,279.723687
317,0.037985,0.464394,0.924400,279.702397
318,0.038313,0.478751,0.930600,279.593306
319,0.034396,0.507304,0.923800,279.656360
320,0.037813,0.481747,0.927000,279.648420
321,0.037864,0.515715,0.925600,279.608329
322,0.036720,0.475156,0.923200,279.607059
323,0.037987,0.496312,0.920800,279.685765
324,0.036648,0.473429,0.922200,279.672991
325,0.036491,0.557755,0.917600,279.533402
326,0.032111,0.521101,0.922200,279.527256
327,0.037087,0.555199,0.920600,279.784921
328,0.035662,0.498862,0.916600,279.557577
329,0.034174,0.522305,0.919200,279.585977
330,0.035013,0.516839,0.921200,279.525128
331,0.035795,0.472133,0.923600,279.602273
332,0.034529,0.538042,0.920400,279.584130
333,0.035254,0.507361,0.918800,279.666623
334,0.037900,0.509736,0.918800,279.666118
335,0.037339,0.455460,0.925000,279.692186
336,0.032992,0.498847,0.922200,279.596501
337,0.034906,0.487439,0.927400,279.670768
338,0.031399,0.483496,0.925600,279.622099
339,0.033101,0.478423,0.922000,279.744342
340,0.033433,0.468157,0.923600,279.602337
341,0.034866,0.487536,0.924800,279.937016
342,0.034641,0.491459,0.922400,279.465847
343,0.033914,0.535623,0.919000,280.379949
344,0.034572,0.508705,0.924600,280.292858
345,0.037444,0.519839,0.924800,280.300098
346,0.031965,0.573928,0.921600,280.314599
347,0.033118,0.531803,0.918600,280.181275
348,0.032222,0.519771,0.923800,280.207797
349,0.034331,0.519618,0.922600,280.349411
350,0.031273,0.513940,0.926600,279.810434
351,0.032117,0.535713,0.921400,279.628539
352,0.032415,0.499720,0.926200,279.632092
353,0.033427,0.525126,0.924000,279.662021
354,0.040113,0.534097,0.918200,279.694801
355,0.036003,0.585709,0.918600,279.686738
356,0.033146,0.575413,0.917000,279.655034
357,0.034159,0.535202,0.917800,279.783680
358,0.031932,0.592456,0.919000,279.714582
359,0.031070,0.515543,0.921200,279.660951
360,0.030625,0.546353,0.919800,279.674592
361,0.033992,0.583794,0.916600,279.685745
362,0.034051,0.548053,0.917400,279.693617
363,0.031311,0.574905,0.919200,279.733799
364,0.034252,0.480738,0.926400,279.643963
365,0.030409,0.501870,0.924400,279.585826
366,0.032092,0.572190,0.922400,279.633151
367,0.030232,0.554923,0.923000,279.653225
368,0.031204,0.563811,0.918200,279.629270
369,0.031070,0.498245,0.926000,279.771934
370,0.029136,0.571023,0.921400,279.714198
371,0.035291,0.543302,0.919800,279.585991
372,0.031914,0.550848,0.924200,279.734010
373,0.029142,0.503760,0.921000,279.679606
374,0.030250,0.483209,0.924600,279.609685
375,0.031345,0.520898,0.923600,279.739026
376,0.030254,0.581931,0.923400,279.636630
377,0.030641,0.535863,0.923200,279.658745
378,0.029403,0.513803,0.928800,279.569829
379,0.033802,0.516853,0.924600,279.648119
380,0.030161,0.498993,0.921800,279.588029
381,0.031734,0.537542,0.924600,279.744821
382,0.030729,0.493128,0.926600,279.836341
383,0.033033,0.502317,0.923400,279.759817
384,0.030250,0.535215,0.921200,279.710090
385,0.030941,0.524674,0.925400,279.791181
386,0.029197,0.556244,0.923600,279.579608
387,0.030589,0.573278,0.924800,279.865085
388,0.030523,0.522429,0.922800,280.304289
389,0.029725,0.609344,0.917000,280.280154
390,0.031663,0.568308,0.919400,280.182314
391,0.030017,0.540893,0.920400,280.177690
392,0.030886,0.540652,0.917800,280.521073
393,0.030153,0.586015,0.919200,279.583402
394,0.030289,0.504582,0.921200,280.254096
395,0.028167,0.550686,0.922600,279.915673
396,0.025329,0.567313,0.923600,279.514120
397,0.031015,0.525012,0.919000,279.520418
398,0.031058,0.579926,0.918400,279.457007
399,0.027327,0.496124,0.923600,279.478646
400,0.026669,0.607643,0.919600,279.523638
401,0.057147,0.597497,0.922600,279.619538
402,0.035477,0.555264,0.924800,279.711870
403,0.032444,0.497203,0.923600,279.556728
404,0.028705,0.479176,0.925000,279.535792
405,0.028247,0.486511,0.928000,279.521935
406,0.026655,0.591197,0.919600,279.612282
407,0.029311,0.507132,0.924000,279.591930
408,0.027885,0.501450,0.925800,279.608191
409,0.026808,0.560875,0.916800,279.507686
410,0.044198,0.648521,0.919400,279.569789
411,0.035932,0.585604,0.920000,279.550412
412,0.031817,0.650047,0.917600,279.625006
413,0.029923,0.558527,0.925400,279.588123
414,0.027889,0.598943,0.921400,279.632196
415,0.030148,0.539023,0.922000,279.529939
416,0.028487,0.577173,0.924800,279.619994
417,0.030261,0.590853,0.919000,279.615242
418,0.027431,0.528337,0.924200,279.506909
419,0.032788,0.498701,0.926800,279.552469
420,0.029033,0.522147,0.925200,279.433543
421,0.026963,0.575021,0.918600,279.495856
422,0.030332,0.563916,0.922400,279.556264
423,0.026884,0.589886,0.916200,279.575387
424,0.029766,0.498672,0.921200,279.569196
425,0.028308,0.557201,0.924400,279.571236
426,0.025530,0.491949,0.927400,279.529152
427,0.026700,0.563499,0.926400,279.570387
428,0.026839,0.563026,0.921600,279.609445
429,0.029516,0.588844,0.920600,279.595629
430,0.029598,0.555025,0.920000,279.563397
431,0.027484,0.522786,0.922000,279.456279
432,0.027446,0.550643,0.923400,279.622223
433,0.026559,0.586669,0.922600,279.550574
434,0.028159,0.576112,0.922200,279.527757
435,0.027832,0.540091,0.921000,279.536857
436,0.028705,0.507113,0.926000,279.473138
437,0.026511,0.494344,0.921400,279.595197
438,0.026958,0.515687,0.922800,279.547293
439,0.024328,0.501911,0.926000,279.565277
440,0.027731,0.542965,0.921400,279.528404
441,0.025278,0.526123,0.924400,279.672012
442,0.028409,0.502379,0.922200,279.625911
443,0.027443,0.556532,0.923400,279.644629
444,0.027284,0.592319,0.921800,279.828773
445,0.028909,0.522648,0.920200,279.615213
446,0.026647,0.535594,0.922400,279.505965
447,0.025013,0.556142,0.923400,279.518752
448,0.024731,0.531252,0.921600,279.554971
449,0.028930,0.499012,0.925400,279.613549
450,0.026295,0.545256,0.923200,280.183756
451,0.029336,0.536001,0.925400,279.649125
452,0.025690,0.551637,0.920800,279.538487
453,0.026833,0.546420,0.922600,279.669737
454,0.026202,0.557565,0.920000,279.544932
455,0.027771,0.538277,0.923400,279.584516
456,0.027396,0.512024,0.923800,279.490000
457,0.026884,0.549927,0.920400,279.513044
458,0.026162,0.527168,0.924000,279.612294
459,0.023802,0.607962,0.921800,279.524704
460,0.026305,0.532197,0.924600,279.560743
461,0.026860,0.590571,0.923600,279.464733
462,0.024261,0.578416,0.918600,279.624587
463,0.026823,0.481297,0.927000,279.616709
464,0.027590,0.517110,0.926000,279.597991
465,0.024792,0.573357,0.925400,279.516301
466,0.024191,0.491399,0.924800,279.580318
467,0.023070,0.505447,0.926400,279.517204
468,0.028417,0.538013,0.925800,279.627594
469,0.023252,0.595470,0.925800,279.627727
470,0.025160,0.498397,0.925600,279.505475
471,0.024356,0.516909,0.926800,279.516666
472,0.024931,0.573124,0.924000,279.672249
473,0.023898,0.569190,0.925200,279.589643
474,0.023900,0.588363,0.925000,279.460866
475,0.025852,0.475438,0.932000,279.540137
476,0.023171,0.585307,0.929000,279.569364
477,0.024549,0.524782,0.924600,279.510167
478,0.024122,0.502503,0.927600,279.589989
479,0.022274,0.580081,0.927600,279.570294
480,0.023322,0.521178,0.930600,279.492079
481,0.023525,0.590204,0.925200,279.545938
482,0.025482,0.549543,0.925000,279.505739
483,0.023550,0.497929,0.924600,279.476620
484,0.023615,0.587482,0.926000,279.482744
485,0.022337,0.566236,0.925200,279.351598
486,0.026192,0.564187,0.925400,279.491356
487,0.024732,0.518639,0.928800,279.596269
488,0.024141,0.527489,0.927000,279.552676
489,0.022497,0.559592,0.928400,279.606810
490,0.023046,0.518524,0.928800,279.475412
491,0.021823,0.546986,0.923000,279.556075
492,0.025422,0.562903,0.925800,279.517976
493,0.022735,0.527870,0.927200,279.544229
494,0.021815,0.557025,0.924000,279.637571
495,0.022103,0.507332,0.929800,279.503062
496,0.021409,0.498683,0.929600,279.671045
497,0.023975,0.554231,0.928200,279.628772
498,0.024624,0.552161,0.923600,279.472818
499,0.024192,0.479780,0.926200,279.672619
500,0.019604,0.585148,0.925800,279.545858
501,0.015670,0.490531,0.927800,279.588868
502,0.016863,0.477948,0.927200,279.569165
503,0.015740,0.480340,0.929400,279.524736
504,0.015182,0.519281,0.928000,279.513025
505,0.016199,0.514680,0.930000,279.730073
506,0.015242,0.557400,0.927800,279.645233
507,0.015819,0.492953,0.928800,279.554312
508,0.014880,0.516011,0.928000,279.568504
509,0.014053,0.540263,0.930800,279.558860
510,0.014951,0.499201,0.930400,279.643633
511,0.014669,0.561748,0.928400,279.550662
512,0.013975,0.561379,0.924800,279.622548
513,0.014927,0.543905,0.927000,279.678996
514,0.013135,0.545116,0.928200,279.562005
515,0.013414,0.492379,0.931400,279.628351
516,0.013444,0.492849,0.931000,279.594230
517,0.013180,0.492307,0.931000,279.567576
518,0.013270,0.498347,0.931000,279.652221
519,0.015797,0.542789,0.928000,279.575774
520,0.014301,0.582689,0.926400,279.564601
521,0.013608,0.519580,0.931200,279.621987
522,0.014055,0.511503,0.928000,279.656226
523,0.013712,0.503218,0.930000,279.529355
524,0.013492,0.570437,0.927600,279.548982
525,0.012748,0.499907,0.931800,279.567952
526,0.013763,0.569553,0.927400,279.588172
527,0.014422,0.527353,0.929000,279.629121
528,0.012940,0.496600,0.929800,279.621244
529,0.012036,0.494047,0.931800,279.538589
530,0.012181,0.492620,0.931600,279.576366
531,0.011823,0.517249,0.931000,279.615509
532,0.012022,0.506590,0.931200,279.485489
533,0.012230,0.485264,0.929800,279.572947
534,0.013478,0.532270,0.931000,279.662521
535,0.012569,0.511311,0.931600,279.532253
536,0.011655,0.535109,0.928000,279.668932
537,0.012770,0.539785,0.931000,279.577335
538,0.012241,0.512653,0.930200,279.547374
539,0.011978,0.544538,0.929600,279.617158
540,0.012388,0.515970,0.930800,279.574463
541,0.012170,0.529210,0.930600,279.722044
542,0.010662,0.539385,0.929200,279.796908
543,0.011999,0.535194,0.931200,279.548882
544,0.013117,0.556680,0.929600,279.838944
545,0.012198,0.523852,0.930400,279.606849
546,0.012248,0.523113,0.929800,279.540371
547,0.012223,0.519616,0.930800,279.519053
548,0.010925,0.545015,0.929400,279.574618
549,0.013027,0.530435,0.932000,279.654694
550,0.013376,0.538521,0.929200,279.640897
551,0.011948,0.525562,0.933000,279.512428
552,0.011983,0.517543,0.930000,279.596437
553,0.011409,0.524778,0.929000,279.617114
554,0.011843,0.520240,0.930400,279.500050
555,0.011528,0.505362,0.931800,279.542714
556,0.012583,0.519866,0.930200,279.578563
557,0.011441,0.530877,0.929200,279.589077
558,0.011735,0.557578,0.927000,279.665085
559,0.011938,0.564479,0.928200,279.577122
560,0.011114,0.522198,0.931600,279.689789
561,0.011908,0.546217,0.930400,279.615062
562,0.013161,0.560043,0.929600,279.646189
563,0.011339,0.533920,0.929000,279.664754
564,0.011566,0.533854,0.929800,279.623616
565,0.011081,0.552445,0.929200,279.586881
566,0.011323,0.505019,0.930000,279.602709
567,0.011110,0.533582,0.930400,279.580640
568,0.011842,0.571578,0.929800,279.674556
569,0.011160,0.508170,0.932600,279.664254
570,0.010358,0.536330,0.931000,279.559160
571,0.011524,0.533390,0.929600,279.610141
572,0.011102,0.519404,0.929200,279.683901
573,0.013141,0.483757,0.930600,279.615910
574,0.011746,0.548056,0.930200,279.565816
575,0.011215,0.523775,0.929800,279.579979
576,0.011031,0.500140,0.930600,279.670538
577,0.011604,0.557313,0.929400,279.622702
578,0.011746,0.481462,0.930000,279.609025
579,0.012098,0.501784,0.930000,279.650398
580,0.010312,0.491336,0.930400,279.593369
581,0.012149,0.532344,0.930000,279.966096
582,0.011598,0.526717,0.928400,279.622041
583,0.011240,0.530018,0.929400,279.648901
584,0.012644,0.545399,0.930000,279.618929
585,0.010580,0.523635,0.932200,279.576764
586,0.009727,0.518969,0.930200,279.661394
587,0.012105,0.531607,0.931000,279.634440
588,0.010451,0.503179,0.931200,279.556585
589,0.012626,0.556190,0.930200,279.477224
590,0.011131,0.535720,0.932000,279.564642
591,0.009833,0.517799,0.931000,279.521009
592,0.011387,0.525408,0.930800,279.572969
593,0.011567,0.521747,0.932200,279.663956
594,0.010410,0.536792,0.931400,279.586884
595,0.010072,0.511898,0.932400,279.587704
596,0.010764,0.528238,0.933200,279.618689
597,0.010716,0.526657,0.932200,279.659244
598,0.011186,0.493128,0.933000,279.744738
599,0.012761,0.520014,0.932600,279.769432
600,0.010580,0.505675,0.932200,279.683743
601,0.011012,0.505449,0.932200,279.621735
602,0.010364,0.518037,0.931200,279.531490
603,0.009790,0.517757,0.932400,279.620739
604,0.011772,0.513037,0.931800,279.755375
605,0.012022,0.515173,0.931800,279.578301
606,0.010768,0.533938,0.930400,279.586498
607,0.010981,0.560862,0.927600,279.562691
608,0.009565,0.548170,0.930800,279.600911
609,0.011007,0.494827,0.930600,279.511936
610,0.011367,0.556412,0.930200,279.627331
611,0.010301,0.520963,0.931000,279.572390
612,0.011146,0.542192,0.928600,279.575638
613,0.010356,0.553875,0.930400,279.601327
614,0.010938,0.577794,0.931600,279.747219
615,0.011388,0.521177,0.931600,279.508505
616,0.010715,0.495085,0.931600,279.603260
617,0.009334,0.506752,0.933600,279.688248
618,0.011517,0.503427,0.930200,279.601671
619,0.010220,0.539375,0.929800,279.645939
620,0.009775,0.562667,0.931200,279.572501
621,0.011021,0.530088,0.931800,280.027707
622,0.009420,0.538381,0.930600,279.700266
623,0.010784,0.527707,0.930000,279.561515
624,0.010604,0.525595,0.931000,279.581077
625,0.009789,0.543830,0.930800,279.563008
626,0.010548,0.549006,0.930400,279.696342
627,0.011936,0.550643,0.931800,279.633426
628,0.010101,0.536087,0.931000,279.506921
629,0.010712,0.569376,0.927600,279.497056
630,0.010678,0.508495,0.932200,279.640276
631,0.009784,0.584942,0.930800,279.697418
632,0.010448,0.534643,0.930600,279.553352
633,0.009864,0.549128,0.929600,279.607992
634,0.010978,0.568698,0.928600,279.625156
635,0.011241,0.521000,0.931200,279.601739
636,0.010105,0.550065,0.931600,279.530609
637,0.009567,0.504256,0.930400,279.585607
638,0.010699,0.501513,0.932200,279.565767
639,0.012486,0.542245,0.930600,279.658059
640,0.010409,0.499013,0.930200,279.617731
641,0.010171,0.551824,0.930600,279.618320
642,0.010023,0.501951,0.932000,279.770054
643,0.011010,0.512444,0.932200,279.554661
644,0.010166,0.539738,0.930000,279.923249
645,0.010382,0.570616,0.930600,280.331106
646,0.010019,0.517596,0.930400,280.172010
647,0.011058,0.496187,0.931200,279.995057
648,0.009363,0.547493,0.931800,279.682727
649,0.010833,0.572131,0.928400,279.490407
650,0.009841,0.524305,0.929400,279.674339
651,0.010629,0.575598,0.930200,279.673408
652,0.010122,0.538156,0.930000,279.601948
653,0.009885,0.549944,0.932000,279.627966
654,0.010074,0.498746,0.931400,279.623095
655,0.010818,0.564936,0.930000,279.653226
656,0.009680,0.522044,0.930000,279.605289
657,0.009922,0.560082,0.929600,279.578668
658,0.009289,0.523784,0.931400,279.580551
659,0.008899,0.503879,0.932000,279.650154
660,0.010709,0.521589,0.932000,279.543878
661,0.010761,0.579823,0.930200,279.601292
662,0.010272,0.611552,0.929000,279.675791
663,0.009785,0.550057,0.929600,279.599197
664,0.009332,0.567680,0.931800,279.756130
665,0.010340,0.509858,0.930800,279.605004
666,0.008392,0.499449,0.931200,279.561485
667,0.009887,0.543262,0.932600,279.801491
668,0.010982,0.527812,0.931200,279.615729
669,0.009823,0.545478,0.931400,279.810587
670,0.009323,0.589540,0.928600,279.613079
671,0.008865,0.545065,0.930600,279.678101
672,0.010680,0.525282,0.929200,279.561789
673,0.009066,0.527109,0.928000,279.522586
674,0.009849,0.516650,0.934400,279.623382
675,0.009516,0.533839,0.931800,279.574718
676,0.009119,0.532294,0.933800,279.650894
677,0.009909,0.496037,0.930000,279.612477
678,0.009733,0.489713,0.930800,279.550729
679,0.009526,0.495527,0.930200,279.591627
680,0.008762,0.522330,0.930200,279.666961
681,0.009612,0.511371,0.931000,279.631004
682,0.010699,0.503917,0.930600,279.651607
683,0.010417,0.501000,0.931200,279.673182
684,0.010135,0.516304,0.931000,279.611914
685,0.010733,0.516693,0.929000,279.675412
686,0.009831,0.568563,0.928400,279.626641
687,0.009770,0.483685,0.932000,279.573990
688,0.010313,0.498849,0.931400,279.612583
689,0.008995,0.539223,0.933000,279.666478
690,0.009644,0.531612,0.931000,279.628342
691,0.010449,0.515595,0.932800,279.614925
692,0.011040,0.561475,0.930600,279.558644
693,0.010957,0.496038,0.930800,279.700844
694,0.009255,0.541244,0.930200,279.645271
695,0.010057,0.531906,0.933600,279.612514
696,0.008830,0.512295,0.931800,279.660675
697,0.009862,0.543162,0.928000,279.547098
698,0.009381,0.540326,0.929000,279.577504
699,0.009957,0.529047,0.929800,279.593992
700,0.009071,0.538062,0.930000,279.593657
701,0.009360,0.590766,0.931800,279.678980
702,0.009367,0.546040,0.930200,279.657663
703,0.009354,0.538928,0.930800,279.684875
704,0.009502,0.533507,0.929600,279.671455
705,0.010099,0.521396,0.932200,279.728420
706,0.009904,0.575727,0.929000,279.763295
707,0.008698,0.515646,0.932200,279.682332
708,0.010722,0.541328,0.929600,279.689512
709,0.008723,0.551533,0.930600,279.628994
710,0.009683,0.551649,0.932000,279.567241
711,0.009402,0.514088,0.930200,279.588648
712,0.009702,0.553228,0.931000,279.586331
713,0.009352,0.568623,0.932400,279.641900
714,0.010574,0.512942,0.932000,279.643302
715,0.008989,0.519586,0.931600,279.521953
716,0.009916,0.527102,0.932200,279.650385
717,0.009912,0.581419,0.930600,279.720914
718,0.011259,0.517245,0.931400,279.647736
719,0.009373,0.555688,0.932600,279.654807
720,0.008911,0.562011,0.930200,279.746005
721,0.010156,0.525611,0.933400,279.769428
722,0.010328,0.557346,0.929200,279.723871
723,0.008597,0.520739,0.930200,279.742524
724,0.008598,0.573997,0.928200,279.892976
725,0.008766,0.521547,0.930000,279.675039
726,0.009933,0.560520,0.930000,279.864946
727,0.009316,0.523174,0.930600,279.677868
728,0.008585,0.561021,0.928600,279.557769
729,0.008682,0.543813,0.930000,279.540258
730,0.009858,0.552759,0.928600,279.533566
731,0.009971,0.545001,0.930600,279.694562
732,0.009000,0.548868,0.932200,279.644552
733,0.008512,0.510389,0.932600,279.775450
734,0.010018,0.553968,0.930000,279.651559
735,0.010959,0.540335,0.932400,279.542092
736,0.009055,0.537992,0.929800,279.506394
737,0.008548,0.548566,0.930400,279.564072
738,0.010779,0.542355,0.929600,279.534468
739,0.008841,0.545753,0.932600,279.613765
740,0.009590,0.515207,0.930600,279.572801
741,0.009332,0.529651,0.931000,279.649739
742,0.010114,0.526087,0.928400,279.572047
743,0.010996,0.511441,0.931200,279.579638
744,0.008749,0.546441,0.930800,279.633926
745,0.009857,0.567571,0.930600,279.557720
746,0.009217,0.555056,0.930200,279.540951
747,0.010258,0.534637,0.931000,279.642647
748,0.009592,0.541019,0.931400,279.579084
749,0.010887,0.542957,0.931400,279.586324
750,0.008857,0.562100,0.929000,279.619682
751,0.008985,0.537224,0.932000,279.811168
752,0.009497,0.589240,0.929600,279.694724
753,0.009439,0.543698,0.931200,279.693864
754,0.009225,0.563427,0.930400,279.575159
755,0.009785,0.527659,0.929200,279.590447
756,0.008802,0.572499,0.928600,279.611126
757,0.009645,0.582345,0.929400,279.667250
758,0.010158,0.537975,0.929800,280.159266
759,0.009042,0.542004,0.931400,280.158512
760,0.008826,0.530476,0.929600,280.248657
761,0.008345,0.531678,0.931400,280.138305
762,0.010320,0.595490,0.930800,280.272514
763,0.008999,0.521751,0.929800,279.956331
764,0.009700,0.550528,0.931000,280.239097
765,0.011090,0.581011,0.929400,280.263941
766,0.009522,0.542765,0.930200,280.385593
767,0.008944,0.538491,0.931600,280.241760
768,0.008883,0.518907,0.929400,279.920456
769,0.009872,0.546637,0.930200,279.619844
770,0.009856,0.543270,0.932000,279.805144
771,0.008992,0.518303,0.930800,279.651255
772,0.008843,0.576942,0.929400,279.700546
773,0.009536,0.536797,0.931400,280.240316
774,0.008638,0.577946,0.928800,280.246352
775,0.009639,0.562318,0.928600,280.304918
776,0.009269,0.531323,0.930000,280.385838
777,0.010055,0.569492,0.929000,280.016093
778,0.008427,0.526583,0.931600,279.771191
779,0.008756,0.547572,0.930400,279.604791
780,0.009839,0.581743,0.931600,279.716709
781,0.009809,0.583040,0.931400,279.762746
782,0.008603,0.549820,0.931400,279.758658
783,0.009879,0.506921,0.931400,279.684559
784,0.010058,0.582545,0.931200,279.622958
785,0.008629,0.563014,0.930800,279.573603
786,0.010090,0.542870,0.931000,279.745966
787,0.008817,0.578470,0.929400,279.727715
788,0.008148,0.559394,0.930800,279.679661
789,0.010249,0.544843,0.929800,279.597463
790,0.008326,0.551460,0.931000,279.670479
791,0.009521,0.516233,0.930600,279.708380
792,0.010346,0.574962,0.929800,279.581879
793,0.008722,0.537490,0.929800,279.623493
794,0.008656,0.538122,0.932800,280.250453
795,0.008928,0.520698,0.930000,279.713344
796,0.008872,0.541801,0.930400,279.613309
797,0.009486,0.578960,0.929800,279.561426
798,0.008955,0.532862,0.930800,279.784642
799,0.010178,0.519398,0.930800,279.756536
800,0.008335,0.562167,0.929000,279.896699
801,0.008508,0.532030,0.931200,279.632854
802,0.008207,0.554816,0.930400,279.584109
803,0.009773,0.515184,0.930400,279.623695
804,0.008301,0.553675,0.929800,279.670864
805,0.008739,0.540519,0.930600,279.790551
806,0.008262,0.523182,0.931600,279.710868
807,0.008211,0.579645,0.928600,279.616889
808,0.008971,0.563761,0.930400,279.702163
809,0.008735,0.521680,0.931400,279.616947
810,0.009485,0.550154,0.929600,279.774369
811,0.008139,0.545812,0.930600,279.688387
812,0.009584,0.511919,0.930400,279.634051
813,0.008210,0.568760,0.929000,279.779566
814,0.008790,0.534744,0.929200,279.698267
815,0.009143,0.575764,0.930000,279.639060
816,0.008394,0.578789,0.931200,279.593325
817,0.009093,0.549622,0.931200,279.504110
818,0.010880,0.566544,0.929200,279.584755
819,0.009243,0.569061,0.930200,279.757637
820,0.009114,0.551598,0.930600,280.022926
821,0.009591,0.611326,0.930800,279.662208
822,0.008935,0.555194,0.930600,279.581224
823,0.008828,0.525349,0.930800,279.589431
824,0.010073,0.549188,0.929600,280.047399
825,0.009606,0.579883,0.929600,279.603137
826,0.010312,0.565280,0.929600,279.970256
827,0.008673,0.534714,0.931000,280.582620
828,0.008103,0.611371,0.932200,280.448685
829,0.009085,0.549778,0.931200,280.428754
830,0.008806,0.551525,0.931000,280.320075
831,0.008495,0.559510,0.928800,280.613206
832,0.009565,0.541586,0.930600,280.225662
833,0.009291,0.480046,0.929600,279.831283
834,0.008659,0.559445,0.931200,279.676481
835,0.008577,0.568276,0.930600,280.142621
836,0.009594,0.553261,0.930600,279.787903
837,0.008920,0.523949,0.930400,279.946912
838,0.008209,0.519314,0.930200,279.780351
839,0.009328,0.576567,0.931600,279.746790
840,0.008991,0.547353,0.929800,279.808182
841,0.008012,0.506745,0.929600,280.321773
842,0.009012,0.531723,0.930600,279.888093
843,0.008469,0.537288,0.931400,279.910240
844,0.007815,0.510800,0.932200,280.122283
845,0.008417,0.535837,0.929400,280.114758
846,0.009284,0.488635,0.932000,280.070687
847,0.008718,0.585186,0.929000,280.153848
848,0.009059,0.542728,0.931200,280.085746
849,0.009081,0.550143,0.933000,280.371337
850,0.009830,0.599006,0.929400,280.072110
851,0.008979,0.541133,0.928200,279.796010
852,0.008759,0.533765,0.932000,280.184256
853,0.009386,0.526085,0.930000,279.932806
854,0.007668,0.591939,0.929800,280.308067
855,0.008858,0.575545,0.929600,280.541715
856,0.008603,0.587770,0.929400,280.068716
857,0.009165,0.549963,0.927400,280.251811
858,0.010489,0.557054,0.931400,280.419899
859,0.007467,0.542971,0.932400,280.610881
860,0.009537,0.506119,0.932600,279.832224
861,0.008829,0.544817,0.929800,280.551487
862,0.009701,0.540285,0.931200,279.728511
863,0.011297,0.534770,0.930000,280.643899
864,0.008491,0.509404,0.929600,280.046527
865,0.008628,0.523344,0.932000,280.211946
866,0.008811,0.557972,0.929600,279.809861
867,0.008026,0.560321,0.928200,279.890427
868,0.008388,0.527167,0.929200,279.809455
869,0.008452,0.534206,0.929600,279.571191
870,0.008725,0.554935,0.929200,279.637099
871,0.008969,0.539200,0.930000,279.674627
872,0.009772,0.636613,0.929000,279.423211
873,0.009562,0.552527,0.929600,279.748638
874,0.007759,0.577392,0.930000,279.660736
875,0.008779,0.528726,0.928000,279.745402
876,0.009044,0.542389,0.931800,279.820764
877,0.008703,0.574598,0.929200,279.791492
878,0.009684,0.560433,0.929800,279.848834
879,0.010224,0.537827,0.932000,279.859326
880,0.008038,0.542287,0.933400,279.893667
881,0.009072,0.551411,0.929400,279.513901
882,0.009913,0.544785,0.931600,279.442047
883,0.008037,0.530342,0.929200,279.500390
884,0.008670,0.551498,0.931600,279.442750
885,0.009195,0.622739,0.929000,279.510382
886,0.008446,0.531787,0.930800,279.846136
887,0.010190,0.547825,0.932800,279.449424
888,0.008177,0.539890,0.931800,279.443769
889,0.009036,0.535005,0.931400,279.492956
890,0.008529,0.573820,0.931200,279.711593
891,0.008405,0.617480,0.930400,279.502628
892,0.008730,0.540892,0.930000,279.544518
893,0.008436,0.575523,0.931600,279.494131
894,0.008165,0.573494,0.933000,279.424098
895,0.008504,0.585287,0.930200,279.671322
896,0.008452,0.506756,0.931800,279.475112
897,0.008092,0.612327,0.929800,279.548896
898,0.009147,0.570871,0.930000,279.469597
899,0.010165,0.684142,0.923600,279.488203
900,0.008699,0.507639,0.932200,279.511568
901,0.008834,0.562245,0.932400,279.478374
902,0.008073,0.510002,0.932400,279.619430
903,0.009927,0.542971,0.931000,279.638109
904,0.008553,0.569384,0.930800,279.633089
905,0.010751,0.587067,0.930800,279.435342
906,0.008667,0.552825,0.932000,279.510040
907,0.009073,0.571487,0.931600,279.764346
908,0.008582,0.623610,0.928200,279.572997
909,0.009984,0.568097,0.931600,279.814969
910,0.008743,0.554613,0.931000,279.565258
911,0.008777,0.561982,0.930600,279.799143
912,0.007282,0.554171,0.931400,279.413257
913,0.011015,0.584971,0.927800,279.478935
914,0.009017,0.538960,0.932200,279.459156
915,0.007828,0.609966,0.931200,279.477415
916,0.009149,0.595282,0.927600,279.713368
917,0.007453,0.599774,0.930600,279.421749
918,0.008536,0.590476,0.931000,279.794651
919,0.008409,0.598327,0.929600,279.791964
920,0.008631,0.569746,0.931200,279.518485
921,0.007558,0.530934,0.930200,279.580378
922,0.008318,0.582918,0.929000,279.992566
923,0.008079,0.574735,0.931400,279.656487
924,0.007295,0.558913,0.930600,279.518239
925,0.010405,0.576838,0.931800,279.518853
926,0.009005,0.569380,0.930400,279.563554
927,0.008446,0.552165,0.931000,279.572836
928,0.008044,0.539616,0.931800,279.493597
929,0.008372,0.600162,0.931200,279.952614
930,0.008052,0.579722,0.928800,279.565992
931,0.010599,0.542340,0.931000,279.551068
932,0.008407,0.579068,0.929200,280.069180
933,0.009443,0.600490,0.928200,279.914791
934,0.008308,0.555239,0.930600,279.533840
935,0.008227,0.562399,0.929200,279.584249
936,0.009207,0.575940,0.931000,279.471340
937,0.008632,0.546141,0.932200,279.848975
938,0.008139,0.535613,0.930400,279.717066
939,0.008032,0.553073,0.931000,280.018967
940,0.008765,0.578928,0.931000,279.515824
941,0.008647,0.528835,0.929400,279.498609
942,0.007609,0.557529,0.930600,279.391424
943,0.009031,0.589882,0.930600,279.463224
944,0.009098,0.568522,0.931000,279.454670
945,0.008115,0.534037,0.931600,279.378385
946,0.009629,0.553876,0.931800,279.490324
947,0.008921,0.568697,0.931200,279.755356
948,0.008389,0.570158,0.931800,279.394157
949,0.009204,0.602780,0.930200,279.421328
950,0.008333,0.554451,0.931600,279.395990
951,0.008733,0.559468,0.930200,279.402997
952,0.008251,0.529816,0.930400,279.496780
953,0.009370,0.510154,0.930800,279.359851
954,0.008548,0.536254,0.932600,279.879686
955,0.010059,0.622568,0.931600,279.797293
956,0.008349,0.575907,0.930800,280.483416
957,0.008202,0.558038,0.931000,280.183871
958,0.008351,0.524465,0.930600,280.250435
959,0.009011,0.540391,0.931800,279.931299
960,0.010403,0.568934,0.931600,280.016238
961,0.007720,0.539659,0.932200,280.314039
962,0.007613,0.589851,0.932000,279.825573
963,0.009583,0.557056,0.931200,279.697760
964,0.007725,0.577001,0.931000,279.795646
965,0.008936,0.573141,0.931400,279.514255
966,0.007770,0.544037,0.932600,279.551425
967,0.007967,0.525085,0.931800,279.740836
968,0.007713,0.604566,0.933400,279.552876
969,0.008318,0.568378,0.932000,279.363572
970,0.008744,0.525423,0.930200,279.600607
971,0.008822,0.620128,0.931400,279.543903
972,0.009019,0.594806,0.930000,279.473505
973,0.008192,0.535240,0.931400,279.367203
974,0.009241,0.577413,0.929200,279.750822
975,0.008352,0.556010,0.930200,279.707317
976,0.008471,0.573939,0.930600,279.700901
977,0.008448,0.544678,0.930400,279.764079
978,0.007411,0.579157,0.931200,279.348942
979,0.007395,0.553967,0.931000,279.415243
980,0.008229,0.545558,0.933200,279.831226
981,0.008448,0.552811,0.932600,279.788864
982,0.009438,0.517973,0.931800,279.900545
983,0.008070,0.561541,0.930400,280.107850
984,0.008443,0.596959,0.929800,279.881503
985,0.008199,0.542775,0.931400,280.166018
986,0.008562,0.565374,0.931800,279.857769
987,0.008309,0.509498,0.931200,279.743342
988,0.008812,0.583155,0.930200,279.842768
989,0.007907,0.592731,0.930000,279.954513
990,0.008237,0.542208,0.932400,279.763027
991,0.008900,0.626198,0.930000,280.231562
992,0.008245,0.567594,0.931400,279.941522
993,0.008609,0.544391,0.930400,279.807474
994,0.008584,0.578257,0.931000,280.043764
995,0.008593,0.576460,0.929800,280.015270
996,0.008576,0.583391,0.930800,279.977530
997,0.008524,0.546850,0.932400,279.993889
998,0.008861,0.662680,0.929800,279.322079
999,0.008759,0.631129,0.925800,279.642066
1000,0.008898,0.575467,0.931600,279.678431
