epoch,train_loss,avg_valid_loss,valid_accuracy,time
1,2.504139,2.235376,0.214000,461.132665
2,1.890374,1.792666,0.348200,458.585031
3,1.726128,1.726313,0.367800,459.784440
4,1.576442,1.535925,0.451000,463.146817
5,1.440132,1.432543,0.487000,458.542743
6,1.334534,1.419853,0.511000,460.795007
7,1.245937,1.291823,0.556000,463.484863
8,1.163577,1.125400,0.617600,458.690196
9,1.079230,1.183871,0.601200,459.619516
10,1.003351,0.984255,0.666200,458.233918
11,0.926263,0.952625,0.691400,459.256283
12,0.864327,0.852157,0.720400,459.480617
13,0.811422,0.922219,0.701200,458.899645
14,0.763348,0.819318,0.734200,458.484193
15,0.720775,0.708823,0.770600,458.136638
16,0.683895,0.749112,0.759400,459.538589
17,0.655693,0.658556,0.781400,458.432818
18,0.627615,0.641467,0.785200,457.755976
19,0.600212,0.679438,0.784000,460.515958
20,0.579409,0.620572,0.791400,460.407835
21,0.560936,0.579950,0.810800,459.602365
22,0.544886,0.632350,0.802200,458.323740
23,0.529180,0.607886,0.805600,461.258323
24,0.514295,0.566898,0.814800,459.020962
25,0.496895,0.616858,0.807800,459.710147
26,0.486396,0.558313,0.822800,460.762255
27,0.472641,0.560268,0.818800,458.135314
28,0.464525,0.517181,0.836800,459.398274
29,0.450818,0.534384,0.833800,458.957374
30,0.440011,0.559891,0.815600,460.340778
31,0.430832,0.526091,0.835200,465.979926
32,0.420629,0.539350,0.833400,460.073687
33,0.412805,0.508369,0.838000,460.982109
34,0.400082,0.486550,0.847400,458.725254
35,0.388499,0.521623,0.836200,458.695291
36,0.382777,0.543456,0.832200,458.226254
37,0.376483,0.534314,0.837600,462.810874
38,0.369110,0.465813,0.852600,459.297777
39,0.360095,0.509003,0.845800,462.754382
40,0.356307,0.487327,0.849800,460.339356
41,0.347357,0.467079,0.854400,461.807891
42,0.340853,0.475327,0.859200,459.836524
43,0.333600,0.493912,0.848400,458.707039
44,0.326312,0.489553,0.852000,459.839008
45,0.323853,0.473556,0.857200,463.429768
46,0.317563,0.466967,0.855800,459.259710
47,0.313445,0.456107,0.861600,459.418517
48,0.306503,0.486732,0.852800,460.982842
49,0.301597,0.481712,0.857200,458.338968
50,0.298331,0.519363,0.847000,460.443329
51,0.291508,0.456259,0.864400,461.381870
52,0.285464,0.511383,0.850200,459.061955
53,0.284546,0.446157,0.855800,458.951317
54,0.278455,0.442904,0.870200,457.719740
55,0.274380,0.486188,0.863200,459.575997
56,0.274097,0.435876,0.872400,458.720251
57,0.265807,0.568218,0.847200,459.542904
58,0.264599,0.458350,0.862400,460.248808
59,0.257241,0.484891,0.868600,458.536860
60,0.256941,0.474036,0.870800,459.790411
61,0.255768,0.471067,0.864600,461.560311
62,0.252697,0.486728,0.861600,460.304594
63,0.246235,0.484084,0.868400,459.290574
64,0.243777,0.438029,0.872600,459.639227
65,0.242654,0.490962,0.868800,462.947395
66,0.240308,0.442996,0.875800,460.599770
67,0.233809,0.461307,0.870800,461.671513
68,0.233960,0.440706,0.868800,463.714316
69,0.228395,0.493071,0.861200,459.688179
70,0.226729,0.549623,0.857600,457.494607
71,0.225962,0.475855,0.866000,459.461090
72,0.219901,0.477961,0.870600,460.675089
73,0.221809,0.546872,0.852200,462.539292
74,0.215565,0.460643,0.877600,459.730229
75,0.212032,0.493804,0.872400,460.062064
76,0.211231,0.520409,0.867400,460.309314
77,0.205995,0.472776,0.877600,462.398296
78,0.205077,0.444698,0.877200,459.393811
79,0.205558,0.498572,0.870600,458.173963
80,0.201436,0.486880,0.875200,459.417669
81,0.200482,0.495816,0.874000,458.573713
82,0.199869,0.490542,0.871600,460.868235
83,0.196652,0.485229,0.869000,458.805786
84,0.193793,0.551353,0.861800,461.051944
85,0.188017,0.470685,0.878800,461.587511
86,0.192503,0.477990,0.874200,460.873226
87,0.190082,0.479220,0.871800,460.411960
88,0.184542,0.492584,0.875200,459.758643
89,0.181603,0.501693,0.872800,458.566975
90,0.180030,0.550275,0.865800,458.105117
91,0.179889,0.513390,0.867000,463.287598
92,0.180161,0.487884,0.880600,469.063623
93,0.177491,0.533974,0.869600,460.304423
94,0.173174,0.489202,0.881200,459.787917
95,0.173292,0.510874,0.878400,460.066872
96,0.171699,0.466032,0.882600,461.752853
97,0.167936,0.492424,0.873800,458.544972
98,0.165703,0.475970,0.877000,462.703219
99,0.166667,0.507578,0.875200,460.804429
100,0.162092,0.467929,0.881400,458.349842
101,0.159590,0.498556,0.876000,458.133431
102,0.162842,0.488417,0.880000,458.511672
103,0.159808,0.509712,0.877200,459.536009
104,0.158317,0.505662,0.870400,461.075380
105,0.159985,0.568857,0.865200,459.240336
106,0.156190,0.479977,0.877000,459.081413
107,0.155107,0.494019,0.880000,460.847588
108,0.153696,0.567507,0.872600,458.865740
109,0.152796,0.475426,0.881400,460.561192
110,0.151693,0.582595,0.872200,459.594245
111,0.155581,0.499663,0.877000,460.008208
112,0.147374,0.438538,0.887200,459.116082
113,0.144812,0.481485,0.878800,460.043871
114,0.144713,0.523386,0.877800,464.152681
115,0.145239,0.513183,0.885800,459.596520
116,0.143082,0.474549,0.881800,459.487622
117,0.142756,0.498479,0.877600,459.296163
118,0.142393,0.514307,0.883000,458.285239
119,0.139090,0.495896,0.881200,460.528800
120,0.140688,0.497201,0.879400,458.808185
121,0.135518,0.551796,0.864200,458.562244
122,0.137862,0.535797,0.877800,460.497358
123,0.137801,0.528298,0.874000,463.630785
124,0.136802,0.471868,0.889800,460.231423
125,0.136550,0.514102,0.881000,459.121531
126,0.135696,0.476929,0.885400,459.703900
127,0.130901,0.463949,0.890400,458.931578
128,0.129315,0.522935,0.881200,460.771234
129,0.130039,0.481514,0.888000,460.071191
130,0.129786,0.584810,0.870000,459.898536
131,0.128694,0.494233,0.886200,460.932054
132,0.128485,0.536534,0.875200,460.015220
133,0.128006,0.479932,0.884400,459.565694
134,0.124012,0.515285,0.880800,458.681673
135,0.122717,0.507728,0.883600,458.653080
136,0.127483,0.518221,0.883600,458.672615
137,0.122516,0.525291,0.881400,460.170731
138,0.122560,0.546101,0.878600,458.282268
139,0.121064,0.582307,0.875600,458.328916
140,0.116341,0.553876,0.872400,458.673219
141,0.115999,0.495226,0.888600,460.483938
142,0.116362,0.488527,0.894800,460.354371
143,0.116378,0.516745,0.880800,458.403613
144,0.115689,0.541667,0.881000,458.420803
145,0.115958,0.551536,0.876200,459.667433
146,0.114163,0.533892,0.884600,461.336247
147,0.115024,0.564743,0.879800,462.488759
148,0.115713,0.512383,0.883800,459.648092
149,0.113947,0.554230,0.877000,459.238435
150,0.112923,0.516024,0.885400,463.690882
151,0.111022,0.513838,0.881400,459.713806
152,0.110146,0.505738,0.890200,460.680981
153,0.111485,0.553020,0.878000,460.338642
154,0.107825,0.521033,0.880000,462.420981
155,0.110223,0.507116,0.886600,459.344991
156,0.107953,0.541804,0.885400,459.635175
157,0.105035,0.608225,0.866600,460.063406
158,0.108602,0.530423,0.880400,458.153486
159,0.105979,0.528775,0.889400,459.482413
160,0.103490,0.551728,0.882200,462.204106
161,0.103978,0.524838,0.881200,459.084708
162,0.103655,0.527704,0.887400,458.544275
163,0.102499,0.578847,0.879400,458.995425
164,0.101054,0.509379,0.883800,460.521051
165,0.101588,0.516762,0.885200,459.586677
166,0.099946,0.619295,0.869800,464.810210
