epoch,train_loss,avg_valid_loss,valid_accuracy,time
1,2.281677,1.640715,0.401000,268.342205
2,1.569405,1.523966,0.457000,266.761833
3,1.371624,1.390774,0.511400,266.819771
4,1.197016,1.278748,0.554600,266.785711
5,1.049003,1.007722,0.646400,266.745879
6,0.919182,1.144192,0.626800,266.785709
7,0.824062,0.835774,0.710000,266.758997
8,0.738580,0.804152,0.735600,266.754045
9,0.668556,0.809070,0.732400,266.752418
10,0.612801,0.733647,0.753200,266.817239
11,0.563296,0.665978,0.780800,266.773134
12,0.521172,0.579964,0.810600,266.769403
13,0.487490,0.657669,0.788000,266.758955
14,0.459405,0.541930,0.824400,266.835227
15,0.425810,0.571439,0.812200,266.915189
16,0.397717,0.549333,0.827600,266.901223
17,0.379156,0.541803,0.825800,266.960130
18,0.357211,0.482800,0.845200,266.899383
19,0.334743,0.539875,0.835600,266.920812
20,0.318058,0.597281,0.823000,266.835225
21,0.302755,0.518796,0.846800,266.919047
22,0.282065,0.552600,0.840800,266.890206
23,0.269513,0.520921,0.848600,266.910312
24,0.254128,0.490113,0.851200,266.928540
25,0.240815,0.513940,0.859200,266.879020
26,0.226406,0.550702,0.854400,266.921442
27,0.215082,0.525888,0.852800,266.953065
28,0.203467,0.534353,0.862000,266.971649
29,0.195548,0.485000,0.872000,267.043125
30,0.181806,0.537708,0.861200,266.987116
31,0.172184,0.472828,0.870600,266.964146
32,0.164501,0.568600,0.858400,266.997024
33,0.157520,0.497832,0.877600,266.959870
34,0.147109,0.513800,0.871800,266.953353
35,0.140973,0.524963,0.873400,267.047237
36,0.132301,0.547044,0.868200,267.041266
37,0.130248,0.522205,0.874000,267.058329
38,0.121048,0.581713,0.865200,267.021664
39,0.114350,0.627164,0.856000,267.005698
40,0.109232,0.558096,0.873400,267.004614
41,0.107743,0.622015,0.864600,267.018881
42,0.108360,0.568379,0.874200,266.991100
43,0.093442,0.560156,0.872200,266.988063
44,0.090674,0.542867,0.877200,267.021662
45,0.086526,0.576972,0.878800,267.017311
46,0.081326,0.629528,0.875600,267.011523
47,0.080441,0.668307,0.872000,267.015690
48,0.078208,0.590138,0.879400,267.011030
49,0.071512,0.656846,0.871200,267.037015
50,0.074609,0.656794,0.873000,267.013914
51,0.071125,0.638805,0.875200,267.008087
52,0.067802,0.634697,0.876400,267.002766
53,0.065563,0.611781,0.880400,266.970302
54,0.057965,0.608337,0.883800,266.945629
55,0.060728,0.601890,0.880000,266.987425
56,0.057682,0.643029,0.881600,266.999742
57,0.052141,0.634105,0.873600,266.987031
58,0.054392,0.704832,0.870600,266.979956
59,0.057543,0.631646,0.881400,266.969775
60,0.049869,0.637167,0.878600,267.011674
61,0.044585,0.648741,0.881200,266.969124
62,0.043132,0.640427,0.882000,266.982997
63,0.047093,0.643696,0.880600,266.973081
64,0.041138,0.581092,0.883600,266.965714
65,0.041824,0.667180,0.882400,267.018199
66,0.039185,0.693941,0.879400,266.991732
67,0.043913,0.701934,0.882200,266.980661
68,0.039157,0.739324,0.881000,266.943877
69,0.038692,0.679999,0.883600,267.016075
70,0.035549,0.710394,0.881600,266.974263
71,0.031640,0.667337,0.881600,266.956036
72,0.035752,0.679640,0.882800,267.000456
73,0.032913,0.718202,0.881000,266.994321
74,0.037548,0.607420,0.887200,267.009787
75,0.033013,0.688472,0.884800,267.030201
76,0.034128,0.743351,0.874600,267.085872
77,0.035553,0.613043,0.888200,267.058586
78,0.030174,0.622797,0.889200,267.013596
79,0.027940,0.739441,0.878800,267.030661
80,0.029737,0.660034,0.887000,267.028590
81,0.026945,0.674574,0.885000,267.027808
82,0.025546,0.689744,0.886000,266.963202
83,0.025161,0.649164,0.890800,267.044107
84,0.025629,0.779805,0.873600,266.959381
85,0.025141,0.742622,0.878400,266.947138
86,0.032753,0.664204,0.889000,266.947137
87,0.022647,0.692973,0.890400,266.985622
88,0.022485,0.736314,0.886600,266.914582
89,0.020617,0.700653,0.887600,266.945817
90,0.021355,0.643964,0.889000,266.925946
91,0.020861,0.663672,0.893600,266.977973
92,0.018585,0.675855,0.896400,266.989616
93,0.022924,0.832197,0.871200,267.016134
94,0.024385,0.649448,0.891400,267.005935
95,0.024054,0.734098,0.882400,267.016195
96,0.022752,0.706186,0.888400,267.029154
97,0.019470,0.670601,0.892000,267.013742
98,0.019173,0.666828,0.892400,267.095397
99,0.020671,0.716807,0.887000,267.029289
100,0.016419,0.664644,0.891200,267.024192
101,0.019638,0.743495,0.887000,267.030263
102,0.020041,0.753620,0.883800,266.994231
103,0.026679,0.738357,0.888000,267.051052
104,0.026145,0.636448,0.889000,266.985488
105,0.022586,0.839507,0.875400,266.986113
106,0.028434,0.673287,0.891200,266.968678
107,0.018812,0.675612,0.893400,267.001444
108,0.016360,0.714366,0.887000,267.027211
109,0.018131,0.632247,0.895200,267.030270
110,0.016676,0.769825,0.885800,266.996081
111,0.017118,0.686223,0.894000,266.998917
112,0.015768,0.734220,0.891800,267.009381
113,0.014048,0.737871,0.890600,266.952000
114,0.014039,0.706223,0.892400,266.959751
115,0.014787,0.787718,0.884400,266.963458
116,0.022122,0.738195,0.885400,266.981827
117,0.013551,0.688543,0.895600,266.978413
118,0.012420,0.695028,0.889800,266.969388
119,0.013451,0.734894,0.892400,266.994528
120,0.014644,0.712175,0.894400,266.958648
121,0.013359,0.697452,0.896200,266.993740
122,0.011798,0.720347,0.893600,267.021912
123,0.012751,0.746513,0.892400,266.991927
124,0.012205,0.690101,0.894000,266.966135
125,0.012776,0.695482,0.897200,266.971453
126,0.013512,0.737564,0.894000,266.952125
127,0.018169,0.800457,0.889600,266.975890
128,0.019621,0.686278,0.897800,266.975413
129,0.011356,0.674900,0.897200,267.004574
130,0.011366,0.711741,0.893000,266.969875
131,0.013022,0.699813,0.894800,266.970753
132,0.012842,0.702395,0.888200,266.977318
133,0.021483,0.839196,0.879000,266.976240
134,0.017680,0.752316,0.887600,266.996166
135,0.017212,0.752571,0.892600,266.982158
136,0.011777,0.745989,0.890000,266.978489
137,0.015259,0.693354,0.894600,266.985139
138,0.013665,0.712379,0.886400,266.993147
139,0.015922,0.738996,0.887200,266.963011
140,0.014913,0.721462,0.893000,266.945484
141,0.011185,0.988778,0.876600,266.972569
142,0.016163,0.724373,0.892200,266.973049
143,0.011666,0.752993,0.891000,266.912474
144,0.010493,0.772537,0.893200,266.935848
145,0.014622,0.774022,0.892000,267.002044
146,0.010802,0.741345,0.893800,267.007184
147,0.009709,0.741176,0.892000,266.963362
148,0.011251,0.801643,0.893200,266.969392
149,0.013515,0.749998,0.896800,267.019076
150,0.009303,0.739665,0.890400,266.925770
151,0.008637,0.843509,0.878400,266.979081
152,0.015626,0.714514,0.888000,266.969224
153,0.010408,0.681043,0.890600,266.957091
154,0.009313,0.756137,0.888600,266.941096
155,0.016577,0.823276,0.883400,266.940345
156,0.019101,0.730448,0.893800,266.938869
157,0.011889,0.767918,0.883400,266.939468
158,0.015304,0.714004,0.895600,266.924940
159,0.012582,0.743707,0.889000,266.909233
160,0.020589,0.684883,0.894800,266.911944
161,0.009876,0.724775,0.893600,266.905690
162,0.009301,0.729267,0.894400,266.957825
163,0.007522,0.717729,0.896200,266.941020
164,0.006850,0.691036,0.898400,266.948867
165,0.008155,0.692172,0.897400,266.922253
166,0.009058,0.735243,0.894800,266.956417
167,0.007508,0.807846,0.892400,266.944062
168,0.007037,0.735351,0.899000,266.967468
169,0.006243,0.703850,0.901000,266.968165
170,0.007004,0.805358,0.895200,266.967073
171,0.015976,0.721824,0.894400,266.951196
172,0.007375,0.817288,0.892200,266.952280
173,0.014239,0.754450,0.896000,266.998368
174,0.008316,0.733333,0.893600,266.949613
175,0.007373,0.706029,0.893200,266.997936
176,0.006097,0.688272,0.898400,266.972600
177,0.007166,0.779979,0.892800,266.932807
178,0.009708,0.730003,0.895400,266.920806
179,0.008263,0.742998,0.893600,266.949323
180,0.007776,0.655280,0.896200,266.995610
181,0.007044,0.727642,0.893000,267.001400
182,0.008068,0.707490,0.898000,267.003144
183,0.007049,0.794513,0.893200,266.989861
184,0.006395,0.746872,0.897400,266.956355
185,0.006618,0.777094,0.890600,266.979906
186,0.011192,0.706852,0.895000,267.018171
187,0.011069,0.718450,0.898000,267.019158
188,0.008107,0.743814,0.900400,266.991937
189,0.007079,0.714363,0.897800,267.023437
190,0.006164,0.676371,0.901600,267.036940
191,0.007713,0.829449,0.886600,266.975343
192,0.005826,0.702368,0.899400,266.954090
193,0.004773,0.699129,0.897200,266.951485
194,0.006599,0.732798,0.892600,266.929612
195,0.006316,0.726782,0.895200,266.981011
196,0.005904,0.675059,0.900800,266.940376
197,0.005714,0.707082,0.895000,266.973741
198,0.005416,0.689209,0.896000,266.934993
199,0.010810,0.776454,0.900000,266.953146
200,0.007267,0.803999,0.892600,266.984695
201,0.011578,0.756205,0.897400,266.957177
202,0.006490,0.753116,0.894000,267.007880
203,0.006698,0.730793,0.893800,266.984982
204,0.005983,0.764157,0.895200,266.982473
1,0.004384,0.730057,0.902400,268.042731
2,0.003364,0.708988,0.904800,266.606249
3,0.003311,0.703175,0.903800,266.675668
4,0.002992,0.709940,0.903000,266.640463
5,0.002716,0.700228,0.903200,266.681649
6,0.002733,0.688481,0.904400,266.624286
7,0.002731,0.679355,0.903200,266.698707
8,0.002459,0.683109,0.905000,266.649101
9,0.002420,0.673573,0.904200,266.649958
10,0.002438,0.676700,0.904000,266.663169
11,0.002327,0.673340,0.903800,266.672338
12,0.002377,0.672187,0.903200,266.707054
13,0.002409,0.670001,0.902200,266.652715
14,0.002265,0.658929,0.902800,266.696760
15,0.002268,0.662468,0.904600,266.738159
16,0.002234,0.658930,0.905000,266.761479
17,0.002172,0.652691,0.903000,266.736370
18,0.002051,0.640518,0.903600,266.730873
19,0.002325,0.638417,0.902600,266.780867
20,0.002126,0.651873,0.902200,266.711150
21,0.002125,0.637184,0.904200,266.686054
22,0.002147,0.640296,0.904800,266.681097
23,0.002144,0.638803,0.902600,266.723360
24,0.002175,0.649362,0.903000,266.716836
25,0.001960,0.640427,0.903800,266.776645
26,0.002039,0.637712,0.904400,266.784561
27,0.001989,0.643320,0.902200,266.848368
28,0.001959,0.624565,0.902800,266.844066
29,0.002382,0.632925,0.903000,266.827733
30,0.001994,0.636339,0.902600,266.831275
31,0.001989,0.625589,0.903800,266.845577
32,0.001942,0.629532,0.903000,266.866507
33,0.001976,0.631026,0.902600,266.889054
34,0.001905,0.621971,0.904800,266.855146
35,0.002036,0.626040,0.904400,266.846207
36,0.001899,0.635573,0.904200,266.882384
37,0.001974,0.617986,0.905000,266.834232
38,0.001823,0.615505,0.905400,266.820584
39,0.001832,0.619993,0.905400,266.866194
40,0.001911,0.620839,0.906200,266.880832
41,0.001801,0.608813,0.905000,266.811712
42,0.001809,0.619998,0.904200,266.813755
43,0.001886,0.617753,0.903600,266.818860
44,0.001899,0.609744,0.904800,266.850824
45,0.001823,0.618118,0.903000,266.864677
46,0.001747,0.617593,0.903800,266.830412
47,0.001732,0.604513,0.904600,266.867094
48,0.001706,0.612851,0.902400,266.873343
49,0.002307,0.618405,0.905000,266.860540
50,0.001970,0.614398,0.905000,266.879521
51,0.001794,0.608312,0.904400,266.864333
52,0.001688,0.599401,0.906200,266.860305
53,0.001873,0.605286,0.905800,266.861694
54,0.001763,0.613810,0.904800,266.824386
55,0.001822,0.595824,0.903000,266.881892
56,0.001706,0.610481,0.903800,266.841200
57,0.001751,0.603376,0.904600,266.854581
58,0.001702,0.614844,0.902800,266.844133
59,0.001699,0.600041,0.905200,266.823662
60,0.001658,0.605967,0.904000,266.795295
61,0.001675,0.612854,0.903800,266.769925
62,0.001687,0.600777,0.905000,266.801008
63,0.001708,0.602113,0.905800,266.806837
64,0.001751,0.605092,0.905800,266.815626
65,0.001673,0.603553,0.907600,266.806971
66,0.001720,0.600465,0.907000,266.866678
67,0.001725,0.594466,0.906200,266.853707
68,0.001711,0.591233,0.905200,266.831442
69,0.001643,0.600390,0.905000,266.888106
70,0.001651,0.608631,0.906800,266.868578
71,0.001655,0.603191,0.905000,266.881653
72,0.001578,0.600067,0.905000,266.848560
73,0.001595,0.594664,0.904600,266.836836
74,0.001597,0.606144,0.906200,266.786704
75,0.001555,0.600432,0.905400,266.765969
76,0.001573,0.594816,0.907800,266.810693
77,0.001665,0.605438,0.905000,266.785611
78,0.001650,0.597994,0.905800,266.764927
79,0.001662,0.589874,0.904400,266.769539
80,0.001870,0.597001,0.906800,266.788171
81,0.001613,0.600712,0.905800,266.821414
82,0.001661,0.603237,0.905200,266.807246
83,0.001612,0.594969,0.906800,266.796658
84,0.001576,0.596129,0.905400,266.799392
85,0.001631,0.599024,0.905000,266.815184
86,0.001642,0.596508,0.906000,266.854984
87,0.001525,0.586820,0.907600,266.823930
88,0.001586,0.600495,0.903800,266.801544
89,0.001625,0.603492,0.906600,266.815758
90,0.001524,0.598907,0.907400,266.856449
91,0.001588,0.600176,0.906200,266.861067
92,0.001670,0.603416,0.904400,266.849544
93,0.001552,0.606011,0.905800,266.887967
94,0.001525,0.599055,0.905600,266.918583
95,0.001503,0.599945,0.905200,266.891058
96,0.001534,0.601229,0.907000,266.856768
97,0.001501,0.588177,0.906400,266.856340
98,0.001477,0.602894,0.906200,266.859441
99,0.001553,0.607183,0.906200,266.841668
100,0.001506,0.598618,0.904600,266.896315
101,0.001489,0.592068,0.906400,266.865659
102,0.001504,0.591352,0.905000,266.839232
103,0.001499,0.589165,0.904800,266.855765
104,0.001523,0.592449,0.905600,266.842473
105,0.001503,0.601261,0.905600,266.867301
106,0.002137,0.593638,0.905000,266.858717
107,0.001562,0.596654,0.903800,266.887615
108,0.001518,0.602676,0.903800,266.875752
109,0.001466,0.604781,0.903600,266.844664
110,0.001512,0.593059,0.904600,266.844169
111,0.001490,0.598917,0.905600,266.828193
112,0.001497,0.600005,0.903400,266.772761
113,0.001467,0.597953,0.903800,266.810409
114,0.001463,0.596438,0.903400,266.834686
115,0.001490,0.601146,0.906400,266.832934
116,0.001474,0.597546,0.905600,266.826853
117,0.001432,0.604742,0.904400,266.812033
118,0.001625,0.588281,0.903000,266.827177
119,0.001599,0.597696,0.905400,266.837262
120,0.001537,0.593096,0.903200,266.822521
121,0.001479,0.606122,0.905200,266.847649
122,0.001550,0.602272,0.906000,266.836537
123,0.001449,0.594577,0.904200,266.817797
124,0.001474,0.585090,0.905800,266.849503
125,0.001426,0.598321,0.903000,266.859560
126,0.001398,0.590765,0.904000,266.786513
127,0.001476,0.607885,0.906000,266.813621
128,0.001423,0.593200,0.905600,266.792815
129,0.001423,0.596801,0.904600,266.799549
130,0.001593,0.578366,0.905400,266.842447
131,0.001498,0.591681,0.905000,266.851883
132,0.001426,0.600205,0.903800,266.816478
133,0.001444,0.587831,0.903400,266.842431
134,0.001436,0.584066,0.903400,266.849239
135,0.001413,0.599536,0.904000,266.875017
136,0.001400,0.593450,0.904200,266.852672
137,0.001420,0.594333,0.905400,266.851967
138,0.001465,0.590361,0.904800,266.854195
139,0.001397,0.595135,0.904600,266.850127
140,0.001370,0.592273,0.905200,266.864276
141,0.001407,0.594464,0.904400,266.830626
142,0.001421,0.609573,0.905400,266.843433
143,0.001475,0.595283,0.906800,266.839908
144,0.001379,0.590214,0.905200,266.810035
145,0.001367,0.598469,0.904800,266.823513
146,0.001458,0.589280,0.904400,266.852566
147,0.001340,0.590251,0.904800,266.853544
148,0.001355,0.599746,0.904600,266.835640
149,0.001356,0.598194,0.905600,266.831068
150,0.001415,0.599183,0.906000,266.818987
151,0.001388,0.595789,0.906400,266.795574
152,0.001353,0.605649,0.905200,266.812785
153,0.001360,0.602308,0.905200,266.841897
154,0.001387,0.601908,0.903800,266.818031
155,0.001369,0.600011,0.905400,266.816918
156,0.001381,0.594898,0.904600,266.861380
157,0.001359,0.595488,0.904200,266.819366
158,0.001319,0.599792,0.904000,266.843221
159,0.001792,0.603440,0.904000,266.836420
160,0.001416,0.596852,0.904400,266.829582
161,0.001380,0.598424,0.905600,266.810033
162,0.001378,0.589921,0.905200,266.805132
163,0.001362,0.585868,0.904600,266.805851
164,0.001371,0.602755,0.906800,266.811578
165,0.001401,0.591849,0.905000,266.831984
166,0.001338,0.597517,0.906600,266.825058
167,0.001363,0.591438,0.904400,266.834382
168,0.001383,0.591982,0.903800,266.834119
169,0.001337,0.589198,0.904600,266.833317
170,0.001350,0.592921,0.904000,266.816519
171,0.001310,0.599141,0.904200,266.808087
172,0.001340,0.600422,0.904400,266.815760
173,0.001305,0.601725,0.904600,266.834880
174,0.001348,0.599432,0.904600,266.829201
175,0.001381,0.601681,0.903600,266.862557
176,0.001349,0.601412,0.906000,266.862366
177,0.001309,0.606607,0.906000,266.812726
178,0.001309,0.597316,0.904000,266.839177
179,0.001249,0.599173,0.905200,266.891936
180,0.001310,0.593460,0.904400,266.863588
181,0.001337,0.602717,0.902400,266.854592
182,0.001280,0.589635,0.905000,266.841130
183,0.001663,0.597142,0.905800,266.866852
184,0.001545,0.604581,0.904200,266.908460
185,0.001387,0.600596,0.906000,266.843139
186,0.001307,0.604211,0.904800,266.825350
187,0.001321,0.599261,0.903600,266.858214
188,0.001290,0.602945,0.905000,266.853660
189,0.001312,0.601726,0.904200,266.846919
190,0.001278,0.607565,0.904800,266.835588
191,0.001286,0.598169,0.904000,266.890715
192,0.001295,0.590072,0.905200,266.859851
193,0.001294,0.591242,0.906400,266.866864
194,0.001339,0.595940,0.904800,266.872049
195,0.001293,0.592482,0.905800,266.878263
196,0.001259,0.598619,0.906000,266.839936
197,0.001337,0.602595,0.905600,266.841215
198,0.001305,0.602904,0.904200,266.853801
199,0.001283,0.593491,0.904800,266.851457
200,0.001317,0.606687,0.907200,266.844956
201,0.001267,0.596481,0.905200,266.922589
202,0.001254,0.593731,0.905600,266.845456
203,0.001262,0.589208,0.905200,266.856155
204,0.001399,0.603722,0.905200,266.873128
205,0.001259,0.605417,0.904600,266.869283
206,0.001326,0.600888,0.905600,266.811336
207,0.001277,0.606604,0.905800,266.841815
208,0.001271,0.603672,0.905200,266.845934
209,0.001262,0.599547,0.904800,266.822365
210,0.001282,0.596751,0.904800,266.833579
211,0.001273,0.599886,0.904600,266.835509
212,0.001258,0.588396,0.903600,266.913696
213,0.001254,0.615869,0.905000,266.882026
214,0.001231,0.595684,0.905600,266.898526
215,0.001225,0.599021,0.906800,266.866867
216,0.001421,0.598767,0.904600,266.862017
217,0.001358,0.599588,0.906400,266.832342
218,0.001245,0.600353,0.905400,266.818997
219,0.001260,0.606696,0.904800,266.883669
220,0.001254,0.594456,0.904400,266.879121
221,0.001241,0.597520,0.905800,266.826746
222,0.001270,0.600902,0.905400,266.846824
223,0.001240,0.598068,0.904400,266.871438
224,0.001217,0.596639,0.905400,266.848236
225,0.001278,0.610772,0.905600,266.822267
226,0.001275,0.595946,0.904200,266.813987
227,0.001220,0.596329,0.904200,266.866225
228,0.001194,0.602393,0.906400,266.839089
229,0.001266,0.601957,0.905600,266.876626
230,0.001462,0.601633,0.905600,266.874169
231,0.001240,0.596607,0.907200,266.840690
232,0.001282,0.602250,0.904800,266.856113
233,0.001286,0.588541,0.906800,266.812907
234,0.001220,0.592399,0.904400,266.823487
235,0.001210,0.600334,0.906200,266.814802
236,0.001270,0.603571,0.905200,266.834103
237,0.001240,0.593501,0.905800,266.849343
238,0.001243,0.602574,0.905400,266.870333
239,0.001202,0.595583,0.905400,266.871126
240,0.001194,0.593568,0.907200,266.856014
241,0.001226,0.593095,0.906000,266.859774
242,0.001184,0.599212,0.905200,266.851974
243,0.001204,0.593671,0.905600,266.854223
244,0.001199,0.590268,0.905400,266.831655
245,0.001254,0.596977,0.905400,266.875632
246,0.001210,0.599916,0.904600,266.860103
247,0.001464,0.600596,0.905800,266.888490
248,0.001420,0.602723,0.904400,266.846671
249,0.001548,0.600378,0.906000,266.834261
250,0.001314,0.593495,0.906200,266.854033
251,0.001220,0.597338,0.904600,266.848350
252,0.001275,0.602366,0.905400,266.864201
253,0.001224,0.596436,0.905600,266.892865
254,0.001219,0.599996,0.905200,266.865797
255,0.001342,0.603025,0.903800,266.884419
256,0.001236,0.610731,0.905400,266.887457
257,0.001224,0.602852,0.905600,266.896438
258,0.001276,0.608678,0.906000,266.879371
259,0.001254,0.612543,0.905400,266.932445
260,0.001227,0.609171,0.904200,266.910236
261,0.001200,0.599477,0.904400,266.873845
262,0.001206,0.598084,0.904800,266.859787
263,0.001161,0.604281,0.904800,266.899285
264,0.001152,0.592452,0.904400,266.878190
265,0.001171,0.603600,0.904000,266.900987
266,0.001158,0.600646,0.905600,266.902462
267,0.001193,0.605011,0.904600,266.883352
268,0.001201,0.607342,0.905200,266.906933
269,0.001163,0.596158,0.905200,266.887222
270,0.001169,0.603134,0.905400,266.936190
271,0.001185,0.596468,0.905200,266.868086
272,0.001174,0.601874,0.905200,266.864111
273,0.001147,0.596448,0.905600,266.867598
274,0.001199,0.601156,0.906400,266.904313
275,0.001160,0.602744,0.904400,266.827745
276,0.001165,0.599001,0.905000,266.842982
277,0.001166,0.596022,0.905000,266.861730
278,0.001271,0.594977,0.903600,266.864660
279,0.001207,0.604406,0.904800,266.892531
280,0.001173,0.603765,0.904600,266.887644
281,0.001170,0.588608,0.904600,266.876552
282,0.001146,0.596115,0.904400,266.827372
283,0.001145,0.601165,0.904000,266.845891
284,0.001148,0.598789,0.904800,266.834768
285,0.001144,0.588699,0.905200,266.865041
286,0.001153,0.599281,0.906600,266.835953
287,0.001161,0.600818,0.905000,266.839164
288,0.001185,0.611340,0.904400,266.839583
289,0.001136,0.608727,0.905800,266.870027
290,0.001157,0.598144,0.905600,266.822029
291,0.001133,0.602295,0.905800,266.828063
292,0.001133,0.592148,0.905200,266.851351
293,0.001369,0.599460,0.906000,266.812218
294,0.001162,0.591787,0.904600,266.777913
295,0.001154,0.592146,0.904400,266.786067
296,0.001116,0.604618,0.905600,266.778362
297,0.001145,0.601017,0.904800,266.754778
298,0.001143,0.598984,0.905600,266.768975
299,0.001156,0.597750,0.904600,266.788839
300,0.001147,0.596371,0.904400,266.811202
301,0.001104,0.591884,0.905600,266.817254
302,0.001127,0.593576,0.906200,266.824286
303,0.001129,0.606051,0.905400,266.793263
304,0.001120,0.600389,0.904400,266.777964
305,0.001122,0.595801,0.906200,266.799784
306,0.001133,0.607692,0.906400,266.762958
307,0.001139,0.607708,0.904800,266.723338
308,0.001130,0.603460,0.905000,266.749537
309,0.001106,0.606643,0.904800,266.814085
310,0.001084,0.589971,0.906000,266.883459
311,0.001160,0.602881,0.905600,266.798878
312,0.001126,0.598539,0.905200,266.790477
313,0.001128,0.598415,0.904600,266.816040
314,0.001113,0.607325,0.905000,266.819728
315,0.001238,0.608196,0.906400,266.809398
316,0.001208,0.600580,0.903600,266.757014
317,0.001216,0.604859,0.904000,266.793498
318,0.001124,0.602849,0.905200,266.819325
319,0.001101,0.607557,0.905400,266.781111
320,0.001124,0.598084,0.906000,266.796203
321,0.001079,0.609678,0.904800,266.803916
322,0.001109,0.603751,0.904400,266.837435
323,0.001606,0.604636,0.905200,266.864320
324,0.001316,0.610411,0.906400,266.848657
325,0.001191,0.601240,0.906200,266.824970
326,0.001184,0.606652,0.905000,266.866090
327,0.001186,0.602208,0.905200,266.849069
328,0.001314,0.603793,0.906200,267.429025
329,0.001164,0.600601,0.905800,267.123919
330,0.001147,0.590016,0.904800,267.477998
331,0.001115,0.602233,0.906000,267.421794
332,0.001103,0.594825,0.905200,267.394063
333,0.001124,0.603406,0.906200,267.330789
334,0.001103,0.598871,0.907000,267.449164
335,0.001091,0.595256,0.904800,267.404877
336,0.001089,0.601143,0.907000,267.381289
337,0.001076,0.595289,0.907000,267.217450
338,0.001185,0.609594,0.906000,266.699718
339,0.001135,0.605148,0.906800,266.920058
340,0.001106,0.597152,0.906600,266.812591
341,0.001090,0.601314,0.906000,266.820451
342,0.001077,0.608253,0.907200,266.683382
343,0.001087,0.602762,0.905600,266.682449
344,0.001111,0.596765,0.906600,266.670441
345,0.001097,0.597737,0.906200,266.758634
346,0.001092,0.596688,0.906200,266.912822
347,0.001079,0.598804,0.906200,266.705131
348,0.001105,0.598201,0.906600,266.735300
349,0.001079,0.602461,0.904600,266.644590
350,0.001093,0.605200,0.905400,266.717622
351,0.001045,0.593022,0.905200,266.738100
352,0.001092,0.596550,0.905800,266.756756
353,0.001083,0.605719,0.904400,266.823853
354,0.001282,0.601908,0.906800,266.757214
355,0.001158,0.602622,0.904000,266.737967
356,0.001064,0.603563,0.903000,266.794136
357,0.001129,0.611235,0.904800,266.733405
358,0.001104,0.599089,0.905800,266.673688
359,0.001078,0.605925,0.905600,266.595362
360,0.001077,0.600959,0.906400,266.676006
361,0.001076,0.597565,0.906000,266.723839
362,0.001103,0.605833,0.906200,266.667643
363,0.001043,0.601512,0.906600,266.595788
364,0.001094,0.615908,0.905200,266.584027
365,0.001107,0.608524,0.906600,266.566585
366,0.001235,0.606856,0.905000,266.504618
367,0.001404,0.604259,0.907000,266.564501
368,0.001293,0.615730,0.905600,266.580382
369,0.001171,0.605126,0.906400,266.578579
370,0.001125,0.605032,0.905800,266.697234
371,0.001082,0.608236,0.907000,266.548321
372,0.001093,0.603402,0.905200,266.610482
1,0.001073,0.606560,0.905600,268.859744
2,0.001032,0.606004,0.906800,267.529302
3,0.001072,0.620599,0.904200,267.613352
4,0.001085,0.630448,0.904200,267.660027
5,0.001093,0.602250,0.905400,267.335652
6,0.001076,0.605520,0.905400,267.197258
7,0.001113,0.604425,0.904400,267.407061
8,0.001056,0.602788,0.905200,267.497488
9,0.001154,0.633882,0.903600,267.532875
10,0.001109,0.611852,0.906200,267.759863
11,0.001093,0.608618,0.907000,267.795763
12,0.001090,0.609496,0.904200,267.755449
13,0.001153,0.616520,0.904800,267.781458
14,0.001072,0.607411,0.905200,267.773233
15,0.001129,0.609913,0.906400,267.783726
16,0.001051,0.609823,0.906400,267.821613
17,0.001079,0.603891,0.906400,267.757866
18,0.001117,0.602668,0.906200,267.725489
19,0.001033,0.615488,0.905400,267.657519
20,0.001109,0.606635,0.907000,267.691062
21,0.001071,0.607412,0.903800,267.551688
22,0.001091,0.608892,0.905200,267.529125
23,0.001037,0.606920,0.907200,267.637520
24,0.001105,0.628225,0.905800,267.881663
25,0.001084,0.610051,0.906400,267.838862
26,0.001075,0.605544,0.907800,267.838679
27,0.001050,0.595969,0.905200,267.839822
28,0.001038,0.609484,0.904200,267.893818
29,0.001079,0.608495,0.905800,267.898311
30,0.001065,0.605183,0.905200,267.756707
31,0.001139,0.614955,0.905000,267.812490
32,0.001048,0.600442,0.904200,267.726437
33,0.001098,0.605740,0.904200,267.670084
34,0.001086,0.606710,0.906200,267.647030
35,0.001054,0.613534,0.906800,267.774931
36,0.001058,0.601630,0.905800,267.821802
37,0.001068,0.604171,0.905400,267.877560
38,0.001042,0.612966,0.906600,267.706248
39,0.001113,0.607002,0.906600,267.643183
40,0.001092,0.598513,0.905200,267.527548
41,0.001299,0.605958,0.905600,267.452116
42,0.001042,0.608617,0.906000,267.532510
43,0.001074,0.602606,0.906000,267.364930
44,0.001077,0.610934,0.904400,267.431594
45,0.001065,0.615319,0.906400,267.737374
46,0.001044,0.624587,0.904400,267.646087
47,0.001063,0.614334,0.905800,267.636467
48,0.001069,0.611136,0.906000,267.597623
49,0.001076,0.610517,0.905400,267.546106
50,0.001050,0.617292,0.908000,267.502893
51,0.001104,0.598043,0.906600,267.619406
52,0.001081,0.605167,0.905600,267.724124
53,0.001061,0.605390,0.905000,267.496722
54,0.001067,0.593416,0.905600,267.582112
55,0.001065,0.612758,0.905000,267.411652
56,0.001445,0.614941,0.904400,267.535348
57,0.001044,0.606221,0.906800,267.630830
58,0.001046,0.603251,0.906000,267.636434
59,0.001051,0.609600,0.905400,267.640529
60,0.001067,0.607146,0.907400,267.669257
61,0.001049,0.611930,0.905000,267.608025
62,0.001263,0.610934,0.905400,267.589020
63,0.001043,0.599990,0.905400,267.653490
64,0.001042,0.602379,0.905000,267.595258
65,0.001050,0.598328,0.905400,267.628392
66,0.001048,0.605487,0.905400,267.623322
67,0.001092,0.604482,0.907400,267.651207
68,0.001080,0.603320,0.906600,267.648489
69,0.001142,0.607807,0.905400,267.617290
70,0.001031,0.597029,0.906800,267.602190
71,0.001047,0.605461,0.905600,267.622645
72,0.001057,0.601253,0.907800,267.641211
73,0.001023,0.607308,0.905400,267.641913
74,0.001067,0.611393,0.904800,267.668934
75,0.001060,0.606545,0.905800,267.636962
76,0.001058,0.599725,0.906200,267.634068
77,0.001096,0.611145,0.904800,267.673301
78,0.001060,0.605948,0.905600,267.645925
79,0.001053,0.609494,0.905800,267.655208
80,0.001056,0.616699,0.906800,267.658303
81,0.001029,0.599995,0.907600,267.627014
82,0.001034,0.609450,0.906200,267.665612
83,0.001050,0.596487,0.905600,267.601805
84,0.001091,0.611778,0.905800,267.648388
85,0.001064,0.600221,0.905000,267.599514
86,0.001089,0.594304,0.904200,267.573092
87,0.001053,0.600785,0.906400,267.570322
88,0.001058,0.595161,0.905800,267.588873
89,0.001021,0.606912,0.905400,267.630090
90,0.001072,0.605432,0.906200,267.617646
91,0.001062,0.604756,0.904800,267.636457
92,0.001073,0.609681,0.906000,267.757781
93,0.001049,0.614797,0.906000,267.666568
94,0.001168,0.599272,0.905800,267.643198
95,0.001027,0.606537,0.904600,267.671021
96,0.001038,0.601730,0.905400,267.668152
97,0.001027,0.602938,0.905600,267.678163
98,0.001068,0.599324,0.906000,267.619744
99,0.001067,0.601723,0.906400,267.667671
100,0.001054,0.605208,0.904800,267.664031
101,0.001049,0.601131,0.905200,267.608487
102,0.001140,0.609194,0.907600,267.615097
103,0.001050,0.594559,0.907200,267.656245
104,0.001074,0.598644,0.906200,267.629330
105,0.001049,0.605764,0.905200,267.560333
106,0.001051,0.608240,0.905200,267.635343
107,0.001092,0.599194,0.906200,267.617634
108,0.001038,0.605476,0.906000,267.605726
109,0.001086,0.592446,0.906200,267.647341
110,0.001029,0.599451,0.905800,267.602044
111,0.001027,0.595676,0.906000,267.634452
112,0.001048,0.598987,0.904800,267.635918
113,0.001067,0.602661,0.905400,267.682755
114,0.001070,0.605614,0.903800,267.634137
115,0.001068,0.604381,0.904200,267.646397
116,0.001077,0.608934,0.905600,267.641506
117,0.001073,0.604646,0.907000,267.600836
118,0.001122,0.608620,0.904800,267.655787
119,0.001032,0.604934,0.906200,267.628400
120,0.001039,0.600630,0.904400,267.668988
121,0.001029,0.602358,0.903800,267.647532
122,0.001041,0.594563,0.905400,267.654762
123,0.001104,0.595419,0.906000,267.635538
124,0.001090,0.607068,0.904800,267.628081
125,0.001042,0.602667,0.907200,267.689768
126,0.001053,0.594003,0.905000,267.678106
127,0.001069,0.598125,0.905200,267.694508
128,0.001048,0.602956,0.906200,267.650483
129,0.001034,0.605061,0.905600,267.649788
130,0.001074,0.602876,0.905600,267.628618
131,0.001262,0.605125,0.904400,267.675990
132,0.001047,0.602785,0.906400,267.619438
133,0.001240,0.610886,0.905200,267.647623
134,0.001071,0.604970,0.906400,267.674677
135,0.001062,0.608011,0.906400,267.645140
136,0.001032,0.601031,0.906000,267.624470
137,0.001055,0.602986,0.905600,267.684176
138,0.001060,0.614470,0.905800,267.700252
139,0.001042,0.607753,0.905800,267.718710
140,0.001061,0.607633,0.905200,267.759865
141,0.001050,0.597930,0.906200,267.699042
142,0.001172,0.599982,0.906800,267.669612
143,0.001262,0.605167,0.905600,267.634584
144,0.001065,0.600530,0.904800,267.676130
145,0.001055,0.609892,0.904200,267.699700
146,0.001055,0.601276,0.904400,267.719501
147,0.001065,0.607019,0.908000,267.652815
148,0.001189,0.598258,0.905200,267.655463
149,0.001047,0.602950,0.906000,267.622639
150,0.001040,0.603651,0.905600,267.646054
151,0.001062,0.607267,0.904400,267.656437
152,0.001069,0.594215,0.906200,267.641308
153,0.001053,0.600052,0.905000,267.647196
154,0.001029,0.597294,0.906200,267.625597
155,0.001049,0.596776,0.906000,267.616051
156,0.001045,0.611270,0.904600,267.628488
157,0.001057,0.614272,0.906800,267.670111
158,0.001058,0.604895,0.906400,267.633732
159,0.001081,0.618756,0.904200,267.648573
160,0.001070,0.600262,0.907000,267.715282
161,0.001046,0.614142,0.905200,267.671135
162,0.001046,0.604185,0.905800,267.595135
163,0.001027,0.603951,0.905400,267.638920
164,0.001042,0.598964,0.906200,267.686571
165,0.001057,0.608566,0.906200,267.664558
166,0.001035,0.604864,0.905800,267.679511
167,0.001047,0.607211,0.906600,267.631184
168,0.001092,0.601149,0.906200,267.651039
169,0.001044,0.588850,0.905200,267.632689
170,0.001067,0.597214,0.907000,267.620673
171,0.001046,0.603893,0.906800,267.608061
172,0.001072,0.593974,0.903400,267.661976
173,0.001043,0.604588,0.905800,267.581251
174,0.001065,0.601233,0.906600,267.621199
175,0.001023,0.603893,0.904000,267.630415
176,0.001021,0.599435,0.907000,267.636820
177,0.001057,0.596990,0.905400,267.636394
178,0.001053,0.598521,0.904800,267.646561
179,0.001050,0.600417,0.905800,267.646309
180,0.001144,0.604182,0.906800,267.609778
181,0.001072,0.601778,0.905200,267.586363
182,0.001031,0.602596,0.908200,267.577961
183,0.001032,0.599205,0.905400,267.566026
184,0.001059,0.596757,0.904800,267.581345
185,0.001028,0.607018,0.905800,267.565978
186,0.001039,0.595745,0.905800,267.576898
187,0.001010,0.608921,0.906000,267.581246
188,0.001016,0.592477,0.906000,267.595830
189,0.001161,0.589700,0.905600,267.545291
190,0.001100,0.603483,0.907200,267.576604
191,0.001054,0.597912,0.906000,267.612749
192,0.001060,0.593737,0.905800,267.639729
193,0.001064,0.610948,0.905600,267.597462
194,0.000993,0.599924,0.905600,267.550038
195,0.001047,0.602826,0.907000,267.634138
196,0.001000,0.603789,0.906400,267.610777
197,0.001042,0.595392,0.906400,267.609760
198,0.001028,0.591473,0.905800,267.606137
199,0.001058,0.618929,0.906400,267.580743
200,0.001039,0.603558,0.906000,267.645161
201,0.001031,0.607480,0.904800,267.636241
202,0.001035,0.596434,0.906400,267.599922
203,0.001042,0.595917,0.904200,267.575848
204,0.001075,0.588532,0.906800,267.587631
205,0.001043,0.598074,0.904800,267.630717
206,0.001019,0.592877,0.906200,267.602326
207,0.001612,0.598140,0.907000,267.591381
208,0.001056,0.603194,0.906800,267.539811
209,0.001044,0.586864,0.905200,267.589016
210,0.001015,0.604325,0.907400,267.566016
211,0.001023,0.605931,0.906600,267.593901
212,0.001020,0.601814,0.905800,267.597252
213,0.000998,0.597895,0.904800,267.554976
214,0.001019,0.597978,0.906600,267.625390
215,0.001017,0.595878,0.906000,267.604536
216,0.001021,0.596721,0.906800,267.659141
217,0.001057,0.598436,0.906000,267.617558
218,0.001034,0.596895,0.906200,267.593927
219,0.001080,0.596247,0.905600,267.612213
220,0.001031,0.598134,0.906200,267.582818
221,0.001036,0.602665,0.906200,267.566868
222,0.001042,0.607760,0.905600,267.551882
223,0.001017,0.599923,0.906000,267.624021
224,0.001026,0.597731,0.906400,267.614351
225,0.001054,0.596974,0.905200,267.568610
226,0.001018,0.596326,0.905800,267.541265
227,0.001022,0.600430,0.906200,267.587210
228,0.001052,0.605941,0.905000,267.544806
229,0.001092,0.600223,0.907000,267.599267
230,0.000986,0.598098,0.906200,267.574951
231,0.001047,0.602408,0.905400,267.512979
232,0.001144,0.601807,0.906000,267.580373
233,0.001052,0.613838,0.904000,267.572509
234,0.001055,0.592364,0.906000,267.594959
235,0.001037,0.602551,0.904000,267.570227
236,0.001032,0.597745,0.905800,267.551551
237,0.001038,0.601767,0.904200,267.584402
238,0.001013,0.587240,0.905200,267.591988
239,0.001014,0.599898,0.905800,267.528404
240,0.001018,0.597239,0.905200,267.595803
241,0.001037,0.592637,0.905000,267.560282
242,0.001003,0.605211,0.906800,267.557522
243,0.001005,0.600836,0.907600,267.564996
244,0.001036,0.586693,0.906000,267.583764
245,0.001013,0.599307,0.904200,267.555827
246,0.001037,0.608451,0.906600,267.555267
247,0.001072,0.590257,0.906200,267.590574
248,0.001048,0.597412,0.905800,267.565088
249,0.001059,0.598518,0.905600,267.563899
250,0.001045,0.596061,0.906000,267.553106
251,0.001017,0.603022,0.904400,267.615100
252,0.001039,0.599748,0.905600,267.594628
253,0.001032,0.594354,0.905200,267.573111
254,0.001054,0.596186,0.905600,267.591506
255,0.001032,0.606580,0.906000,267.580237
256,0.001049,0.598064,0.906000,267.559518
257,0.001080,0.602979,0.905200,267.542333
258,0.001002,0.601651,0.907600,267.560292
259,0.001020,0.597272,0.905800,267.582926
260,0.001033,0.592725,0.905600,267.592490
261,0.001030,0.607028,0.906800,267.535016
262,0.001030,0.598489,0.905400,267.605638
263,0.001050,0.605710,0.904600,267.661213
264,0.001009,0.601071,0.904600,267.648068
265,0.001031,0.600061,0.905200,267.699446
266,0.001122,0.596708,0.907000,267.635865
267,0.001017,0.594840,0.906000,267.594790
268,0.001761,0.600674,0.904400,267.565150
269,0.001010,0.603205,0.906200,267.693931
270,0.001266,0.601416,0.904400,267.723941
271,0.001003,0.602875,0.904400,267.589686
272,0.001054,0.601217,0.908000,267.596107
273,0.001061,0.588994,0.903800,267.506802
274,0.001029,0.601903,0.906600,267.535426
275,0.001046,0.600203,0.906000,267.644121
276,0.001133,0.603146,0.906200,267.602890
277,0.001057,0.604760,0.906800,267.539455
278,0.001007,0.602276,0.906200,267.380988
279,0.001010,0.602079,0.906400,267.526272
280,0.001013,0.595784,0.906200,267.703807
281,0.001050,0.592053,0.905800,267.935200
282,0.001015,0.605144,0.905800,267.745519
283,0.001038,0.598171,0.906600,267.583392
284,0.001045,0.592446,0.904200,267.535555
285,0.001065,0.593757,0.905600,267.593814
286,0.001059,0.597287,0.906600,267.616678
287,0.001045,0.596429,0.906400,267.666978
288,0.001090,0.593594,0.905600,267.508444
289,0.001003,0.604916,0.906800,267.437387
290,0.001011,0.595860,0.906400,267.510649
291,0.001015,0.598192,0.905400,267.499707
292,0.001006,0.598989,0.905400,267.516919
293,0.001010,0.598948,0.906200,267.529456
294,0.001011,0.596578,0.906200,267.581572
295,0.001005,0.607960,0.905800,267.400409
296,0.001023,0.598722,0.906800,267.426891
297,0.001020,0.595261,0.906800,267.600862
298,0.001014,0.592348,0.905400,267.374740
299,0.001165,0.596543,0.905600,267.296917
300,0.001024,0.592389,0.906800,267.287624
301,0.001018,0.586764,0.905600,267.464595
302,0.001037,0.599012,0.908000,267.668014
303,0.001063,0.607744,0.907400,267.498001
304,0.001031,0.595876,0.907000,267.591812
305,0.001117,0.597096,0.906400,267.338661
306,0.001023,0.594125,0.906200,267.371724
307,0.001079,0.603849,0.906600,267.337110
308,0.001060,0.591680,0.906400,267.306987
309,0.001033,0.597847,0.908000,267.309814
310,0.001065,0.589797,0.906600,267.300501
311,0.001055,0.602426,0.905800,267.385344
312,0.001060,0.592371,0.905600,267.366230
313,0.001180,0.602929,0.906000,267.325120
314,0.001037,0.591575,0.906800,267.337322
315,0.001033,0.595076,0.904600,267.315557
316,0.001002,0.604029,0.905600,267.429667
317,0.001043,0.601041,0.905600,267.475610
318,0.001039,0.606180,0.904000,267.511016
319,0.001025,0.592795,0.906200,267.550340
320,0.001037,0.603526,0.905200,267.596058
321,0.001042,0.612314,0.906600,267.724740
322,0.001020,0.605455,0.905000,267.763562
323,0.001020,0.600983,0.906800,267.549768
324,0.001032,0.598828,0.905000,267.712950
325,0.001026,0.593569,0.906400,267.685486
326,0.001006,0.591994,0.906600,267.482364
327,0.001041,0.601595,0.905000,267.693287
328,0.001149,0.613834,0.905200,267.493333
329,0.001286,0.607576,0.904600,267.376749
330,0.001003,0.593746,0.906000,267.431625
331,0.001010,0.598761,0.906400,267.863489
332,0.001008,0.593952,0.905800,267.476968
333,0.001094,0.594252,0.906600,267.380242
334,0.001024,0.593094,0.905600,267.336218
335,0.001010,0.594644,0.904400,267.301623
336,0.001010,0.610282,0.906200,267.423493
