epoch,train_loss,train_xent,valid_loss,valid_xent,valid_xent_accuracy,valid_exp_accuracy,valid_xent_qwk,valid_exp_qwk,learning_rate,mb_time,time
1,0.758276,nan,0.654184,nan,0.103499,0.131924,0.021957,0.002896,0.001000,0.490902,145.780362
2,0.635925,nan,0.531232,nan,0.174927,0.117347,0.006267,0.052161,0.001000,0.377981,99.600235
3,0.543290,nan,0.441645,nan,0.131195,0.132653,0.002498,0.054362,0.001000,0.380902,99.642137
4,0.463588,nan,0.332074,nan,0.185131,0.139213,-0.019783,0.109918,0.001000,0.383610,117.641887
5,0.403225,nan,0.445019,nan,0.156706,0.102770,0.012455,-0.050655,0.001000,0.381215,126.822619
6,0.360012,nan,0.329324,nan,0.139213,0.131195,0.041361,0.011715,0.001000,0.381475,102.513602
7,0.315807,nan,0.289846,nan,0.077988,0.134840,0.026889,0.001438,0.001000,0.381622,100.558959
8,0.297441,nan,0.280339,nan,0.117347,0.137026,0.019457,0.001864,0.001000,0.381366,100.190126
9,0.266434,nan,0.256646,nan,0.123907,0.136297,0.025649,0.000000,0.001000,0.381594,100.401798
10,0.244463,nan,0.232095,nan,0.122449,0.136297,0.023369,0.000000,0.001000,0.381448,100.747056
11,0.221382,nan,0.210460,nan,0.115160,0.139213,0.024213,0.000374,0.001000,0.381781,100.996550
12,0.193309,nan,0.193595,nan,0.125364,0.139942,0.028164,0.004435,0.001000,0.381888,101.491416
13,0.196576,nan,0.213836,nan,0.117347,0.127551,0.015876,-0.022271,0.001000,0.381413,126.481548
14,0.196702,nan,0.286534,nan,0.125364,0.099854,-0.046997,-0.083430,0.001000,0.380550,115.395318
15,0.178256,nan,0.096567,nan,0.148688,0.154519,0.046172,0.040364,0.001000,0.378330,101.163345
16,0.159096,nan,0.143753,nan,0.139942,0.146501,0.047374,0.005795,0.001000,0.381479,101.040365
17,0.146226,nan,0.140086,nan,0.134111,0.138484,0.016011,0.000712,0.001000,0.381430,101.060483
18,0.135042,nan,0.108867,nan,0.146501,0.155248,0.020307,0.012356,0.001000,0.381542,101.098227
19,0.124064,nan,-0.006741,nan,0.170554,0.196793,0.148931,0.148171,0.001000,0.381676,101.136826
20,0.111571,nan,0.071152,nan,0.140671,0.164723,0.046059,0.041149,0.001000,0.381614,101.112493
21,0.101904,nan,0.083579,nan,0.131924,0.142128,0.017497,0.018619,0.001000,0.381951,102.075593
22,0.096669,nan,-0.019210,nan,0.142857,0.197522,0.115862,0.121524,0.001000,0.380728,119.935954
23,0.087430,nan,0.027930,nan,0.121720,0.155977,0.039187,0.044294,0.001000,0.382354,111.849450
24,0.084016,nan,0.072338,nan,0.126093,0.145773,0.000887,0.012297,0.001000,0.379369,101.180087
25,0.071328,nan,0.070211,nan,0.126822,0.136297,0.000000,0.001145,0.001000,0.381174,100.902527
26,0.079315,nan,0.072075,nan,0.123178,0.136297,-0.014592,-0.000014,0.001000,0.381295,100.983853
27,0.069050,nan,0.036573,nan,0.126093,0.149417,-0.014637,0.032276,0.001000,0.381301,100.978805
28,0.060933,nan,0.062645,nan,0.117347,0.136297,0.016807,0.005536,0.001000,0.381468,101.049771
29,0.065543,nan,0.060477,nan,0.113703,0.136297,0.014418,0.000000,0.001000,0.381287,101.060713
30,0.057068,nan,-0.005231,nan,0.118805,0.164723,0.010906,0.045978,0.001000,0.383375,105.806337
31,0.051961,nan,-0.057552,nan,0.120262,0.190233,0.048936,0.094813,0.001000,0.380035,114.104055
32,0.045590,nan,-0.033719,nan,0.115889,0.187318,0.049835,0.072292,0.001000,0.382166,101.697997
33,0.042953,nan,0.011700,nan,0.104956,0.166910,-0.012712,0.035209,0.001000,0.381163,100.555360
34,0.035249,nan,0.023654,nan,0.126093,0.149417,-0.005591,0.016572,0.001000,0.380835,100.406050
35,0.026635,nan,-0.066298,nan,0.100583,0.177114,-0.022526,0.095511,0.001000,0.380974,100.469581
36,0.034177,nan,-0.036462,nan,0.096939,0.180029,0.040921,0.068260,0.001000,0.380714,100.548932
37,0.029906,nan,0.007280,nan,0.127551,0.149417,-0.008463,0.019557,0.001000,0.380797,100.610765
38,0.024951,nan,0.032285,nan,0.117347,0.136297,-0.054948,0.000348,0.001000,0.380904,102.665874
39,0.033843,nan,0.031777,nan,0.125364,0.136297,-0.025798,0.000000,0.001000,0.380029,113.983336
40,0.030426,nan,0.026389,nan,0.101312,0.135569,0.044876,-0.000270,0.001000,0.379446,102.251724
41,0.026423,nan,0.005172,nan,0.094752,0.140671,0.019882,0.015961,0.001000,0.381067,100.617508
42,0.022274,nan,-0.010147,nan,0.069242,0.153061,0.013013,0.048414,0.001000,0.380850,100.355063
43,0.019885,nan,-0.054301,nan,0.099125,0.163265,-0.102263,0.066688,0.001000,0.380825,100.387758
44,0.020411,nan,-0.080443,nan,0.091108,0.194606,-0.011452,0.109310,0.001000,0.380754,100.422445
45,0.016504,nan,-0.003686,nan,0.067055,0.150146,0.051241,0.016372,0.001000,0.380728,100.517536
46,0.014836,nan,0.010805,nan,0.071429,0.138484,0.047614,0.008890,0.001000,0.380789,100.548628
47,0.014249,nan,-0.021907,nan,0.060496,0.163994,-0.008955,0.037920,0.001000,0.383269,103.461596
48,0.013818,nan,-0.000317,nan,0.105685,0.145773,0.085375,0.014196,0.001000,0.380434,110.994446
49,0.009843,nan,-0.018005,nan,0.085277,0.155248,0.003644,0.043682,0.001000,0.380204,100.751568
50,0.010601,nan,-0.034140,nan,0.112974,0.166181,-0.007798,0.040668,0.001000,0.381225,100.451834
51,0.012449,nan,-0.010467,nan,0.103499,0.150875,-0.002510,0.027550,0.001000,0.381014,100.217686
52,0.008572,nan,-0.017914,nan,0.118076,0.155977,0.007986,0.027513,0.001000,0.380989,100.248707
53,0.003902,nan,-0.005183,nan,0.113703,0.151603,0.016027,0.024574,0.001000,0.380924,100.301795
54,0.006163,nan,-0.006505,nan,0.100583,0.152332,0.014939,0.014163,0.001000,0.380756,100.338157
55,0.004949,nan,-0.027903,nan,0.094023,0.155248,-0.041286,0.042735,0.001000,0.380942,100.413431
56,0.003090,nan,-0.016054,nan,0.104956,0.155977,-0.033800,0.022608,0.001000,0.382897,106.054061
57,0.003296,nan,-0.005526,nan,0.115160,0.141399,-0.130268,0.012920,0.001000,0.378849,106.040304
58,0.008112,nan,-0.021590,nan,0.110058,0.146501,-0.042732,0.037602,0.001000,0.380588,100.421272
59,0.010769,nan,-0.061330,nan,0.117347,0.169096,-0.080418,0.067982,0.001000,0.381063,100.346489
60,0.004346,nan,-0.051103,nan,0.107143,0.178571,-0.029385,0.074616,0.001000,0.380931,100.259874
61,0.004360,nan,-0.008407,nan,0.126822,0.145044,-0.005876,0.014258,0.001000,0.380923,100.298424
62,-0.000876,nan,-0.003653,nan,0.127551,0.141399,-0.004703,0.016303,0.001000,0.381064,100.310896
63,0.001784,nan,-0.019199,nan,0.112245,0.150146,-0.058079,0.023504,0.001000,0.380815,100.339641
64,0.004325,nan,-0.024729,nan,0.102770,0.153061,-0.082883,0.032526,0.001000,0.381992,101.006355
65,-0.000366,nan,-0.013719,nan,0.106414,0.153790,-0.093669,0.022443,0.001000,0.383537,108.461025
66,-0.001083,nan,-0.015974,nan,0.123907,0.152332,-0.028709,0.021445,0.001000,0.378045,100.217223
67,-0.003622,nan,-0.015899,nan,0.119534,0.151603,-0.033473,0.024274,0.001000,0.381242,100.285748
68,-0.004381,nan,-0.039155,nan,0.106414,0.167638,-0.026436,0.047788,0.001000,0.380917,100.013891
69,-0.001383,nan,-0.018067,nan,0.082362,0.147959,-0.015238,0.018829,0.001000,0.380951,99.997059
70,-0.004278,nan,-0.019817,nan,0.083819,0.154519,-0.104789,0.027014,0.001000,0.380908,100.070844
71,-0.004761,nan,-0.015271,nan,0.096939,0.149417,-0.115697,0.029436,0.001000,0.381104,100.104131
72,-0.000086,nan,-0.033732,nan,0.119534,0.161079,-0.030172,0.034289,0.001000,0.381203,100.141025
73,-0.000769,nan,-0.014509,nan,0.098397,0.148688,-0.112583,0.020115,0.001000,0.381920,102.430000
74,-0.003956,nan,-0.026733,nan,0.107872,0.168367,-0.048211,0.032568,0.001000,0.381406,107.196399
75,-0.003224,nan,-0.008939,nan,0.111516,0.143586,-0.140074,0.015744,0.001000,0.381099,100.393761
76,0.001101,nan,-0.020411,nan,0.102041,0.162536,-0.040621,0.025603,0.001000,0.382314,100.293164
77,0.000512,nan,-0.027971,nan,0.098397,0.158892,-0.008506,0.027987,0.001000,0.381057,100.265653
78,-0.004225,nan,-0.009774,nan,0.086735,0.146501,-0.062442,0.015219,0.001000,0.381634,102.359586
79,-0.004874,nan,-0.034074,nan,0.090379,0.171283,-0.050860,0.034173,0.001000,0.383576,106.173187
80,-0.002796,nan,-0.035247,nan,0.113703,0.157434,-0.051615,0.035622,0.001000,0.382960,106.058253
81,-0.004754,nan,-0.020431,nan,0.110058,0.158163,-0.064128,0.028790,0.001000,0.384168,106.294899
82,-0.005997,nan,-0.018648,nan,0.123178,0.144315,-0.028246,0.019787,0.001000,0.383937,108.526026
83,-0.007424,nan,-0.033973,nan,0.100583,0.174927,-0.052345,0.037835,0.001000,0.383333,105.772778
84,-0.004403,nan,-0.015449,nan,0.099125,0.146501,-0.100514,0.017515,0.001000,0.382447,105.930019
85,-0.004049,nan,-0.032298,nan,0.096210,0.165452,-0.058070,0.031369,0.001000,0.382363,105.904436
86,-0.005337,nan,-0.030242,nan,0.102770,0.155248,-0.105226,0.033695,0.001000,0.382605,105.910980
87,-0.009358,nan,-0.023593,nan,0.099854,0.155977,-0.067399,0.027439,0.001000,0.382638,106.127459
88,-0.008955,nan,-0.019734,nan,0.107872,0.151603,-0.076143,0.022827,0.001000,0.383197,106.169047
89,-0.006944,nan,-0.026037,nan,0.094752,0.161808,-0.092188,0.027258,0.001000,0.383747,106.228818
90,-0.006022,nan,-0.023763,nan,0.118076,0.146501,-0.104278,0.019698,0.001000,0.381398,107.813060
91,-0.009878,nan,-0.046793,nan,0.105685,0.162536,-0.041472,0.052296,0.001000,0.381376,107.015561
92,-0.007994,nan,-0.017261,nan,0.098397,0.139213,-0.080373,0.017330,0.001000,0.379344,105.805232
93,-0.004957,nan,-0.046736,nan,0.086006,0.157434,-0.085534,0.053911,0.001000,0.380027,106.017976
94,-0.003001,nan,-0.044409,nan,0.091837,0.166910,-0.028630,0.050902,0.001000,0.379345,105.812666
95,-0.007601,nan,-0.035197,nan,0.099125,0.153061,-0.020638,0.034089,0.001000,0.378956,105.874107
96,-0.010467,nan,-0.016155,nan,0.072157,0.146501,-0.084192,0.016513,0.001000,0.379087,105.987563
97,-0.008220,nan,-0.030564,nan,0.110787,0.155248,-0.061464,0.038017,0.001000,0.379122,106.005401
98,-0.006715,nan,-0.028131,nan,0.114431,0.155977,-0.040995,0.026027,0.001000,0.379374,106.080180
99,-0.008928,nan,-0.017293,nan,0.120991,0.146501,-0.041853,0.013015,0.001000,0.381798,108.796175
100,-0.004544,nan,-0.035479,nan,0.111516,0.162536,-0.036354,0.037262,0.001000,0.379117,106.065264
