epoch,train_loss,train_xent,valid_loss,valid_xent,valid_emd,valid_xent_accuracy,valid_exp_accuracy,valid_xent_qwk,valid_exp_qwk,learning_rate,mb_time,time
1,2.582718,nan,2.008561,1.353678,0.115276,0.344906,0.235344,0.279869,0.241379,0.010000,0.503098,486.744883
2,1.907593,1.359933,1.924123,1.157752,0.093994,0.493170,0.351167,0.372025,0.329474,0.010000,0.472799,450.143711
3,1.853724,1.256345,1.831338,1.002520,0.074835,0.674445,0.592203,0.374945,0.383949,0.010000,0.472775,449.271922
4,1.820621,1.252550,1.838890,1.017237,0.076325,0.664769,0.592487,0.435826,0.444843,0.010000,0.472972,451.743287
5,1.787799,1.207261,1.784399,1.087636,0.086241,0.562038,0.459021,0.447273,0.420441,0.010000,0.472980,451.223266
6,1.755278,1.230954,1.893539,1.118055,0.090421,0.496585,0.361981,0.459076,0.400784,0.010000,0.472959,446.070315
7,1.733150,1.214268,1.751744,0.993147,0.069118,0.725669,0.697496,0.393514,0.424959,0.010000,0.472907,450.904382
8,1.703172,1.104308,1.735963,0.936415,0.069602,0.682413,0.612692,0.511935,0.505678,0.010000,0.473162,449.207806
9,1.678199,1.073137,1.704784,0.959408,0.067304,0.718839,0.684974,0.487981,0.498092,0.010000,0.472686,441.178153
10,1.657769,1.023692,1.670831,0.906837,0.067396,0.677006,0.598748,0.556124,0.544281,0.010000,0.473035,441.692375
11,1.641037,1.053135,1.659282,0.902282,0.066668,0.676153,0.618668,0.548305,0.544173,0.010000,0.473038,447.116383
12,1.624637,1.033217,1.646942,0.932759,0.070828,0.641150,0.564030,0.586047,0.565441,0.010000,0.472953,446.411695
13,1.607229,0.953103,1.620891,0.870041,0.061752,0.725669,0.682129,0.552815,0.555386,0.010000,0.473145,451.549063
14,1.591306,0.933647,1.614871,0.865956,0.062298,0.706318,0.660785,0.574256,0.572010,0.010000,0.473160,451.652646
15,1.585076,0.910711,1.636203,0.877075,0.061389,0.729368,0.696927,0.526881,0.552829,0.010000,0.472794,450.703138
16,1.566718,0.988139,1.574610,0.844574,0.060323,0.724815,0.680706,0.564831,0.577835,0.010000,0.472673,446.418986
17,1.553692,0.873169,1.594159,0.859738,0.061533,0.719977,0.679283,0.560484,0.567613,0.010000,0.472555,440.925581
18,1.546386,0.909186,1.568003,0.856879,0.060637,0.725669,0.697780,0.544578,0.564091,0.010000,0.473842,441.611459
19,1.531571,0.865304,1.571160,0.859647,0.062646,0.703472,0.656517,0.621273,0.616509,0.010000,0.472840,441.007831
20,1.521397,0.877055,1.560064,0.909285,0.068342,0.655094,0.587649,0.617591,0.599524,0.010000,0.473228,441.172811
21,1.513048,0.914998,1.538145,0.834481,0.058924,0.730791,0.690097,0.615493,0.617919,0.010000,0.472362,441.087806
22,1.501837,0.880452,1.512246,0.835376,0.058258,0.737336,0.714570,0.586099,0.597237,0.010000,0.472492,441.519365
23,1.498764,0.913375,1.500015,0.811947,0.057295,0.733352,0.698349,0.609590,0.614112,0.010000,0.472982,441.244316
24,1.480170,0.872666,1.502403,0.821996,0.058008,0.719977,0.680421,0.623551,0.621456,0.010000,0.472730,441.232600
25,1.468902,0.867002,1.517847,0.857144,0.062592,0.698919,0.640581,0.627147,0.614309,0.010000,0.473061,435.609920
26,1.463813,0.853150,1.489858,0.831255,0.059597,0.708594,0.642857,0.628064,0.616181,0.010000,0.472597,435.568059
27,1.450244,0.841291,1.477440,0.816709,0.058126,0.721116,0.688674,0.627376,0.629932,0.010000,0.472776,436.423705
28,1.442542,0.873729,1.477299,0.829029,0.058577,0.725384,0.676722,0.633455,0.627451,0.010000,0.472811,436.566781
29,1.434835,0.830722,1.469847,0.828609,0.060223,0.697211,0.637166,0.653212,0.629215,0.010000,0.472784,436.687281
30,1.427890,0.816911,1.432387,0.796434,0.056553,0.731360,0.680990,0.619833,0.626167,0.010000,0.472691,436.971782
31,1.417588,0.818534,1.446542,0.808867,0.055939,0.744166,0.710871,0.622222,0.630372,0.010000,0.472856,439.491227
32,1.407120,0.828695,1.441827,0.820486,0.059636,0.703472,0.648833,0.638223,0.634388,0.010000,0.473103,443.680791
33,1.398851,0.832523,1.422159,0.800759,0.056495,0.735060,0.691804,0.618447,0.617793,0.010000,0.472573,444.538329
34,1.391293,0.830482,1.417718,0.807643,0.057258,0.720831,0.676722,0.663264,0.653276,0.010000,0.473203,444.319130
35,1.382785,0.799042,1.403427,0.819741,0.059493,0.698065,0.644565,0.645804,0.632878,0.010000,0.473320,444.342862
36,1.378706,0.833546,1.378505,0.775384,0.053042,0.758395,0.737906,0.635087,0.649784,0.010000,0.473008,444.821321
37,1.370852,0.823241,1.391681,0.789565,0.053931,0.751281,0.729084,0.631076,0.638969,0.010000,0.472932,440.347133
38,1.358493,0.823030,1.420280,0.817012,0.058309,0.724246,0.671315,0.668753,0.654834,0.010000,0.472734,438.916208
39,1.353829,0.809070,1.374987,0.801808,0.054741,0.754696,0.739898,0.582991,0.602831,0.010000,0.472793,439.259819
40,1.347269,0.795085,1.381085,0.801819,0.054442,0.754126,0.737052,0.630903,0.641011,0.010000,0.472868,439.771926
41,1.339711,0.815897,1.370014,0.799784,0.056584,0.733921,0.688958,0.660950,0.659645,0.010000,0.472851,440.598118
42,1.329776,0.785043,1.390188,0.813899,0.055936,0.739328,0.698919,0.619448,0.621588,0.010000,0.472782,441.045938
43,1.320091,0.794545,1.349062,0.818446,0.059392,0.700057,0.647980,0.665478,0.651634,0.010000,0.472825,441.398952
44,1.313524,0.785216,1.346163,0.820200,0.058706,0.720546,0.669038,0.658266,0.639514,0.010000,0.472841,441.175687
45,1.308681,0.793326,1.347642,0.804691,0.056798,0.732499,0.704610,0.601206,0.612710,0.010000,0.472773,441.298953
46,1.301551,0.792040,1.337467,0.792291,0.054270,0.746443,0.714286,0.620974,0.632869,0.010000,0.472763,441.090582
47,1.294053,0.791482,1.331179,0.788177,0.053389,0.751281,0.721685,0.634270,0.640258,0.010000,0.472959,441.487465
48,1.289776,0.786361,1.312441,0.774574,0.052288,0.759818,0.740467,0.639617,0.648760,0.010000,0.472946,441.241355
49,1.280752,0.794696,1.307090,0.785094,0.053470,0.757257,0.738190,0.639504,0.644252,0.010000,0.472993,441.293736
50,1.272889,0.775213,1.295775,0.761732,0.052451,0.753842,0.730507,0.645629,0.655565,0.010000,0.472988,441.208558
51,1.265958,0.786703,1.307102,0.788735,0.053673,0.760956,0.735060,0.602047,0.612601,0.010000,0.472876,441.385929
52,1.260807,0.773050,1.315745,0.800439,0.056760,0.725953,0.690097,0.649751,0.646693,0.010000,0.472902,443.562067
53,1.251094,0.757910,1.273839,0.753497,0.052113,0.752419,0.723677,0.664399,0.663202,0.010000,0.472903,447.560410
54,1.248981,0.774340,1.288018,0.774079,0.053156,0.755834,0.731360,0.637284,0.648683,0.010000,0.473008,447.332795
55,1.241778,0.767686,1.273664,0.766463,0.052977,0.746443,0.721116,0.671387,0.680616,0.010000,0.472675,445.427881
56,1.235950,0.780966,1.267447,0.762686,0.052816,0.752134,0.721969,0.620049,0.641558,0.010000,0.472911,442.379617
57,1.228965,0.788328,1.288025,0.784468,0.053430,0.758680,0.723961,0.652853,0.658770,0.010000,0.472643,444.478507
58,1.222363,0.747288,1.255481,0.756623,0.052494,0.750142,0.704041,0.673543,0.672698,0.010000,0.472833,440.931098
59,1.218717,0.775235,1.274820,0.779579,0.053979,0.755549,0.727945,0.666271,0.677879,0.010000,0.472972,441.523385
60,1.213757,0.761765,1.278991,0.798890,0.053804,0.756403,0.745020,0.599914,0.628241,0.010000,0.473018,441.192912
61,1.204597,0.757045,1.263778,0.785482,0.054966,0.733068,0.704610,0.639180,0.649213,0.010000,0.472726,440.960002
62,1.199551,0.766042,1.244360,0.762165,0.051643,0.759818,0.740751,0.665728,0.672551,0.010000,0.473245,441.069160
63,1.196683,0.761367,1.247691,0.779566,0.054486,0.740751,0.684690,0.662051,0.651831,0.010000,0.472883,441.561615
64,1.187963,0.745976,1.230483,0.765919,0.051485,0.758964,0.744735,0.643215,0.662587,0.010000,0.472901,441.508155
65,1.188066,0.774153,1.223673,0.760157,0.051478,0.760102,0.734775,0.666059,0.669201,0.010000,0.472899,441.169704
66,1.176065,0.767536,1.216654,0.754594,0.051535,0.763517,0.728799,0.667946,0.668878,0.010000,0.472826,441.108095
67,1.168836,0.750351,1.217040,0.755129,0.052426,0.741890,0.708594,0.694804,0.696558,0.010000,0.473006,441.448536
68,1.161658,0.758681,1.220842,0.764764,0.052919,0.745589,0.715139,0.685692,0.680451,0.010000,0.472889,442.459783
69,1.161907,0.742807,1.209740,0.756714,0.051884,0.755834,0.725100,0.684973,0.687347,0.010000,0.472933,444.556127
70,1.153698,0.750133,1.200613,0.757189,0.050543,0.767786,0.753557,0.659852,0.675272,0.010000,0.473244,443.837250
71,1.149613,0.768039,1.233155,0.798204,0.054063,0.757257,0.737336,0.631317,0.646857,0.010000,0.473055,448.757438
72,1.147205,0.739505,1.182845,0.744691,0.050161,0.767786,0.750427,0.682929,0.688260,0.010000,0.473138,451.777921
73,1.140807,0.747786,1.188965,0.757171,0.051415,0.759533,0.743312,0.641506,0.658545,0.010000,0.473062,451.619088
74,1.136377,0.741401,1.201337,0.775123,0.052337,0.761241,0.747012,0.648833,0.668185,0.010000,0.473335,446.059430
75,1.131567,0.751196,1.183629,0.755325,0.051112,0.758680,0.742743,0.675780,0.686262,0.010000,0.472874,445.204099
76,1.125576,0.750034,1.169016,0.752047,0.050759,0.768355,0.741036,0.641759,0.655493,0.010000,0.473195,452.685868
77,1.121572,0.750987,1.177853,0.761253,0.052102,0.752988,0.719977,0.685195,0.682926,0.010000,0.473198,451.834401
78,1.113831,0.732546,1.155272,0.749421,0.050519,0.766363,0.745874,0.669089,0.677837,0.010000,0.473035,451.465002
79,1.113344,0.735824,1.171173,0.777718,0.054108,0.737906,0.703472,0.677588,0.671393,0.010000,0.473471,451.443134
80,1.111403,0.754461,1.158333,0.759767,0.051442,0.758680,0.741320,0.654676,0.669010,0.010000,0.473017,444.167494
81,1.102666,0.728764,1.156494,0.752979,0.050328,0.766648,0.744451,0.687877,0.685739,0.010000,0.473240,450.998870
82,1.093078,0.719115,1.153906,0.760388,0.051862,0.760387,0.738190,0.679509,0.690115,0.010000,0.473314,451.241845
83,1.090425,0.728212,1.155283,0.762140,0.050785,0.769209,0.751565,0.669609,0.677919,0.010000,0.473649,451.006232
84,1.089065,0.728366,1.141060,0.755138,0.050590,0.769493,0.747866,0.650166,0.663423,0.010000,0.472973,447.485995
85,1.083239,0.766147,1.138232,0.751859,0.050862,0.762948,0.739898,0.681871,0.691793,0.010000,0.473065,442.234584
86,1.077948,0.734460,1.138724,0.773951,0.053906,0.733352,0.702618,0.692993,0.696713,0.010000,0.473070,449.212433
87,1.073810,0.716758,1.128065,0.743756,0.050137,0.764940,0.745874,0.682306,0.687304,0.010000,0.472336,444.651801
88,1.069991,0.726312,1.133523,0.752322,0.050584,0.761241,0.741890,0.687614,0.695473,0.010000,0.472598,445.349198
89,1.062096,0.719817,1.131096,0.757419,0.051059,0.764940,0.749573,0.651881,0.665159,0.010000,0.472991,446.099760
90,1.061220,0.720958,1.128458,0.763203,0.051072,0.770916,0.753842,0.639138,0.657795,0.010000,0.473365,446.397658
91,1.056902,0.734353,1.119969,0.757987,0.051993,0.749858,0.716278,0.699150,0.697663,0.010000,0.473003,445.823766
92,1.053513,0.712048,1.118942,0.747611,0.050274,0.764371,0.742459,0.672398,0.686476,0.010000,0.472778,443.182094
93,1.046981,0.724292,1.088791,0.729697,0.048676,0.774900,0.757541,0.671377,0.679602,0.010000,0.472961,444.026826
94,1.042140,0.707327,1.105266,0.750102,0.050337,0.761241,0.754411,0.651327,0.675847,0.010000,0.473014,446.311923
95,1.042736,0.730276,1.101687,0.744060,0.049370,0.770916,0.760956,0.666056,0.677553,0.010000,0.472706,444.893734
96,1.034316,0.728423,1.091309,0.740369,0.049413,0.776608,0.759818,0.673617,0.688854,0.010000,0.472973,444.361487
97,1.033492,0.717688,1.098983,0.747004,0.050060,0.771770,0.751281,0.672554,0.682666,0.010000,0.472974,451.504571
98,1.026752,0.700771,1.114447,0.768252,0.052118,0.753842,0.722254,0.673478,0.670624,0.010000,0.473341,450.543178
99,1.021303,0.712193,1.095570,0.753395,0.050207,0.764940,0.749004,0.667618,0.680670,0.010000,0.473072,446.554483
100,1.022093,0.707935,1.092666,0.751692,0.050424,0.771770,0.746158,0.668530,0.672998,0.010000,0.472958,441.468394
1,0.987650,0.646841,1.071702,0.726503,0.048519,0.770916,0.745874,0.686502,0.702273,0.001000,0.502104,638.377149
2,0.978055,0.638311,1.064217,0.716664,0.047220,0.781161,0.759818,0.716759,0.715190,0.001000,0.471148,444.600675
3,0.976187,0.637529,1.070069,0.724593,0.047870,0.775470,0.755549,0.690578,0.702589,0.001000,0.471529,443.339633
4,0.973835,0.634623,1.072080,0.729104,0.047454,0.785999,0.763233,0.710133,0.716731,0.001000,0.471711,443.958900
5,0.971378,0.633244,1.050263,0.704842,0.046205,0.782584,0.764087,0.722844,0.724848,0.001000,0.471248,443.719415
6,0.967806,0.629523,1.059086,0.716850,0.047236,0.777746,0.754696,0.719652,0.715449,0.001000,0.471887,443.622572
7,0.968082,0.630311,1.071477,0.729383,0.048321,0.771201,0.751281,0.694561,0.703304,0.001000,0.471511,443.784247
8,0.963950,0.627018,1.063176,0.723495,0.047794,0.776039,0.757257,0.704996,0.713085,0.001000,0.471838,443.555266
9,0.967070,0.630097,1.054299,0.713835,0.046700,0.776323,0.761525,0.700944,0.710275,0.001000,0.471459,440.738912
10,0.963300,0.627146,1.065619,0.723017,0.047321,0.770632,0.755549,0.717042,0.716558,0.001000,0.471469,442.734073
11,0.962719,0.627141,1.060318,0.719110,0.047252,0.776323,0.756118,0.713259,0.716916,0.001000,0.471511,443.803498
12,0.962403,0.627788,1.066616,0.724683,0.047626,0.774616,0.755834,0.707056,0.710107,0.001000,0.471291,443.358421
13,0.958794,0.624081,1.065410,0.725710,0.047416,0.779454,0.755834,0.709311,0.712366,0.001000,0.471244,440.940278
14,0.959869,0.624599,1.067075,0.725865,0.048270,0.768355,0.742459,0.708342,0.711452,0.001000,0.471674,441.981601
15,0.962427,0.627680,1.056355,0.714820,0.047548,0.776039,0.749858,0.715797,0.716042,0.001000,0.471314,441.754809
16,0.955500,0.622540,1.065161,0.725226,0.047006,0.781161,0.764656,0.702209,0.706511,0.001000,0.471241,441.010939
17,0.957538,0.624280,1.055526,0.716030,0.046772,0.783438,0.760387,0.711552,0.718041,0.001000,0.471538,440.871500
18,0.954732,0.623079,1.078130,0.738339,0.048413,0.775470,0.754980,0.688843,0.693496,0.001000,0.471505,440.743323
19,0.954105,0.620693,1.067327,0.727689,0.047809,0.774331,0.753273,0.713345,0.711070,0.001000,0.471651,440.598275
20,0.951381,0.618476,1.067354,0.727942,0.048443,0.771770,0.753273,0.703905,0.708353,0.001000,0.471723,440.913091
21,0.953068,0.621055,1.062842,0.726918,0.047070,0.774900,0.762094,0.707824,0.712825,0.001000,0.471466,440.578139
22,0.951394,0.620124,1.074183,0.736405,0.048202,0.776039,0.756403,0.704487,0.707689,0.001000,0.471468,440.740670
23,0.950521,0.619829,1.075688,0.735896,0.048396,0.775754,0.754980,0.700008,0.706972,0.001000,0.471441,440.247570
24,0.947791,0.618115,1.080026,0.743640,0.048581,0.770916,0.750427,0.702366,0.705458,0.001000,0.471449,440.840484
25,0.946701,0.616371,1.066735,0.728645,0.047845,0.776608,0.758110,0.706154,0.713812,0.001000,0.471511,440.986654
26,0.944064,0.614812,1.063929,0.729124,0.047970,0.774900,0.762094,0.695104,0.710836,0.001000,0.471724,441.333559
27,0.943622,0.614251,1.059523,0.724521,0.046825,0.781161,0.766648,0.700481,0.710348,0.001000,0.470919,441.166637
28,0.946035,0.616767,1.070217,0.735571,0.047334,0.778031,0.758680,0.712435,0.717759,0.001000,0.471472,441.199987
29,0.945192,0.617502,1.072694,0.736233,0.047669,0.779454,0.760956,0.704359,0.707120,0.001000,0.471609,441.560820
30,0.941714,0.613420,1.054708,0.720242,0.047456,0.783153,0.756403,0.711636,0.715704,0.001000,0.471252,441.031441
31,0.940711,0.613839,1.067570,0.734459,0.047709,0.778884,0.762379,0.703259,0.706297,0.001000,0.471395,440.689636
32,0.942032,0.613998,1.067305,0.736296,0.047402,0.777462,0.763233,0.693956,0.701025,0.001000,0.471464,440.794107
33,0.940457,0.613623,1.078034,0.741683,0.048498,0.769778,0.751850,0.704887,0.704437,0.001000,0.471511,441.036859
34,0.942713,0.615965,1.069100,0.735990,0.047122,0.782869,0.764940,0.703362,0.713193,0.001000,0.471388,441.176220
35,0.941144,0.615342,1.075395,0.741396,0.048786,0.773762,0.750711,0.699725,0.698063,0.001000,0.471596,441.042161
36,0.939590,0.613168,1.069236,0.735346,0.047230,0.778315,0.765225,0.703918,0.712183,0.001000,0.471716,441.242325
37,0.937636,0.610629,1.083546,0.747369,0.048717,0.776608,0.760102,0.695508,0.705290,0.001000,0.471141,442.486670
38,0.936450,0.613641,1.055242,0.722261,0.046633,0.782869,0.767501,0.717984,0.727546,0.001000,0.471660,441.714993
39,0.934406,0.609234,1.058927,0.726644,0.047808,0.770632,0.750142,0.713507,0.719895,0.001000,0.471441,441.368186
40,0.936795,0.611567,1.081874,0.754749,0.048947,0.777462,0.760102,0.690855,0.695567,0.001000,0.471499,441.959472
41,0.932734,0.607880,1.071508,0.739511,0.048047,0.780023,0.760102,0.710041,0.716453,0.001000,0.471592,442.420861
42,0.932767,0.608570,1.078653,0.748929,0.048822,0.771485,0.748150,0.705510,0.708072,0.001000,0.471467,441.463943
43,0.929885,0.607952,1.049828,0.719152,0.046894,0.776323,0.753557,0.716234,0.719305,0.001000,0.470985,441.708868
44,0.928492,0.605762,1.087212,0.756826,0.048851,0.774900,0.755549,0.686665,0.687177,0.001000,0.471442,441.452476
45,0.929870,0.606807,1.071358,0.740120,0.048241,0.771485,0.752988,0.701987,0.712032,0.001000,0.471321,442.289082
46,0.926588,0.605977,1.077493,0.745037,0.048179,0.781446,0.756118,0.703192,0.697530,0.001000,0.471376,442.032068
47,0.928032,0.606897,1.078782,0.750722,0.048263,0.772055,0.752703,0.693175,0.701924,0.001000,0.471386,442.265996
48,0.928101,0.605159,1.071562,0.742257,0.048209,0.772624,0.747581,0.703578,0.705542,0.001000,0.471412,442.212427
49,0.928029,0.607133,1.063937,0.734421,0.047014,0.780592,0.762094,0.706389,0.709917,0.001000,0.471405,442.527174
50,0.922011,0.599787,1.068322,0.739137,0.047269,0.780307,0.758110,0.713524,0.710140,0.001000,0.471493,442.207734
51,0.923093,0.601067,1.064410,0.737839,0.047777,0.778315,0.755265,0.701342,0.702914,0.001000,0.471799,442.606940
52,0.922367,0.603516,1.075478,0.744403,0.048416,0.772624,0.756403,0.701803,0.704744,0.001000,0.471251,442.345232
53,0.921728,0.602990,1.066422,0.735604,0.048161,0.776323,0.758110,0.705310,0.710495,0.001000,0.471515,442.717225
54,0.919578,0.598900,1.058090,0.734576,0.047290,0.775754,0.754980,0.702338,0.710891,0.001000,0.471116,442.341134
55,0.918597,0.599762,1.060847,0.733104,0.047042,0.781730,0.764371,0.710711,0.713089,0.001000,0.471155,441.871665
56,0.919214,0.602935,1.060549,0.731479,0.046942,0.784291,0.762379,0.696577,0.705546,0.001000,0.471530,442.956174
57,0.920339,0.603283,1.075442,0.749218,0.048367,0.772055,0.750427,0.696862,0.701320,0.001000,0.471726,441.880153
58,0.919149,0.600951,1.061383,0.735637,0.047017,0.783722,0.756118,0.704739,0.703712,0.001000,0.471528,441.276180
59,0.916196,0.600181,1.075954,0.749297,0.047685,0.779738,0.765509,0.701284,0.712692,0.001000,0.471311,441.904293
60,0.919177,0.603239,1.064256,0.738651,0.047114,0.777462,0.761525,0.699446,0.713368,0.001000,0.471965,444.633880
61,0.915057,0.598123,1.070097,0.746647,0.049304,0.766648,0.741605,0.693187,0.700479,0.001000,0.471619,444.847177
62,0.912393,0.596650,1.064481,0.738639,0.047590,0.776608,0.757826,0.713097,0.716733,0.001000,0.471538,444.347027
63,0.913642,0.597672,1.064145,0.741032,0.048570,0.771485,0.750142,0.702909,0.701488,0.001000,0.471579,444.696367
64,0.911875,0.597998,1.058209,0.734886,0.047724,0.770632,0.753842,0.695874,0.709319,0.001000,0.471598,445.170269
65,0.915268,0.600928,1.071805,0.749099,0.048368,0.772908,0.753273,0.711410,0.709782,0.001000,0.471690,444.281958
66,0.909644,0.596285,1.069550,0.745279,0.048104,0.779169,0.757826,0.704742,0.707226,0.001000,0.471506,441.693082
67,0.909336,0.596180,1.066879,0.744510,0.047959,0.776039,0.761810,0.706899,0.711270,0.001000,0.471751,441.884484
68,0.907831,0.594365,1.070855,0.747324,0.047388,0.782869,0.766932,0.703720,0.708281,0.001000,0.471529,441.819912
69,0.907919,0.594790,1.052764,0.729557,0.046510,0.785145,0.772339,0.700356,0.709920,0.001000,0.471564,442.129636
70,0.907480,0.594487,1.069930,0.750790,0.048705,0.777177,0.756972,0.698282,0.698184,0.001000,0.471290,442.476826
71,0.905488,0.592854,1.079930,0.758595,0.049283,0.770347,0.754126,0.695396,0.698372,0.001000,0.471028,442.145889
72,0.903894,0.590584,1.044124,0.723853,0.046377,0.785145,0.772055,0.703831,0.716876,0.001000,0.471173,442.483293
73,0.900143,0.588892,1.076259,0.756634,0.048858,0.774900,0.756972,0.700487,0.710323,0.001000,0.471555,443.866288
74,0.903443,0.592148,1.078250,0.762315,0.048338,0.779738,0.762664,0.697153,0.698706,0.001000,0.471674,445.516649
75,0.904062,0.592830,1.067665,0.746807,0.048727,0.772339,0.754411,0.708222,0.716314,0.001000,0.471600,445.301979
76,0.899521,0.588988,1.065348,0.747618,0.048374,0.775185,0.758680,0.700085,0.710904,0.001000,0.472023,445.591860
77,0.898610,0.588841,1.064778,0.750015,0.048542,0.774900,0.752703,0.705703,0.705990,0.001000,0.471788,445.755638
78,0.894125,0.584558,1.059500,0.743375,0.048704,0.775470,0.755265,0.699883,0.709665,0.001000,0.471727,442.601383
79,0.897153,0.587077,1.080006,0.760078,0.049395,0.772055,0.747012,0.699916,0.702520,0.001000,0.471644,442.435938
80,0.896476,0.588516,1.071177,0.750007,0.048302,0.773762,0.756118,0.695268,0.701056,0.001000,0.471563,442.624383
81,0.893628,0.584896,1.068880,0.754155,0.048001,0.783438,0.762664,0.697516,0.698335,0.001000,0.471442,445.509366
82,0.890025,0.582241,1.072616,0.757773,0.047933,0.780023,0.762094,0.705607,0.708937,0.001000,0.471822,447.129936
83,0.889749,0.583396,1.062180,0.739986,0.047764,0.780023,0.759818,0.707466,0.718135,0.001000,0.471499,441.358243
84,0.893090,0.585467,1.065055,0.746388,0.047629,0.773478,0.757541,0.714205,0.717557,0.001000,0.471482,442.104958
85,0.888098,0.582426,1.087057,0.770276,0.049514,0.764656,0.749573,0.698520,0.707574,0.001000,0.471552,446.190010
86,0.887614,0.583516,1.075131,0.755262,0.048652,0.773193,0.756118,0.711451,0.716364,0.001000,0.471721,449.871701
87,0.884883,0.579036,1.059399,0.742674,0.048106,0.772339,0.755549,0.708691,0.712535,0.001000,0.471620,451.734554
88,0.885000,0.581799,1.092200,0.772718,0.048010,0.775754,0.755549,0.696833,0.698562,0.001000,0.471738,451.734393
89,0.880719,0.579241,1.096553,0.786116,0.050170,0.772908,0.754980,0.685180,0.688071,0.001000,0.471583,445.676561
90,0.882186,0.578728,1.065782,0.748767,0.048425,0.775754,0.751565,0.704153,0.706231,0.001000,0.471363,441.727808
91,0.881421,0.575286,1.097374,0.782025,0.048789,0.777746,0.757257,0.690153,0.696454,0.001000,0.471544,443.631623
92,0.881194,0.579988,1.080551,0.764301,0.049143,0.783153,0.758964,0.689801,0.696987,0.001000,0.471614,445.525950
93,0.875857,0.571623,1.048212,0.735686,0.047190,0.781446,0.762664,0.716705,0.724296,0.001000,0.471426,444.679354
94,0.876968,0.574086,1.072872,0.760911,0.047899,0.782584,0.767217,0.697810,0.708957,0.001000,0.471829,442.569313
95,0.879771,0.576830,1.058193,0.745019,0.046961,0.781730,0.771201,0.691695,0.707700,0.001000,0.471707,442.313180
96,0.876171,0.576252,1.065311,0.755174,0.047952,0.779454,0.764940,0.693307,0.703757,0.001000,0.471532,442.261197
97,0.872504,0.570519,1.064091,0.753961,0.048389,0.780876,0.765509,0.688466,0.695698,0.001000,0.471673,442.235295
98,0.869497,0.566542,1.089205,0.773124,0.049392,0.778315,0.762379,0.687341,0.696824,0.001000,0.471884,442.904799
99,0.871463,0.573146,1.085695,0.774346,0.048413,0.779169,0.759533,0.689700,0.696631,0.001000,0.471659,442.144402
100,0.868806,0.566432,1.087194,0.774771,0.049627,0.768640,0.750427,0.683961,0.690958,0.001000,0.471489,442.089500
101,0.885052,0.584797,1.059573,0.747478,0.047999,0.777462,0.764940,0.693802,0.704363,0.001000,0.471528,443.329068
102,0.881989,0.582080,1.084998,0.773612,0.048964,0.778315,0.763233,0.691666,0.701978,0.001000,0.471691,442.679808
103,0.881248,0.581587,1.075976,0.759304,0.049012,0.770916,0.750711,0.690064,0.696515,0.001000,0.471683,442.612789
104,0.879805,0.579640,1.075256,0.766793,0.048068,0.782299,0.765794,0.693494,0.700799,0.001000,0.471819,442.683006
105,0.884521,0.584065,1.067378,0.754715,0.046813,0.787422,0.769493,0.709606,0.712366,0.001000,0.471572,442.260393
106,0.884675,0.586194,1.063742,0.753241,0.047827,0.776892,0.758110,0.703812,0.713973,0.001000,0.471767,442.185644
