epoch,train_loss,train_xent,valid_loss,valid_xent,valid_xent_accuracy,valid_exp_accuracy,valid_xent_qwk,valid_exp_qwk,learning_rate,mb_time,time
1,1.910175,1.056323,1.776585,0.938814,0.705748,0.425726,0.200946,0.250489,0.001000,0.469556,733.641451
2,1.749032,0.934966,1.708207,0.920332,0.677291,0.469835,0.281480,0.301097,0.001000,0.452665,490.095479
3,1.675754,0.915977,1.636291,0.905913,0.729368,0.642573,0.279016,0.361956,0.001000,0.453740,491.161725
4,1.593910,0.894025,1.571749,0.902693,0.734206,0.644565,0.295902,0.389202,0.001000,0.453868,491.129553
5,1.525540,0.886598,1.493001,0.883637,0.725669,0.535287,0.333896,0.396970,0.001000,0.454163,491.409966
6,1.440974,0.861182,1.415801,0.865201,0.731929,0.680421,0.347953,0.441114,0.001000,0.454226,491.387508
7,1.377978,0.854850,1.387671,0.890420,0.731929,0.648549,0.396776,0.436371,0.001000,0.451720,487.806096
8,1.314939,0.842620,1.285767,0.837549,0.730791,0.603870,0.457448,0.484565,0.001000,0.446884,482.402670
9,1.244783,0.820361,1.221326,0.820067,0.739898,0.657086,0.473443,0.525665,0.001000,0.446858,482.498569
10,1.194078,0.813782,1.185783,0.825531,0.731076,0.593910,0.501501,0.541917,0.001000,0.446897,482.726711
11,1.148628,0.806900,1.137867,0.814182,0.745304,0.664200,0.436673,0.501426,0.001000,0.446589,483.142926
12,1.108336,0.801491,1.094843,0.803788,0.724815,0.600455,0.549365,0.549486,0.001000,0.447002,482.690838
13,1.073369,0.797515,1.070869,0.809389,0.745020,0.668754,0.504165,0.556419,0.001000,0.450270,486.413943
14,1.033168,0.785345,1.040232,0.805964,0.745020,0.659647,0.527692,0.560862,0.001000,0.446476,482.321607
15,1.014137,0.791585,1.046443,0.832742,0.746158,0.690381,0.487319,0.557997,0.001000,0.446418,482.508782
16,0.985043,0.781468,0.979933,0.787639,0.745589,0.640011,0.554486,0.570025,0.001000,0.446631,482.537536
17,0.958878,0.776363,0.958018,0.783706,0.745304,0.640296,0.558315,0.585205,0.001000,0.446369,482.167692
18,0.942356,0.776444,0.946442,0.788438,0.747866,0.700057,0.434617,0.541160,0.001000,0.446460,482.345946
19,0.919741,0.769152,0.917844,0.774031,0.748150,0.682698,0.539756,0.594916,0.001000,0.446422,482.871561
20,0.899736,0.762462,0.903605,0.772363,0.750996,0.676153,0.590688,0.615713,0.001000,0.446378,482.649715
21,0.888267,0.762330,0.898096,0.777216,0.751565,0.714855,0.547923,0.592146,0.001000,0.446481,482.680025
22,0.877414,0.760808,0.870489,0.758246,0.755549,0.695788,0.565207,0.613798,0.001000,0.445964,482.563253
23,0.866623,0.758029,0.869444,0.764703,0.753273,0.672738,0.621639,0.622003,0.001000,0.445815,482.545430
24,0.859111,0.757341,0.863449,0.765225,0.761241,0.698065,0.535951,0.588445,0.001000,0.445892,482.215254
25,0.847759,0.751654,0.852379,0.758440,0.752988,0.663347,0.566929,0.602273,0.001000,0.445333,482.181264
26,0.838656,0.747606,0.842418,0.753710,0.767217,0.703472,0.585390,0.619486,0.001000,0.445277,482.024428
27,0.835004,0.747666,0.839988,0.754561,0.754980,0.698349,0.622724,0.627286,0.001000,0.444749,482.002602
28,0.824426,0.740627,0.830942,0.748439,0.756118,0.709163,0.570786,0.608355,0.001000,0.444783,482.192037
29,0.824930,0.743501,0.821241,0.741272,0.756688,0.657655,0.615631,0.614491,0.001000,0.444581,481.686719
30,0.817054,0.738837,0.820726,0.743936,0.760387,0.696357,0.557311,0.609809,0.001000,0.444148,481.679513
31,0.810649,0.734552,0.832620,0.757381,0.754696,0.726522,0.607650,0.644304,0.001000,0.444205,481.405846
32,0.806023,0.731382,0.804456,0.730939,0.756118,0.704610,0.616470,0.656052,0.001000,0.443867,481.394643
33,0.800645,0.728150,0.804603,0.733205,0.765225,0.718839,0.563149,0.618537,0.001000,0.443532,481.960398
34,0.792390,0.721930,0.804923,0.735316,0.773478,0.731929,0.575173,0.617995,0.001000,0.450581,490.215929
35,0.796326,0.727354,0.805701,0.737525,0.762379,0.689528,0.590200,0.609020,0.001000,0.450312,490.254148
36,0.790784,0.723315,0.808492,0.741594,0.764940,0.723108,0.549154,0.597399,0.001000,0.450526,490.006937
37,0.785586,0.719442,0.788938,0.723522,0.775185,0.725953,0.589807,0.633582,0.001000,0.450853,489.989054
38,0.780284,0.715160,0.782431,0.717915,0.776323,0.733068,0.621754,0.665580,0.001000,0.450182,490.014613
39,0.779557,0.715401,0.805213,0.741599,0.766079,0.700341,0.590815,0.615829,0.001000,0.450331,490.204470
40,0.773300,0.710045,0.796585,0.733782,0.770916,0.725669,0.546066,0.600240,0.001000,0.450159,490.170982
41,0.770415,0.707783,0.804725,0.742458,0.760102,0.694650,0.624466,0.647005,0.001000,0.449884,490.245582
42,0.766024,0.704166,0.802218,0.740802,0.777746,0.702903,0.600279,0.621909,0.001000,0.449814,489.891728
43,0.764310,0.703115,0.771234,0.710132,0.777462,0.725669,0.600507,0.634458,0.001000,0.449862,489.772982
44,0.760892,0.700073,0.790215,0.729655,0.772624,0.700626,0.640351,0.654622,0.001000,0.449377,490.026307
45,0.765959,0.705565,0.781019,0.720810,0.764087,0.712863,0.568960,0.618984,0.001000,0.449303,490.081737
46,0.759659,0.699733,0.776728,0.717024,0.768355,0.682982,0.625262,0.643448,0.001000,0.449317,489.907725
47,0.757870,0.698266,0.766440,0.706990,0.784291,0.735913,0.608890,0.639285,0.001000,0.449022,489.847216
48,0.757559,0.698307,0.769963,0.710975,0.780876,0.717985,0.627331,0.651709,0.001000,0.449094,489.894316
49,0.756506,0.697668,0.762640,0.704068,0.783438,0.744451,0.607519,0.646035,0.001000,0.449403,490.012975
50,0.753608,0.695140,0.766483,0.708148,0.770632,0.717416,0.624711,0.650892,0.001000,0.449674,489.971549
51,0.748105,0.689899,0.774014,0.715967,0.781446,0.732499,0.604169,0.643975,0.001000,0.449201,489.749533
52,0.749947,0.691923,0.774191,0.716321,0.768924,0.718270,0.619068,0.645582,0.001000,0.449010,489.708779
53,0.742389,0.684790,0.763018,0.705648,0.776608,0.709732,0.650314,0.665617,0.001000,0.449202,489.543887
54,0.741453,0.684105,0.762623,0.705201,0.776323,0.725384,0.624954,0.662930,0.001000,0.448371,489.777385
55,0.743118,0.685744,0.771689,0.714383,0.774616,0.720546,0.654190,0.676461,0.001000,0.448535,489.133877
56,0.742207,0.685023,0.784463,0.727249,0.769778,0.726522,0.569558,0.626894,0.001000,0.448440,489.119047
57,0.746805,0.689714,0.765267,0.708348,0.779738,0.727661,0.614030,0.652174,0.001000,0.448321,488.915253
58,0.738629,0.681848,0.774698,0.718024,0.768924,0.703187,0.667841,0.676920,0.001000,0.448106,488.794983
59,0.738718,0.681968,0.751149,0.694357,0.778884,0.719977,0.672613,0.680672,0.001000,0.448338,488.890838
60,0.733000,0.676269,0.774791,0.718128,0.772055,0.730791,0.600161,0.639473,0.001000,0.448158,489.466451
61,0.733872,0.677193,0.767389,0.710814,0.775754,0.722538,0.600308,0.638416,0.001000,0.448230,489.632872
62,0.733079,0.676477,0.760415,0.703837,0.783722,0.730507,0.650649,0.673449,0.001000,0.448072,489.207874
63,0.733011,0.676520,0.755460,0.698999,0.786853,0.709732,0.641677,0.663662,0.001000,0.448203,489.858638
64,0.733746,0.677342,0.749526,0.693232,0.785714,0.739328,0.624435,0.655639,0.001000,0.447997,489.137682
65,0.731148,0.674851,0.751770,0.695475,0.783153,0.736198,0.638723,0.678295,0.001000,0.447968,488.875281
66,0.729457,0.673228,0.767916,0.711764,0.780592,0.727092,0.642797,0.673719,0.001000,0.447995,488.732589
67,0.725635,0.669544,0.749325,0.693228,0.786568,0.729937,0.664586,0.679554,0.001000,0.447786,489.311048
68,0.728109,0.672015,0.765795,0.709690,0.786853,0.736198,0.629146,0.650391,0.001000,0.447956,488.786421
69,0.727479,0.671377,0.754907,0.698830,0.787422,0.735060,0.680114,0.701241,0.001000,0.447872,488.668152
70,0.724174,0.668155,0.745755,0.689672,0.774047,0.706033,0.644762,0.671010,0.001000,0.447902,488.671663
71,0.729223,0.673190,0.758735,0.702853,0.782299,0.743312,0.642660,0.682777,0.001000,0.446318,487.446982
72,0.721709,0.665839,0.755675,0.699810,0.791690,0.751281,0.617394,0.650076,0.001000,0.444050,484.366027
73,0.724670,0.668754,0.756066,0.700225,0.789983,0.735060,0.633848,0.653876,0.001000,0.442317,483.724536
74,0.721811,0.665905,0.762877,0.707032,0.783153,0.734206,0.666929,0.686009,0.001000,0.446557,487.531152
75,0.721758,0.665913,0.760349,0.704437,0.780307,0.731645,0.657634,0.684159,0.001000,0.446825,487.900348
76,0.721816,0.665824,0.740320,0.684199,0.787422,0.740751,0.657411,0.686189,0.001000,0.447686,488.548929
77,0.718730,0.662631,0.748643,0.692641,0.788275,0.729084,0.653391,0.677165,0.001000,0.447811,488.736285
78,0.717967,0.662078,0.750635,0.694755,0.784576,0.731929,0.662379,0.680852,0.001000,0.447589,488.485866
79,0.719569,0.663587,0.770133,0.714164,0.774616,0.722254,0.657621,0.678572,0.001000,0.447814,488.656825
80,0.716169,0.660173,0.738128,0.682133,0.782299,0.731645,0.648181,0.668937,0.001000,0.447634,488.804314
81,0.718577,0.662633,0.741676,0.685902,0.784576,0.743028,0.658465,0.685779,0.001000,0.447758,488.569969
82,0.713141,0.657274,0.756518,0.700550,0.774900,0.713432,0.653013,0.671405,0.001000,0.447583,488.629024
83,0.716013,0.660071,0.775157,0.719229,0.778884,0.721400,0.665114,0.694441,0.001000,0.447676,488.663407
84,0.716798,0.660961,0.741474,0.685629,0.786568,0.736767,0.686657,0.699737,0.001000,0.447772,488.460533
85,0.713288,0.657410,0.745213,0.689297,0.779738,0.724530,0.648683,0.677051,0.001000,0.447572,488.427365
86,0.714880,0.658958,0.740559,0.684659,0.778315,0.726238,0.664064,0.691096,0.001000,0.447513,488.782151
87,0.711111,0.655293,0.763040,0.707247,0.782584,0.735913,0.647269,0.673797,0.001000,0.447431,488.513251
88,0.709621,0.653834,0.753455,0.697679,0.778884,0.740751,0.664319,0.684744,0.001000,0.447715,488.524744
89,0.709258,0.653540,0.759508,0.703804,0.776323,0.712863,0.680770,0.676879,0.001000,0.447432,488.502564
90,0.708524,0.652828,0.730611,0.674956,0.791406,0.744735,0.668697,0.687233,0.001000,0.446247,487.641076
91,0.709465,0.653833,0.744115,0.688421,0.781730,0.721400,0.676209,0.687804,0.001000,0.447721,488.587218
92,0.708642,0.653049,0.746775,0.691165,0.780307,0.732783,0.665559,0.684330,0.001000,0.439050,477.037573
93,0.707409,0.651849,0.734669,0.679180,0.789414,0.753273,0.664702,0.689517,0.001000,0.440119,468.667396
94,0.709461,0.653961,0.751969,0.696486,0.775754,0.729084,0.600970,0.647026,0.001000,0.439764,467.431026
95,0.707614,0.652169,0.715909,0.660468,0.796244,0.760672,0.669807,0.703271,0.001000,0.439663,466.594442
1,0.679007,0.623706,0.723491,0.668331,0.798805,0.743882,0.683016,0.698003,0.000100,0.453133,728.373722
2,0.674552,0.619511,0.709219,0.654299,0.801081,0.756972,0.703287,0.723908,0.000100,0.438622,469.326465
3,0.664997,0.610187,0.717132,0.662432,0.792260,0.753557,0.670684,0.701029,0.000100,0.438478,466.703869
4,0.665344,0.610746,0.716268,0.661770,0.792544,0.755265,0.681139,0.707569,0.000100,0.438969,477.501109
5,0.662077,0.607677,0.722255,0.667954,0.795390,0.756118,0.692525,0.718448,0.000100,0.439018,482.426948
6,0.656791,0.602580,0.716557,0.662435,0.795390,0.750142,0.675260,0.705022,0.000100,0.438401,473.265609
7,0.657654,0.603624,0.712359,0.658421,0.801366,0.760956,0.682055,0.708450,0.000100,0.438162,473.779254
8,0.655768,0.601917,0.717484,0.663714,0.799659,0.754980,0.678152,0.707565,0.000100,0.438314,474.001930
9,0.656867,0.603173,0.716324,0.662712,0.793967,0.752988,0.671422,0.693046,0.000100,0.438033,473.559045
10,0.653857,0.600322,0.722849,0.669399,0.798236,0.758110,0.691798,0.714015,0.000100,0.437858,474.382342
11,0.653555,0.600180,0.714737,0.661436,0.795959,0.756688,0.690872,0.710604,0.000100,0.438034,472.790694
12,0.652441,0.599216,0.719113,0.665969,0.796813,0.754126,0.681646,0.700899,0.000100,0.437858,472.285655
13,0.652988,0.599919,0.715702,0.662700,0.801935,0.759533,0.685446,0.708926,0.000100,0.437928,473.387085
14,0.651905,0.598973,0.734754,0.681896,0.795105,0.748719,0.674430,0.704116,0.000100,0.438001,472.887915
15,0.653498,0.600708,0.708400,0.655674,0.801081,0.750142,0.695231,0.718200,0.000100,0.437963,472.859050
16,0.650511,0.597853,0.712625,0.660031,0.795105,0.764656,0.677959,0.705349,0.000100,0.438072,472.797081
17,0.650350,0.597822,0.704365,0.651909,0.797666,0.762664,0.686842,0.710478,0.000100,0.437998,472.893768
18,0.648891,0.596499,0.713060,0.660726,0.800797,0.758964,0.691915,0.705685,0.000100,0.438075,477.512837
19,0.646879,0.594604,0.722718,0.670503,0.795959,0.755834,0.695582,0.709181,0.000100,0.438027,475.086461
20,0.646404,0.594249,0.719009,0.666917,0.791975,0.756118,0.673458,0.710638,0.000100,0.437906,473.724614
21,0.642153,0.590118,0.719486,0.667505,0.806204,0.757257,0.690217,0.701485,0.000100,0.437472,466.315632
22,0.647988,0.596067,0.721379,0.669517,0.797951,0.754411,0.691550,0.707586,0.000100,0.437562,462.041672
23,0.645067,0.593258,0.724277,0.672525,0.792829,0.758395,0.684482,0.706330,0.000100,0.438237,462.301290
24,0.643725,0.592032,0.722484,0.670850,0.795390,0.752703,0.683623,0.699410,0.000100,0.437505,461.761155
25,0.641964,0.590382,0.725763,0.674237,0.799943,0.752419,0.696148,0.704342,0.000100,0.437446,461.791649
1,0.632963,0.581443,0.716157,0.664643,0.797951,0.762094,0.686310,0.705458,0.000010,0.103858,411.027142
2,0.637832,0.586324,0.711778,0.660276,0.801081,0.762094,0.684481,0.713517,0.000010,0.097008,394.796334
3,0.630675,0.579179,0.721118,0.669628,0.795390,0.757826,0.671133,0.702616,0.000010,0.097037,388.673421
4,0.632803,0.581319,0.717268,0.665789,0.797666,0.759818,0.694686,0.710693,0.000010,0.097236,378.670683
5,0.631229,0.579757,0.719972,0.668506,0.795959,0.761241,0.690230,0.708378,0.000010,0.096988,379.204372
6,0.628260,0.576801,0.713980,0.662527,0.797097,0.756118,0.682254,0.711761,0.000010,0.096902,376.532917
7,0.629371,0.577923,0.711634,0.660192,0.803073,0.765794,0.680817,0.707914,0.000010,0.097905,543.610083
8,0.628896,0.577460,0.720422,0.668992,0.798236,0.760387,0.680767,0.707273,0.000010,0.096410,432.398197
9,0.630293,0.578869,0.716707,0.665288,0.793967,0.751281,0.687844,0.704664,0.000010,0.096522,370.649822
10,0.627686,0.576273,0.730059,0.678652,0.800797,0.763517,0.687050,0.705440,0.000010,0.096595,372.106438
11,0.628725,0.577324,0.715475,0.664080,0.796813,0.760956,0.697266,0.712244,0.000010,0.096558,369.505535
12,0.627120,0.575730,0.720300,0.668916,0.801651,0.756688,0.690953,0.706115,0.000010,0.096547,378.023296
13,0.629646,0.578268,0.717268,0.665896,0.800512,0.760387,0.687677,0.710981,0.000010,0.096591,364.538794
14,0.628075,0.576708,0.738187,0.686826,0.798236,0.756688,0.671324,0.704775,0.000010,0.096696,356.414157
15,0.631780,0.580425,0.711486,0.660135,0.799089,0.757541,0.699616,0.716691,0.000010,0.096715,364.358402
16,0.630013,0.578668,0.713830,0.662491,0.798520,0.765509,0.690770,0.711402,0.000010,0.096749,367.832708
17,0.627981,0.576647,0.708382,0.657054,0.799659,0.764940,0.694741,0.713782,0.000010,0.096699,357.936411
18,0.627874,0.576552,0.716425,0.665109,0.799659,0.761241,0.696872,0.708716,0.000010,0.096626,369.627498
19,0.626585,0.575274,0.719306,0.668000,0.797382,0.761241,0.683004,0.706087,0.000010,0.096743,357.461283
20,0.626430,0.575128,0.726631,0.675336,0.796244,0.758395,0.674676,0.709276,0.000010,0.096740,356.165450
21,0.623410,0.572121,0.723003,0.671718,0.808480,0.761241,0.696813,0.709557,0.000010,0.096534,352.579746
22,0.628273,0.576994,0.728436,0.677163,0.800797,0.757257,0.692689,0.711328,0.000010,0.096692,367.870284
23,0.625412,0.574143,0.726913,0.675650,0.796244,0.760102,0.681416,0.700445,0.000010,0.096619,357.080165
24,0.624351,0.573092,0.724981,0.673728,0.799089,0.755265,0.681509,0.698747,0.000010,0.096727,354.806217
25,0.622828,0.571581,0.727725,0.676482,0.795105,0.757541,0.692679,0.715375,0.000010,0.096675,360.697262
26,0.635392,0.584156,0.717812,0.666581,0.800797,0.766363,0.682403,0.713368,0.000010,0.096657,350.094912
27,0.635377,0.584153,0.709729,0.658512,0.796244,0.755265,0.684350,0.711234,0.000010,0.096656,352.536482
28,0.637059,0.585848,0.731831,0.680627,0.801651,0.758964,0.680718,0.706497,0.000010,0.096566,355.644631
29,0.633494,0.582296,0.728324,0.677131,0.795390,0.758964,0.680595,0.704304,0.000010,0.096666,350.566077
30,0.633405,0.582218,0.718214,0.667033,0.799089,0.762379,0.678232,0.697827,0.000010,0.096741,359.361360
31,0.631778,0.580603,0.709433,0.658264,0.798805,0.762094,0.687783,0.712414,0.000010,0.096681,357.854045
32,0.636187,0.585024,0.719705,0.668548,0.797951,0.758395,0.685242,0.707757,0.000010,0.096664,360.496102
33,0.632830,0.581680,0.709166,0.658021,0.798805,0.757541,0.700329,0.713706,0.000010,0.096713,354.343855
34,0.635440,0.584302,0.716563,0.665431,0.797666,0.752988,0.682976,0.712834,0.000010,0.096634,352.332845
35,0.632282,0.581155,0.710879,0.659758,0.797951,0.756688,0.694533,0.707062,0.000010,0.096663,356.130057
36,0.632421,0.581305,0.719055,0.667945,0.797666,0.762379,0.677218,0.706201,0.000010,0.096652,355.345422
37,0.635577,0.584473,0.712499,0.661401,0.801366,0.768071,0.696784,0.714579,0.000010,0.096588,354.403231
38,0.632826,0.581734,0.707300,0.656214,0.803927,0.766363,0.694500,0.711746,0.000010,0.096641,350.941573
39,0.630559,0.579479,0.717300,0.666226,0.805635,0.765794,0.686573,0.704613,0.000010,0.096552,358.359301
40,0.634769,0.583701,0.710920,0.659857,0.800512,0.764656,0.686394,0.705885,0.000010,0.096669,355.664713
41,0.630224,0.579167,0.731076,0.680024,0.800512,0.764940,0.692287,0.706568,0.000010,0.096832,387.439704
42,0.631889,0.580843,0.712787,0.661747,0.801935,0.761241,0.694447,0.714324,0.000010,0.096545,432.256718
43,0.631724,0.580691,0.715129,0.664101,0.797666,0.764940,0.695128,0.724283,0.000010,0.096670,447.826387
44,0.634209,0.583187,0.713455,0.662439,0.802789,0.761241,0.685509,0.711802,0.000010,0.096476,393.789726
45,0.630752,0.579741,0.726335,0.675330,0.795674,0.750142,0.685658,0.698852,0.000010,0.096695,403.631891
46,0.630159,0.579159,0.718382,0.667387,0.799089,0.757541,0.697780,0.711279,0.000010,0.096574,413.121738
47,0.632828,0.581839,0.717969,0.666986,0.799659,0.760672,0.690109,0.715386,0.000010,0.096592,409.166272
48,0.630779,0.579801,0.721892,0.670919,0.800797,0.758395,0.680733,0.703477,0.000010,0.096645,403.814763
49,0.630688,0.579721,0.719244,0.668283,0.802504,0.757541,0.694413,0.706451,0.000010,0.096816,391.887490
50,0.630789,0.579834,0.718126,0.667177,0.802504,0.759533,0.688610,0.701765,0.000010,0.096654,395.460055
51,0.627640,0.576696,0.706127,0.655189,0.802504,0.766648,0.697707,0.717927,0.000010,0.096770,401.073457
52,0.630017,0.579084,0.728431,0.677503,0.800228,0.758110,0.689457,0.704584,0.000010,0.096702,394.881015
53,0.627871,0.576949,0.715895,0.664979,0.796528,0.757541,0.690154,0.712431,0.000010,0.096740,401.856918
54,0.628454,0.577542,0.715207,0.664302,0.801366,0.762094,0.688339,0.713722,0.000010,0.096687,386.722185
55,0.629831,0.578931,0.708983,0.658089,0.803643,0.762948,0.691007,0.710958,0.000010,0.096715,411.618370
56,0.625792,0.574903,0.720370,0.669486,0.804212,0.762664,0.684789,0.707300,0.000010,0.096652,408.367458
57,0.633942,0.583064,0.720504,0.669632,0.800228,0.762379,0.683465,0.715105,0.000010,0.096721,386.845631
58,0.629787,0.578919,0.716979,0.666116,0.800797,0.760956,0.682426,0.704707,0.000010,0.096769,393.831105
59,0.628631,0.577773,0.724312,0.673460,0.801651,0.764087,0.680952,0.703731,0.000010,0.096660,402.784965
60,0.630639,0.579793,0.710751,0.659910,0.799089,0.768355,0.682835,0.710697,0.000010,0.096692,379.208656
61,0.626963,0.576128,0.712820,0.661990,0.800228,0.765225,0.684769,0.719002,0.000010,0.096648,390.477308
62,0.626695,0.575871,0.710095,0.659277,0.802789,0.762948,0.697383,0.713508,0.000010,0.096537,399.974668
63,0.625680,0.574866,0.729176,0.678368,0.796528,0.754696,0.673035,0.700078,0.000010,0.096667,384.316748
64,0.628560,0.577758,0.712602,0.661805,0.799659,0.762094,0.691160,0.709943,0.000010,0.096676,378.363514
65,0.630526,0.579736,0.729549,0.678764,0.799374,0.760387,0.693070,0.710200,0.000010,0.097073,373.660656
66,0.624312,0.573532,0.724069,0.673295,0.799089,0.762094,0.689841,0.710288,0.000010,0.096945,378.190351
67,0.624175,0.573406,0.707778,0.657015,0.803358,0.763802,0.706411,0.723773,0.000010,0.096905,384.800639
68,0.624462,0.573704,0.724895,0.674141,0.802220,0.766079,0.694304,0.713712,0.000010,0.096936,391.499326
69,0.624809,0.574061,0.711295,0.660553,0.806204,0.771770,0.694862,0.722343,0.000010,0.096989,383.065100
70,0.627572,0.576835,0.712253,0.661521,0.801366,0.753273,0.689141,0.699326,0.000010,0.096995,381.654099
71,0.628818,0.578091,0.715390,0.664667,0.798520,0.756403,0.699411,0.713739,0.000010,0.096985,375.294941
72,0.623337,0.572620,0.710003,0.659291,0.801081,0.758680,0.699621,0.714524,0.000010,0.097021,381.961557
73,0.626810,0.576103,0.720884,0.670183,0.798236,0.763233,0.689849,0.710997,0.000010,0.097006,359.241199
74,0.621779,0.571083,0.722219,0.671528,0.799943,0.762379,0.692629,0.705106,0.000010,0.096840,345.665601
75,0.622466,0.571781,0.722694,0.672014,0.798520,0.756972,0.685326,0.713398,0.000010,0.096838,345.782108
76,0.622909,0.572234,0.711535,0.660865,0.799374,0.768071,0.695358,0.718899,0.000010,0.096899,345.955400
77,0.622268,0.571602,0.714403,0.663743,0.801366,0.760387,0.698917,0.720337,0.000010,0.096850,347.540755
78,0.623662,0.573007,0.724924,0.674276,0.798236,0.758395,0.687499,0.709081,0.000010,0.096829,346.182413
79,0.623904,0.573261,0.729283,0.678645,0.793682,0.758110,0.676289,0.702698,0.000010,0.097000,346.979606
80,0.621859,0.571225,0.713806,0.663178,0.801935,0.759249,0.703289,0.718324,0.000010,0.096859,345.572549
81,0.621544,0.570920,0.713536,0.662917,0.802220,0.755549,0.707765,0.724669,0.000010,0.096902,347.099084
82,0.623452,0.572839,0.731601,0.680992,0.798520,0.761810,0.678680,0.704541,0.000010,0.096912,347.788758
83,0.619033,0.568429,0.716513,0.665915,0.803073,0.764087,0.688504,0.701042,0.000010,0.096785,346.664325
84,0.623304,0.572711,0.714508,0.663920,0.807342,0.768355,0.704723,0.717466,0.000010,0.096573,368.854539
85,0.616914,0.566330,0.726799,0.676219,0.799943,0.764656,0.694054,0.713197,0.000010,0.097343,358.138160
86,0.619294,0.568720,0.707467,0.656898,0.798520,0.764656,0.692655,0.719318,0.000010,0.097281,365.067955
87,0.614358,0.563792,0.722124,0.671564,0.803073,0.762379,0.687802,0.710887,0.000010,0.097134,354.398331
88,0.615899,0.565343,0.725071,0.674520,0.796528,0.756118,0.685728,0.705727,0.000010,0.097277,348.302603
89,0.616626,0.566080,0.734081,0.683540,0.798805,0.763233,0.699364,0.710321,0.000010,0.097231,349.699448
90,0.613853,0.563317,0.717103,0.666572,0.796244,0.762379,0.694915,0.716721,0.000010,0.097149,349.329829
91,0.612726,0.562199,0.713726,0.663204,0.799374,0.757826,0.694239,0.709360,0.000010,0.097078,346.048133
92,0.612442,0.561924,0.727989,0.677475,0.797951,0.760102,0.689135,0.707612,0.000010,0.097134,348.323208
93,0.608864,0.558355,0.725048,0.674542,0.801935,0.763802,0.699991,0.715546,0.000010,0.097135,343.176130
94,0.607982,0.557480,0.734599,0.684101,0.803643,0.761241,0.698257,0.712027,0.000010,0.096851,346.661828
95,0.602600,0.552106,0.711550,0.661061,0.805919,0.765225,0.704897,0.718882,0.000010,0.096728,339.710715
96,0.630287,0.579803,0.709959,0.659481,0.802220,0.770632,0.702507,0.719332,0.000010,0.096847,340.604569
97,0.630858,0.580386,0.710889,0.660423,0.800512,0.768924,0.700082,0.721442,0.000010,0.096704,337.193844
98,0.626559,0.576098,0.729098,0.678642,0.798520,0.760956,0.686219,0.701992,0.000010,0.096733,343.149340
99,0.628227,0.577776,0.718451,0.668005,0.801651,0.757257,0.697957,0.711541,0.000010,0.096688,338.204531
100,0.624260,0.573819,0.730721,0.680285,0.799943,0.760956,0.681408,0.704059,0.000010,0.096664,336.367973
101,0.624935,0.574504,0.719112,0.668686,0.796244,0.763517,0.693389,0.716958,0.000010,0.096617,339.014988
102,0.629465,0.579044,0.722847,0.672431,0.794252,0.759818,0.679394,0.704541,0.000010,0.096719,336.973984
103,0.625174,0.574763,0.727573,0.677168,0.804781,0.764656,0.677629,0.700647,0.000010,0.096743,340.040139
104,0.625557,0.575157,0.718767,0.668371,0.804212,0.755834,0.699170,0.715956,0.000010,0.096679,336.674531
105,0.628592,0.578201,0.707822,0.657437,0.799374,0.768071,0.694597,0.721552,0.000010,0.096661,338.397506
106,0.630821,0.580441,0.713511,0.663136,0.802220,0.768355,0.690601,0.720442,0.000010,0.096743,336.707509
107,0.627893,0.577523,0.717537,0.667172,0.799943,0.756118,0.683655,0.704939,0.000010,0.096796,338.903065
108,0.630777,0.580418,0.722734,0.672380,0.793682,0.756403,0.672900,0.704921,0.000010,0.096735,336.619072
109,0.626759,0.576409,0.728426,0.678081,0.798236,0.757826,0.678085,0.702433,0.000010,0.096805,339.929727
110,0.627020,0.576681,0.723132,0.672797,0.797666,0.759818,0.680793,0.702485,0.000010,0.096752,334.904526
111,0.630618,0.580288,0.708569,0.658245,0.802504,0.766932,0.694322,0.715561,0.000010,0.096768,335.416811
112,0.628839,0.578520,0.720363,0.670048,0.801366,0.762379,0.692144,0.709328,0.000010,0.096715,336.488838
113,0.626630,0.576320,0.711660,0.661355,0.802504,0.758964,0.697664,0.714121,0.000010,0.096767,335.841318
114,0.626195,0.575896,0.720292,0.669998,0.798520,0.760956,0.695715,0.708156,0.000010,0.096807,338.190003
115,0.626003,0.575714,0.718642,0.668358,0.800797,0.766363,0.686517,0.716938,0.000010,0.096689,334.649648
116,0.626107,0.575828,0.725910,0.675635,0.803927,0.758964,0.692988,0.706296,0.000010,0.096665,335.412403
117,0.625495,0.575225,0.721172,0.670906,0.799943,0.762948,0.700295,0.713429,0.000010,0.096770,335.631013
118,0.625705,0.575444,0.716684,0.666427,0.798520,0.756972,0.687283,0.709518,0.000010,0.096734,334.671121
119,0.627466,0.577215,0.706168,0.655922,0.800228,0.765225,0.686224,0.717659,0.000010,0.096807,336.225449
120,0.625855,0.575612,0.732206,0.681969,0.800797,0.762379,0.684748,0.709680,0.000010,0.096579,334.693192
121,0.625564,0.575332,0.720229,0.670001,0.801366,0.759533,0.696311,0.714167,0.000010,0.096511,334.722402
122,0.625555,0.575332,0.728321,0.678103,0.799374,0.759533,0.688421,0.705964,0.000010,0.096524,334.482635
123,0.625852,0.575638,0.717816,0.667607,0.799659,0.757826,0.687026,0.708887,0.000010,0.096615,334.466692
124,0.625484,0.575280,0.711905,0.661706,0.802789,0.762664,0.702228,0.713595,0.000010,0.096631,334.587684
125,0.625486,0.575292,0.724728,0.674538,0.800797,0.766079,0.683234,0.706708,0.000010,0.096625,335.415016
126,0.625162,0.574977,0.718856,0.668676,0.795390,0.755834,0.685699,0.703441,0.000010,0.096706,335.989127
127,0.627486,0.577311,0.714316,0.664147,0.804781,0.761525,0.694995,0.711876,0.000010,0.096656,335.313252
128,0.623702,0.573538,0.719510,0.669350,0.802220,0.765794,0.682681,0.708746,0.000010,0.096690,341.952509
129,0.622119,0.571964,0.715129,0.664979,0.802789,0.759533,0.696216,0.715799,0.000010,0.096724,343.854236
130,0.621382,0.571236,0.722871,0.672729,0.799943,0.761241,0.689593,0.705890,0.000010,0.096719,344.332285
131,0.625169,0.575032,0.728616,0.678485,0.799943,0.758964,0.678623,0.703355,0.000010,0.096650,349.833855
132,0.623952,0.573825,0.718311,0.668189,0.800228,0.766079,0.694987,0.710763,0.000010,0.096590,344.746564
133,0.626556,0.576438,0.710576,0.660463,0.804212,0.771201,0.695319,0.719188,0.000010,0.097215,404.799741
134,0.624733,0.574625,0.715529,0.665425,0.801651,0.769778,0.688998,0.717994,0.000010,0.096719,466.032783
135,0.625085,0.574986,0.723420,0.673325,0.797666,0.763233,0.687583,0.709709,0.000010,0.096686,447.013079
136,0.621631,0.571541,0.721036,0.670950,0.803358,0.765509,0.696300,0.719424,0.000010,0.096694,427.785698
137,0.623558,0.573476,0.724640,0.674563,0.798805,0.758110,0.678243,0.702402,0.000010,0.096631,429.758254
138,0.626144,0.576071,0.710268,0.660201,0.802220,0.768355,0.699054,0.713304,0.000010,0.096708,414.244097
139,0.623770,0.573707,0.719685,0.669627,0.801366,0.764940,0.682401,0.709155,0.000010,0.096829,427.875191
140,0.624527,0.574473,0.709339,0.659290,0.804781,0.767217,0.703740,0.719331,0.000010,0.096702,383.841425
141,0.624805,0.574761,0.713186,0.663146,0.805350,0.764371,0.691934,0.714129,0.000010,0.096649,381.686268
142,0.624429,0.574394,0.713030,0.663000,0.799659,0.759533,0.697748,0.713073,0.000010,0.096670,364.571131
143,0.624518,0.574493,0.700551,0.650531,0.802504,0.764087,0.687579,0.717024,0.000010,0.096655,366.927949
144,0.625799,0.575784,0.712312,0.662301,0.802220,0.767501,0.687814,0.713627,0.000010,0.096721,384.659924
145,0.625492,0.575486,0.716209,0.666208,0.801651,0.759533,0.686281,0.710385,0.000010,0.096718,373.210818
146,0.622731,0.572735,0.730200,0.680208,0.801935,0.766363,0.695405,0.710487,0.000010,0.096787,371.847043
147,0.624350,0.574363,0.701775,0.651791,0.800228,0.760956,0.708449,0.718427,0.000010,0.096767,375.699809
