epoch,train_loss,train_xent,valid_loss,valid_xent,valid_xent_accuracy,valid_exp_accuracy,valid_xent_qwk,valid_exp_qwk,learning_rate,mb_time,time
1,2.837250,1.982627,2.516000,1.675198,0.323615,0.363703,0.697128,0.706878,0.001000,0.479277,190.955797
2,2.444362,1.624006,2.396875,1.598513,0.375364,0.370991,0.758754,0.727483,0.001000,0.439920,184.004038
3,2.339724,1.564051,2.312076,1.559607,0.382653,0.411808,0.788221,0.785238,0.001000,0.439264,184.918708
4,2.255299,1.525556,2.249502,1.542901,0.353499,0.408892,0.782753,0.802946,0.001000,0.440865,185.900163
5,2.197345,1.512304,2.190953,1.527540,0.397959,0.405248,0.798836,0.774157,0.001000,0.436353,182.241776
6,2.136073,1.493076,2.136981,1.514158,0.378280,0.432216,0.802142,0.816551,0.001000,0.433295,182.590067
7,2.077760,1.473883,2.083351,1.498334,0.389213,0.462828,0.819116,0.854850,0.001000,0.433214,182.484135
8,2.035886,1.467916,2.032090,1.481040,0.351312,0.445335,0.805669,0.840952,0.001000,0.433158,182.690383
9,1.984129,1.448926,2.011315,1.491614,0.413265,0.491983,0.824064,0.851992,0.001000,0.432929,183.211035
10,1.951560,1.445566,1.949841,1.457765,0.459184,0.492711,0.859794,0.864795,0.001000,0.433333,182.437072
11,1.904122,1.425117,1.920475,1.454207,0.456268,0.523324,0.863573,0.874757,0.001000,0.433293,183.092870
12,1.871988,1.417345,1.903582,1.460349,0.444606,0.513120,0.849486,0.867627,0.001000,0.433134,182.102993
13,1.848865,1.415576,1.880967,1.458087,0.384111,0.498542,0.802031,0.866774,0.001000,0.433358,183.487031
14,1.808425,1.395283,1.881060,1.477711,0.485423,0.443149,0.852257,0.828223,0.001000,0.433459,182.795128
15,1.795420,1.400540,1.835895,1.449572,0.433673,0.461370,0.845550,0.858001,0.001000,0.433378,182.873532
16,1.762243,1.384031,1.797829,1.427387,0.420554,0.528426,0.865709,0.881367,0.001000,0.433431,182.091102
17,1.756067,1.392656,1.775052,1.417984,0.452624,0.564140,0.879849,0.899132,0.001000,0.433450,183.059155
18,1.729691,1.379394,1.760011,1.416449,0.474490,0.564869,0.880617,0.897916,0.001000,0.433439,182.749962
19,1.705859,1.368932,1.755593,1.425041,0.469388,0.564140,0.878818,0.893139,0.001000,0.433368,183.423599
20,1.696332,1.371251,1.738090,1.418346,0.431487,0.509475,0.827094,0.845858,0.001000,0.433473,183.092387
21,1.684670,1.369880,1.721461,1.411962,0.467201,0.549563,0.878823,0.894805,0.001000,0.433225,182.961365
22,1.667044,1.362680,1.736601,1.436856,0.436589,0.521866,0.856243,0.866129,0.001000,0.433503,183.400028
23,1.646843,1.351917,1.721031,1.431061,0.435860,0.555394,0.862835,0.888164,0.001000,0.433240,183.232153
24,1.644436,1.358249,1.701276,1.419099,0.467930,0.587464,0.875554,0.895758,0.001000,0.433410,182.964587
25,1.638039,1.359738,1.685604,1.409358,0.471574,0.548105,0.862228,0.886533,0.001000,0.433303,183.208729
26,1.635322,1.362223,1.687282,1.417834,0.440233,0.567055,0.884219,0.905011,0.001000,0.433465,183.186560
27,1.615939,1.349994,1.674757,1.412138,0.419096,0.577259,0.857170,0.907577,0.001000,0.433443,183.336057
28,1.603980,1.345417,1.653705,1.398206,0.498542,0.618805,0.882014,0.913275,0.001000,0.433421,183.407094
29,1.583899,1.332173,1.643927,1.396285,0.416181,0.577259,0.869023,0.898536,0.001000,0.433219,182.905326
30,1.577788,1.333231,1.652298,1.411294,0.458455,0.589650,0.858119,0.904354,0.001000,0.433247,183.052117
31,1.590357,1.350835,1.638538,1.400104,0.438776,0.592566,0.883932,0.914316,0.001000,0.433914,186.876118
32,1.569858,1.334362,1.622044,1.389657,0.457726,0.615889,0.887604,0.922937,0.001000,0.433482,183.830053
33,1.561593,1.332315,1.639199,1.411976,0.420554,0.604227,0.882609,0.924886,0.001000,0.433405,183.558351
34,1.560712,1.335788,1.639638,1.416642,0.370991,0.561224,0.862342,0.905259,0.001000,0.433353,183.083306
35,1.549416,1.328840,1.624635,1.406952,0.538630,0.590379,0.893407,0.893548,0.001000,0.433475,184.481063
36,1.541047,1.325734,1.595303,1.382003,0.518950,0.641399,0.905902,0.927704,0.001000,0.433475,182.117454
37,1.531768,1.321454,1.598656,1.390532,0.453353,0.586735,0.883542,0.900153,0.001000,0.433641,180.381088
38,1.528298,1.322473,1.607432,1.403667,0.470845,0.562682,0.876985,0.899120,0.001000,0.433676,181.091038
39,1.530980,1.328406,1.593982,1.393369,0.457726,0.624636,0.881208,0.919873,0.001000,0.433665,181.260475
40,1.532793,1.333270,1.625238,1.426632,0.502915,0.548105,0.879740,0.881957,0.001000,0.433521,182.299167
41,1.516562,1.319926,1.585614,1.391346,0.508746,0.629009,0.884759,0.920484,0.001000,0.433458,181.766428
42,1.510756,1.318473,1.577440,1.387293,0.480321,0.604956,0.895059,0.915244,0.001000,0.433481,182.346992
43,1.519745,1.329491,1.595268,1.406439,0.472303,0.602041,0.888124,0.915227,0.001000,0.433567,181.675807
44,1.518682,1.330626,1.572142,1.384431,0.488338,0.606414,0.880926,0.908344,0.001000,0.433577,182.271606
45,1.507167,1.321598,1.574695,1.390991,0.489067,0.641399,0.896837,0.923686,0.001000,0.433554,182.471088
46,1.489986,1.308879,1.550539,1.371993,0.504373,0.650146,0.906738,0.923357,0.001000,0.433475,181.905230
47,1.489443,1.312836,1.578653,1.403306,0.464286,0.588921,0.861336,0.901351,0.001000,0.433209,182.768537
48,1.504209,1.329215,1.575163,1.398615,0.491983,0.632653,0.886677,0.911195,0.001000,0.433332,182.301085
49,1.489806,1.314922,1.576471,1.403470,0.499271,0.563411,0.875955,0.893724,0.001000,0.433511,182.433283
50,1.488480,1.316813,1.542102,1.372179,0.564140,0.636297,0.913242,0.920083,0.001000,0.433324,182.146509
51,1.455681,1.286191,1.520857,1.351877,0.483236,0.683673,0.903999,0.937404,0.000100,0.433342,182.455076
52,1.444393,1.275915,1.515196,1.347247,0.480321,0.696793,0.911277,0.943185,0.000100,0.433282,182.311062
53,1.438420,1.270988,1.518133,1.351226,0.528426,0.715743,0.915101,0.941602,0.000100,0.433427,181.841640
54,1.434691,1.268311,1.516709,1.350862,0.502187,0.719388,0.912504,0.943151,0.000100,0.433449,182.400627
55,1.431269,1.265953,1.507708,1.342932,0.525510,0.714286,0.912823,0.946883,0.000100,0.433298,182.458240
56,1.428424,1.264185,1.520177,1.356480,0.515306,0.725948,0.908898,0.943896,0.000100,0.433324,182.650783
57,1.425483,1.262329,1.512015,1.349412,0.506560,0.708455,0.913861,0.943350,0.000100,0.433566,182.620121
58,1.422949,1.260890,1.509772,1.348278,0.499271,0.726676,0.907488,0.942342,0.000100,0.433556,182.718028
59,1.420419,1.259473,1.514254,1.353865,0.510933,0.717930,0.911234,0.946159,0.000100,0.433416,182.680162
60,1.417765,1.257934,1.509685,1.350418,0.517493,0.734694,0.911580,0.946984,0.000100,0.433329,182.700020
61,1.416884,1.258179,1.503611,1.345469,0.501458,0.720845,0.911262,0.945677,0.000100,0.433336,182.588701
62,1.413874,1.256285,1.516884,1.359870,0.487609,0.723761,0.905897,0.946464,0.000100,0.433481,183.335223
63,1.411541,1.255092,1.515518,1.359645,0.491254,0.739067,0.907362,0.948103,0.000100,0.433475,182.600145
64,1.409629,1.254328,1.513248,1.358531,0.488338,0.713557,0.906233,0.942108,0.000100,0.433300,182.419157
65,1.408010,1.253858,1.501735,1.348148,0.511662,0.721574,0.910474,0.946338,0.000100,0.433441,182.407609
66,1.405031,1.252024,1.505694,1.353271,0.527697,0.723032,0.914484,0.947813,0.000100,0.433381,182.648056
67,1.403370,1.251520,1.509350,1.358092,0.505831,0.740525,0.912628,0.944401,0.000100,0.433450,182.748297
68,1.400775,1.250089,1.499520,1.349415,0.502187,0.739796,0.908117,0.947235,0.000100,0.433498,182.899163
69,1.399062,1.249526,1.505237,1.356278,0.504373,0.731778,0.910251,0.945532,0.000100,0.433587,182.789542
70,1.398120,1.249721,1.487312,1.339488,0.528426,0.744169,0.913972,0.948998,0.000100,0.433269,182.323913
71,1.395976,1.248710,1.508928,1.362230,0.500729,0.755831,0.909383,0.948503,0.000100,0.433316,182.416103
72,1.394063,1.247914,1.497238,1.351645,0.512391,0.739067,0.910590,0.948955,0.000100,0.433284,181.707164
73,1.392369,1.247316,1.495094,1.350605,0.532070,0.736880,0.918883,0.948271,0.000100,0.433442,181.874002
74,1.389999,1.246067,1.496735,1.353363,0.511662,0.736880,0.908898,0.948213,0.000100,0.433337,182.938006
75,1.388310,1.245490,1.493538,1.351272,0.510933,0.731778,0.900738,0.942075,0.000100,0.433494,184.348589
76,1.385969,1.244236,1.493180,1.352001,0.492711,0.740525,0.910682,0.949043,0.000100,0.433343,184.123243
77,1.385708,1.245059,1.499595,1.359487,0.516035,0.741983,0.911789,0.948414,0.000100,0.433540,183.237134
78,1.384085,1.244506,1.520989,1.381932,0.497813,0.739796,0.904160,0.948700,0.000100,0.433264,183.625826
79,1.381670,1.243135,1.489938,1.351946,0.493440,0.735423,0.907648,0.949667,0.000100,0.433252,183.873448
80,1.379507,1.242039,1.514243,1.377304,0.505831,0.741254,0.910850,0.945741,0.000100,0.433433,183.833614
81,1.377856,1.240973,1.491347,1.354522,0.488338,0.743440,0.909221,0.951115,0.000010,0.433366,184.231842
82,1.376178,1.239410,1.504306,1.367596,0.503644,0.735423,0.906866,0.949799,0.000010,0.433398,183.996794
83,1.376058,1.239405,1.496733,1.360138,0.520408,0.751458,0.908758,0.951296,0.000010,0.433378,183.626531
84,1.375309,1.238772,1.496598,1.360120,0.503644,0.755831,0.910761,0.951264,0.000010,0.433369,184.267150
85,1.374639,1.238220,1.487613,1.351254,0.521866,0.752187,0.906976,0.949159,0.000010,0.433370,184.461508
86,1.374959,1.238659,1.489740,1.353501,0.509475,0.751458,0.911572,0.953982,0.000010,0.433397,183.130673
87,1.374621,1.238442,1.485739,1.349621,0.505102,0.755831,0.911397,0.950521,0.000010,0.433400,184.735448
88,1.373899,1.237840,1.497011,1.361013,0.497813,0.752915,0.909239,0.950913,0.000010,0.433390,184.753213
89,1.374352,1.238415,1.477919,1.342044,0.505831,0.752187,0.912607,0.952457,0.000010,0.433549,184.372465
90,1.373445,1.237630,1.481021,1.345266,0.509475,0.750000,0.908499,0.951621,0.000010,0.433411,184.198265
91,1.373373,1.237680,1.488011,1.352381,0.505831,0.757289,0.914985,0.951119,0.000010,0.433332,184.153259
92,1.372716,1.237147,1.492218,1.356712,0.494898,0.737609,0.908710,0.949567,0.000010,0.433417,184.360631
93,1.372666,1.237225,1.495982,1.360606,0.497085,0.757289,0.910807,0.951462,0.000010,0.433417,183.602042
94,1.372817,1.237504,1.496238,1.360991,0.500000,0.741254,0.909522,0.950813,0.000010,0.433356,183.545849
95,1.372085,1.236901,1.491731,1.356614,0.491983,0.752187,0.908207,0.953967,0.000010,0.433430,183.109701
96,1.372140,1.237087,1.484557,1.349571,0.511662,0.744898,0.913587,0.952131,0.000010,0.433385,183.927613
97,1.371863,1.236942,1.497584,1.362729,0.508017,0.747813,0.913812,0.950810,0.000010,0.433442,183.800118
98,1.371513,1.236723,1.503708,1.368984,0.513120,0.750729,0.912059,0.952578,0.000010,0.433385,183.881832
99,1.371246,1.236587,1.497275,1.362683,0.506560,0.750000,0.907699,0.949381,0.000010,0.433418,183.848006
100,1.370738,1.236212,1.484497,1.350038,0.518222,0.743440,0.910002,0.947980,0.000010,0.433343,183.964918
