epoch,train_loss,train_xent,valid_loss,valid_xent,valid_xent_accuracy,valid_exp_accuracy,valid_xent_qwk,valid_exp_qwk,learning_rate,mb_time,time
1,0.544720,nan,0.383460,nan,0.142295,0.235020,0.081685,0.548302,0.001000,0.149376,274.398094
2,0.326952,nan,0.260705,nan,0.098265,0.335472,-0.238842,0.644231,0.001000,0.119606,155.926438
3,0.192167,nan,0.141738,nan,0.107596,0.322204,-0.225183,0.734932,0.001000,0.119931,155.750580
4,0.096079,nan,0.069169,nan,0.117218,0.355591,-0.213207,0.757186,0.001000,0.119983,155.863625
5,0.021680,nan,0.001120,nan,0.101473,0.408660,-0.270285,0.787526,0.001000,0.120059,155.988321
6,-0.032965,nan,-0.046663,nan,0.081499,0.436944,-0.356411,0.805170,0.001000,0.120076,156.591302
7,-0.087210,nan,-0.102227,nan,0.114740,0.419303,-0.245361,0.808225,0.001000,0.120122,156.740420
8,-0.134697,nan,-0.152797,nan,0.121009,0.391894,-0.243562,0.831188,0.001000,0.119978,156.698269
9,-0.172537,nan,-0.187278,nan,0.119405,0.422219,-0.223312,0.835177,0.001000,0.120076,157.311039
10,-0.209172,nan,-0.204544,nan,0.101764,0.431258,-0.263243,0.816854,0.001000,0.120060,156.568204
11,-0.235618,nan,-0.242880,nan,0.132089,0.377752,-0.212523,0.833870,0.001000,0.120063,156.609169
12,-0.266369,nan,-0.261781,nan,0.122321,0.414492,-0.240977,0.830900,0.001000,0.120025,156.539088
13,-0.291338,nan,-0.293834,nan,0.122029,0.446129,-0.245065,0.851453,0.001000,0.119998,156.567488
14,-0.314677,nan,-0.311450,nan,0.118093,0.421053,-0.241392,0.850217,0.001000,0.120110,156.713667
15,-0.332781,nan,-0.324302,nan,0.099869,0.484181,-0.279748,0.848279,0.001000,0.120287,156.766678
16,-0.351255,nan,-0.345102,nan,0.121446,0.432862,-0.233734,0.849495,0.001000,0.120058,156.716320
17,-0.372628,nan,-0.368205,nan,0.119697,0.470039,-0.250022,0.868412,0.001000,0.120070,156.849528
18,-0.386390,nan,-0.371403,nan,0.118968,0.438985,-0.212383,0.845442,0.001000,0.120038,156.907802
19,-0.403291,nan,-0.392768,nan,0.127570,0.472518,-0.241744,0.864352,0.001000,0.120031,156.844385
20,-0.412069,nan,-0.403569,nan,0.123779,0.477621,-0.238953,0.861646,0.001000,0.120103,156.736893
21,-0.426566,nan,-0.414980,nan,0.118239,0.500510,-0.244192,0.868965,0.001000,0.120384,157.755060
22,-0.436842,nan,-0.432934,nan,0.126986,0.485931,-0.238260,0.882543,0.001000,0.120058,156.726657
23,-0.446804,nan,-0.441160,nan,0.125966,0.531564,-0.238435,0.879723,0.001000,0.120013,156.862777
24,-0.460038,nan,-0.449790,nan,0.127278,0.511591,-0.234494,0.879808,0.001000,0.120073,156.802235
25,-0.467800,nan,-0.461461,nan,0.123196,0.502551,-0.226917,0.887982,0.001000,0.120123,156.723687
26,-0.479225,nan,-0.465772,nan,0.125237,0.509841,-0.247645,0.880218,0.001000,0.120048,156.782442
27,-0.485705,nan,-0.467114,nan,0.120280,0.522379,-0.224009,0.874029,0.001000,0.120034,156.708132
28,-0.493805,nan,-0.476851,nan,0.129319,0.539875,-0.233332,0.878545,0.001000,0.120056,156.805881
29,-0.496624,nan,-0.484905,nan,0.124362,0.514944,-0.240430,0.885241,0.001000,0.120104,156.797380
30,-0.505357,nan,-0.490952,nan,0.124945,0.530690,-0.212551,0.884196,0.001000,0.120006,156.554268
31,-0.512458,nan,-0.502066,nan,0.118968,0.561744,-0.229672,0.896004,0.001000,0.120046,156.813376
32,-0.513943,nan,-0.501338,nan,0.128444,0.532731,-0.222811,0.883801,0.001000,0.120035,157.343636
33,-0.524447,nan,-0.510880,nan,0.124508,0.546144,-0.222782,0.894658,0.001000,0.120044,156.684460
34,-0.530482,nan,-0.515485,nan,0.127132,0.544394,-0.231935,0.893131,0.001000,0.120019,156.730750
35,-0.536360,nan,-0.521562,nan,0.128153,0.548331,-0.241074,0.898788,0.001000,0.120048,156.806669
36,-0.541734,nan,-0.521484,nan,0.123925,0.548914,-0.225855,0.890407,0.001000,0.120135,156.905917
37,-0.543860,nan,-0.527153,nan,0.122613,0.559848,-0.221889,0.894571,0.001000,0.120158,156.835338
38,-0.548886,nan,-0.534467,nan,0.138942,0.541187,-0.198691,0.898430,0.001000,0.120044,156.716107
39,-0.552968,nan,-0.535437,nan,0.130340,0.538125,-0.235209,0.892160,0.001000,0.120081,156.879221
40,-0.555681,nan,-0.538431,nan,0.150459,0.556349,-0.149343,0.894176,0.001000,0.120124,156.915313
41,-0.555753,nan,-0.535903,nan,0.155125,0.558245,-0.089707,0.885326,0.001000,0.120112,156.729599
42,-0.562585,nan,-0.546733,nan,0.154979,0.572532,-0.122537,0.898549,0.001000,0.120099,156.731507
43,-0.559167,nan,-0.535860,nan,0.131798,0.507363,-0.146239,0.874594,0.001000,0.120077,157.319189
44,-0.560723,nan,-0.539984,nan,0.139671,0.567430,-0.156462,0.887499,0.001000,0.120123,156.739192
45,-0.567557,nan,-0.552922,nan,0.146377,0.577052,-0.166226,0.902419,0.001000,0.120078,156.738732
46,-0.564795,nan,-0.551785,nan,0.134568,0.536084,-0.203232,0.896847,0.001000,0.120123,156.896354
47,-0.572633,nan,-0.558063,nan,0.143315,0.583175,-0.182240,0.903644,0.001000,0.120094,157.128010
48,-0.575367,nan,-0.559584,nan,0.130923,0.566118,-0.230544,0.900929,0.001000,0.120051,156.998533
49,-0.582688,nan,-0.566709,nan,0.142878,0.573407,-0.182653,0.911018,0.001000,0.120109,156.878284
50,-0.582481,nan,-0.564908,nan,0.149293,0.552559,-0.159042,0.900919,0.001000,0.120045,156.666529
51,-0.585758,nan,-0.568829,nan,0.145794,0.607523,-0.150731,0.907119,0.001000,0.120049,156.874518
52,-0.591182,nan,-0.571093,nan,0.156728,0.590757,-0.144305,0.906070,0.001000,0.119989,156.788708
53,-0.589510,nan,-0.569505,nan,0.177140,0.576031,-0.064110,0.901180,0.001000,0.120131,157.029525
54,-0.590438,nan,-0.569535,nan,0.172037,0.594110,-0.068217,0.901860,0.001000,0.120120,156.879479
55,-0.593076,nan,-0.574765,nan,0.194489,0.579531,0.027652,0.903747,0.001000,0.120335,157.513899
56,-0.595128,nan,-0.577587,nan,0.184721,0.605628,-0.011977,0.909321,0.001000,0.120119,156.692361
57,-0.597389,nan,-0.580388,nan,0.206007,0.587987,0.040392,0.910657,0.001000,0.120076,156.900060
58,-0.600614,nan,-0.576930,nan,0.209360,0.587841,0.063988,0.901808,0.001000,0.120071,157.073998
59,-0.597255,nan,-0.579832,nan,0.181368,0.597609,-0.048033,0.906062,0.001000,0.119999,156.982384
60,-0.600130,nan,-0.579960,nan,0.189240,0.584779,-0.004883,0.901290,0.001000,0.120070,156.838291
61,-0.604628,nan,-0.581421,nan,0.213588,0.589590,0.091275,0.901503,0.001000,0.120090,156.729362
62,-0.601642,nan,-0.577394,nan,0.211255,0.594402,0.100833,0.894407,0.001000,0.120017,156.964576
63,-0.607022,nan,-0.587510,nan,0.209214,0.620499,0.080265,0.909472,0.001000,0.120055,156.838435
64,-0.610158,nan,-0.590086,nan,0.210672,0.594839,0.045931,0.911716,0.001000,0.120022,157.074960
65,-0.612213,nan,-0.585871,nan,0.196239,0.585654,0.043336,0.902860,0.001000,0.120008,156.854708
66,-0.614487,nan,-0.595073,nan,0.217087,0.622540,0.094168,0.918556,0.001000,0.119993,157.403752
67,-0.615250,nan,-0.593430,nan,0.214025,0.606065,0.073752,0.911988,0.001000,0.120128,156.817542
68,-0.615354,nan,-0.596343,nan,0.225106,0.618020,0.117792,0.916009,0.001000,0.120129,156.728139
69,-0.615102,nan,-0.596341,nan,0.231229,0.634349,0.158464,0.914935,0.001000,0.120089,156.920194
70,-0.617804,nan,-0.598696,nan,0.230937,0.619478,0.152137,0.915980,0.001000,0.120166,156.922238
71,-0.620041,nan,-0.599992,nan,0.227584,0.622394,0.127188,0.916750,0.001000,0.120149,157.371930
72,-0.616507,nan,-0.584443,nan,0.231521,0.573990,0.144879,0.888612,0.001000,0.120114,157.237797
73,-0.607394,nan,-0.583843,nan,0.221169,0.573261,0.169079,0.887459,0.001000,0.120039,157.060485
74,-0.607076,nan,-0.587514,nan,0.213442,0.563493,0.090081,0.896773,0.001000,0.120066,156.909213
75,-0.612771,nan,-0.599529,nan,0.221023,0.628809,0.111853,0.919361,0.001000,0.120132,157.167648
76,-0.618773,nan,-0.599004,nan,0.222627,0.629829,0.115373,0.913113,0.001000,0.120081,157.014465
77,-0.622663,nan,-0.602302,nan,0.227876,0.637848,0.132129,0.916393,0.001000,0.120032,157.174719
78,-0.619285,nan,-0.597660,nan,0.231521,0.625601,0.170420,0.905742,0.001000,0.120182,157.885942
79,-0.612573,nan,-0.595013,nan,0.224814,0.575011,0.121635,0.904251,0.001000,0.120015,157.321497
80,-0.611844,nan,-0.596730,nan,0.228896,0.606794,0.142064,0.907656,0.001000,0.120043,157.121233
1,-0.622451,nan,-0.606975,nan,0.235894,0.653885,0.158213,0.928097,0.000100,0.130837,203.743431
2,-0.626332,nan,-0.608084,nan,0.236186,0.658405,0.168622,0.928717,0.000100,0.097791,126.798953
3,-0.629341,nan,-0.609089,nan,0.239248,0.671672,0.174393,0.930732,0.000100,0.097822,125.576178
4,-0.630648,nan,-0.610481,nan,0.239248,0.677650,0.166919,0.931644,0.000100,0.097985,126.671972
5,-0.631592,nan,-0.610857,nan,0.242164,0.682461,0.183738,0.931459,0.000100,0.097792,125.909683
6,-0.633212,nan,-0.611995,nan,0.242309,0.682898,0.178004,0.932780,0.000100,0.097625,126.249036
7,-0.634361,nan,-0.613114,nan,0.243622,0.682461,0.189197,0.933076,0.000100,0.097806,127.865768
8,-0.635054,nan,-0.613263,nan,0.246829,0.686835,0.200233,0.932215,0.000100,0.097565,128.176490
9,-0.636114,nan,-0.614854,nan,0.243913,0.686252,0.186584,0.934539,0.000100,0.099780,143.128137
10,-0.637065,nan,-0.615205,nan,0.244205,0.693104,0.191864,0.934452,0.000100,0.098044,131.117712
11,-0.637582,nan,-0.616216,nan,0.245808,0.690771,0.192769,0.934914,0.000100,0.097640,127.427752
12,-0.638655,nan,-0.615351,nan,0.246975,0.699227,0.197262,0.934500,0.000100,0.097921,130.347550
13,-0.639367,nan,-0.616296,nan,0.243767,0.694416,0.190021,0.933653,0.000100,0.097783,126.352117
14,-0.640037,nan,-0.616972,nan,0.246829,0.698061,0.201871,0.934269,0.000100,0.097403,128.852688
15,-0.640921,nan,-0.618046,nan,0.250036,0.697332,0.212523,0.935400,0.000100,0.097834,126.035905
16,-0.641528,nan,-0.617894,nan,0.248287,0.701560,0.210473,0.936470,0.000100,0.098433,150.865069
17,-0.641986,nan,-0.618498,nan,0.250328,0.700977,0.220692,0.935611,0.000100,0.097636,127.915084
18,-0.643085,nan,-0.617930,nan,0.251057,0.701706,0.226175,0.932670,0.000100,0.097647,127.644747
19,-0.643592,nan,-0.618947,nan,0.252952,0.706517,0.230889,0.935104,0.000100,0.097722,126.739662
20,-0.644130,nan,-0.619824,nan,0.252223,0.704767,0.218744,0.935735,0.000100,0.097903,128.786169
21,-0.644853,nan,-0.621197,nan,0.250474,0.702872,0.215289,0.937338,0.000100,0.097662,125.661389
22,-0.645368,nan,-0.619440,nan,0.251932,0.699956,0.229943,0.934064,0.000100,0.097789,161.307631
23,-0.645777,nan,-0.621220,nan,0.252369,0.717160,0.217898,0.937117,0.000100,0.102345,180.430167
24,-0.646713,nan,-0.620409,nan,0.250182,0.704767,0.216766,0.933907,0.000100,0.097834,126.886196
25,-0.646934,nan,-0.622084,nan,0.251786,0.709579,0.225860,0.937199,0.000100,0.097862,126.300810
26,-0.647355,nan,-0.621566,nan,0.257909,0.706517,0.250103,0.933767,0.000100,0.097551,125.860347
27,-0.647982,nan,-0.622016,nan,0.252952,0.705496,0.226203,0.934303,0.000100,0.097676,127.901998
28,-0.648514,nan,-0.623036,nan,0.249745,0.707683,0.210123,0.936260,0.000100,0.097853,125.678413
29,-0.648852,nan,-0.623910,nan,0.252369,0.713807,0.231568,0.937182,0.000100,0.097979,130.484414
30,-0.649412,nan,-0.625154,nan,0.256743,0.706809,0.245394,0.938448,0.000100,0.097644,126.757717
31,-0.650024,nan,-0.624514,nan,0.255139,0.706517,0.239668,0.936119,0.000100,0.097616,127.392861
32,-0.650270,nan,-0.625920,nan,0.256743,0.709287,0.249652,0.938610,0.000100,0.097858,126.759383
33,-0.651034,nan,-0.624910,nan,0.254702,0.709433,0.231406,0.936006,0.000100,0.097865,138.991375
34,-0.651357,nan,-0.626046,nan,0.256889,0.719055,0.237890,0.937892,0.000100,0.097802,126.470381
35,-0.651809,nan,-0.625793,nan,0.251349,0.715848,0.216018,0.937913,0.000100,0.097913,127.811367
36,-0.652326,nan,-0.625166,nan,0.251786,0.705934,0.219381,0.934090,0.000100,0.099889,148.236676
37,-0.652630,nan,-0.625840,nan,0.256306,0.717160,0.240825,0.936594,0.000100,0.097569,126.143105
38,-0.652805,nan,-0.626812,nan,0.256451,0.718618,0.245459,0.937370,0.000100,0.097773,126.301927
39,-0.653252,nan,-0.626541,nan,0.254410,0.712640,0.230207,0.934970,0.000100,0.098390,131.616980
40,-0.653733,nan,-0.627148,nan,0.254848,0.716139,0.232592,0.936658,0.000100,0.097606,126.574972
41,-0.654102,nan,-0.626618,nan,0.255285,0.713661,0.232253,0.935675,0.000100,0.098495,133.179814
42,-0.654262,nan,-0.626014,nan,0.252369,0.707246,0.222779,0.933231,0.000100,0.097792,126.901430
43,-0.654846,nan,-0.627317,nan,0.257180,0.714536,0.252708,0.935836,0.000100,0.097700,127.676886
44,-0.655268,nan,-0.627177,nan,0.257472,0.709579,0.250780,0.934984,0.000100,0.097630,126.561726
45,-0.655368,nan,-0.629314,nan,0.260679,0.722263,0.264066,0.937986,0.000100,0.098145,129.295568
46,-0.655723,nan,-0.628943,nan,0.258055,0.719638,0.243065,0.936861,0.000100,0.097721,127.381209
47,-0.656097,nan,-0.629900,nan,0.259805,0.719638,0.260377,0.936999,0.000100,0.098498,133.305256
