3.923415
18.353666
18.682426
19.007412
17.944338
19.540411
23.350742
21.589684
21.249620
23.791668
23.343336
23.603201
26.121937
29.123745
25.758896
25.526960
23.567795
24.507347
25.478540
20.791763
17.026785
13.933041
12.218418
12.719351
8.919066
8.169081
5.453078
4.056271
4.501319
4.232765
3.575776
5.156136
4.690529
4.682571
4.647931
6.346774
6.129188
6.550547
8.047712
8.824631
8.619293
5.449084
7.933037
7.165866
8.202990
3.845072
3.364020
9.764670
1.894240
2.085806
2.053133
2.021423
2.286901
1.987436
2.857051
2.062031
2.089939
1.988766
1.971141
2.009467
2.098533
2.010470
1.922795
2.024687
2.020323
2.517635
2.007235
1.941298
1.935312
1.914623
2.060972
1.997117
1.936632
1.947089
1.956677
1.842257
2.071610
1.986623
2.091302
1.861692
2.031485
2.000289
1.916898
1.948269
1.898276
2.081777
1.890359
1.915917
1.949419
1.901872
1.910784
1.869080
1.986354
1.936627
1.918209
1.878606
1.839266
1.815324
1.894668
2.026637
1.859529
1.772608
3.332728
2.041504
2.161278
2.204294
1.949618
2.086141
1.933617
1.802814
2.024200
2.036176
1.856404
1.832299
2.032480
2.193488
2.109426
2.028889
1.834411
2.065556
2.245890
2.032423
1.755950
1.819354
1.806835
2.097820
1.806844
1.943750
2.128172
1.963568
2.231636
1.797923
2.046775
1.881265
1.992924
1.845160
2.894942
3.317600
3.666645
3.810210
1.810997
2.207531
2.007270
1.817771
1.758440
1.817106
2.190340
1.998680
1.841901
1.860085
1.884622
2.236938
2.041394
1.966954
1.946051
2.845373
3.300451
2.095948
1.739418
2.020842
1.828621
1.913876
2.246173
1.925401
1.806012
1.830498
1.913259
1.902525
1.910852
1.684632
1.820757
1.698710
1.910456
1.745179
1.717777
2.328414
1.884033
1.986573
1.817254
1.991619
1.800382
1.579352
1.826892
2.414790
1.707029
1.744932
1.789876
1.776146
1.742514
2.392816
1.685209
1.825472
1.710332
1.695459
1.583100
1.681283
1.721460
1.689909
1.612489
1.779119
1.731705
1.664804
2.471660
1.778797
1.622756
1.747790
1.614694
2.083055
1.857537
1.816216
1.676377
1.629278
1.838608
1.987961
2.108867
1.782245
1.717086
1.733748
1.783185
2.136395
2.340255
1.683618
1.544234
1.853034
1.804483
1.616342
1.726358
1.676230
1.611518
1.973889
1.930186
1.695152
1.749540
1.824564
1.945891
1.826684
1.743982
1.588497
1.681871
1.655819
1.631712
1.775725
1.651163
1.704085
1.739233
1.645219
1.647228
1.616388
1.821835
1.617678
1.620663
1.655856
1.686909
1.763656
2.182685
1.647388
1.558512
1.670439
1.834315
1.633233
1.950384
1.920860
1.590755
1.811758
1.702316
1.968170
1.670070
1.701324
1.608691
1.642925
1.781977
1.722161
1.591502
1.711298
1.761747
1.684624
1.707715
1.859844
1.769846
1.585740
1.640209
1.689894
1.586928
1.629046
1.557755
1.760168
1.659301
1.885122
1.744501
1.638186
1.528043
1.718863
1.646960
1.604436
1.544237
1.563887
1.601932
1.545452
1.807435
1.614670
1.628008
1.667111
1.697292
1.612559
1.772938
1.795200
1.810579
1.622899
1.616779
1.599141
1.543526
1.580119
1.653687
1.683411
1.647809
1.586597
1.646284
1.846101
1.567428
1.624871
1.583471
1.601586
1.962484
1.797148
1.559335
1.675942
1.514704
1.704951
1.746293
1.623828
1.522435
1.443631
1.679470
1.759946
1.703079
1.725468
2.274083
1.855611
1.830573
1.772620
1.913960
1.842301
1.866843
1.692857
1.614378
1.614207
1.625042
1.678990
1.703923
1.717742
1.586615
1.680922
1.556407
1.538358
1.574702
1.661400
1.545979
1.515614
1.587266
1.608067
1.585184
1.617301
1.631919
1.520543
1.621697
1.628226
1.775961
1.814138
2.011367
1.740773
1.625883
1.667272
1.480646
1.745694
1.877785
1.618895
1.675429
1.643003
1.452930
1.651471
1.620423
1.534373
1.619464
1.667186
1.726129
1.685688
1.622557
1.481842
1.621429
1.510728
1.643201
1.508546
1.533902
1.649336
1.541916
1.543014
1.664311
1.529621
1.658492
1.571729
1.608510
1.541873
1.695771
1.604003
1.541233
1.556356
1.514208
1.666320
1.585189
1.695225
1.651119
1.666363
1.698400
1.518334
1.686245
1.436396
1.589941
1.499822
1.672554
1.711142
1.629545
1.574637
1.642593
1.579468
1.665445
2.077517
1.811806
1.640448
1.554968
1.583927
1.452281
1.613745
1.544312
1.590746
1.571841
1.616454
1.594065
1.623117
1.688918
1.635315
1.537849
1.590604
1.686482
1.786652
1.673064
1.657171
1.586737
1.523474
1.483936
1.539106
1.858348
1.682694
1.616395
1.573116
1.553589
1.491487
1.583192
1.714342
1.608959
1.515589
1.561264
1.689311
1.648149
1.750243
1.662857
1.618868
1.567991
1.533044
1.750552
1.514403
1.537965
1.680376
1.526729
1.388553
1.629030
1.958825
2.249869
1.688188
1.582378
1.694095
1.603412
1.592174
1.451887
1.637249
1.559493
1.459357
1.627815
1.590079
1.458873
1.681460
1.659248
1.679460
1.556214
1.509126
1.714759
1.626504
1.700694
1.543059
1.602900
1.566033
1.584887
1.708268
1.632904
1.529613
1.520012
1.565450
1.550027
1.717862
1.806942
1.610072
1.917846
1.763117
1.520857
1.411829
1.663497
1.691875
1.450953
1.591590
1.847060
1.568833
1.625812
1.560205
1.523411
1.542050
1.506542
1.584085
1.555766
1.535816
1.571454
1.549225
1.570728
1.524909
1.512580
1.562567
1.446181
1.512249
1.370397
1.671723
1.544833
1.581147
1.601734
1.578269
1.630601
1.514399
1.424619
1.536906
1.444273
1.439036
1.493500
1.542913
1.551725
1.528309
1.620545
1.756548
1.705485
1.688651
1.480683
1.670834
1.910724
1.805706
1.536352
1.552128
1.558560
1.593436
1.546922
1.647241
1.844003
1.733573
1.576612
1.465961
1.581590
1.578523
1.562000
1.607975
1.648649
1.619060
1.550997
1.591236
1.555326
1.510852
1.522088
1.519123
1.555874
1.508950
1.403163
1.642195
1.662306
1.569939
1.753492
1.499670
1.666486
1.777218
1.771760
1.777324
1.637668
1.456357
1.528590
1.577453
1.573563
1.586764
1.470438
1.622730
1.507421
1.573223
1.648129
1.672763
1.588103
1.462536
1.448959
1.437594
1.509401
1.532288
1.438616
1.597976
1.528543
1.653745
1.462324
1.632629
1.505592
1.572187
1.547742
1.411402
1.605333
1.700992
1.668342
1.744862
1.558157
1.530089
1.526564
1.560126
1.513478
1.507024
1.471034
1.558170
1.490708
1.492690
1.556418
1.622317
1.582416
1.455058
1.507371
1.542673
1.648076
1.492983
1.486261
1.690023
1.483079
1.702298
1.402629
1.783314
2.004490
1.509851
1.695734
1.514209
1.483011
1.532991
1.537413
1.488830
1.573063
1.791882
1.597861
1.499910
1.578526
1.456210
1.549865
1.493735
1.533571
1.532382
1.490539
1.559581
1.529297
1.490742
1.491847
1.530979
1.505524
1.541162
1.572448
1.438193
1.627396
1.505553
1.496062
1.660016
1.525290
1.444003
1.541984
1.487731
1.550520
1.540772
1.744002
1.582491
1.539247
1.472801
1.445798
1.516196
1.652809
1.453516
1.648121
1.438999
1.408503
1.552424
1.512839
1.498755
1.552629
1.617911
1.727232
1.543367
1.577080
1.665346
1.662074
1.444486
1.566676
1.714805
1.599744
1.557464
1.507568
1.547032
1.599676
1.657217
1.443170
1.512417
1.428455
1.438653
1.489596
1.540900
1.380989
1.491784
1.448426
1.477157
1.452351
1.492639
1.458131
1.551755
1.504576
1.458295
1.410128
1.617722
1.550513
1.484684
1.509292
1.491398
1.464252
1.506512
1.509361
1.536242
1.624205
1.365606
1.340465
1.601092
1.521449
1.586134
1.654225
1.802647
1.689401
1.688291
1.551615
1.590705
1.531323
1.507176
1.515649
1.483533
1.549391
1.552517
1.493064
1.472058
1.468554
1.503690
1.553199
1.482557
1.582162
1.526005
1.450193
1.532129
1.763961
1.746035
1.532796
1.700397
1.489345
1.471879
1.415976
1.447071
1.536770
1.491427
1.532136
1.477340
1.482786
1.462578
1.402734
1.667149
1.577058
1.484182
1.534451
1.516721
1.485106
1.411650
1.541139
1.547948
1.578765
1.512426
1.552699
1.433617
1.518800
1.334877
1.525463
1.540141
1.638415
1.568388
1.469882
1.529240
1.463247
1.556353
1.659065
1.561204
1.436521
1.490270
1.488502
1.451154
1.541118
1.525953
1.596378
1.527577
1.503147
1.495823
1.482999
1.483326
1.462676
1.493928
1.510037
1.449844
1.482659
1.624178
1.599429
1.585556
1.408520
1.487505
1.551858
1.400880
1.507720
1.539961
1.513656
1.522877
1.497487
1.740609
1.668811
1.393681
1.492242
1.486900
1.565610
1.602788
1.833797
1.707689
1.529028
1.372525
1.614525
1.532511
1.506756
1.439910
1.459534
1.516461
1.457542
1.470796
1.510047
1.407072
1.479329
1.476530
1.547560
1.529731
1.571362
1.469843
1.501083
1.501555
1.584472
1.384611
1.543120
1.357993
1.386677
1.416519
1.487750
1.694973
1.816482
1.922897
1.576847
1.511314
1.385704
1.418245
1.491737
1.493792
1.528898
1.584618
1.417434
1.438039
1.391324
1.409004
1.499714
1.467117
1.512826
1.510824
1.554734
1.523054
1.488950
1.505744
1.512118
1.455529
1.538872
1.513884
1.542096
1.423402
1.526654
1.437186
1.505084
1.508630
1.457133
1.472860
1.506712
1.514795
1.399584
1.503806
1.668716
1.646417
1.536648
1.716681
1.480755
1.451194
1.571398
1.414984
1.303429
1.516397
1.573763
1.468352
1.448696
1.407737
1.601119
1.545828
1.528948
1.399155
1.577823
1.584770
1.607251
1.501452
1.508644
1.502813
1.434249
1.536073
1.477187
1.527942
1.556793
1.590180
1.551906
1.541362
1.510877
1.583142
1.520660
1.462985
1.524598
1.497357
1.731927
1.467750
1.517990
1.514579
1.540337
1.613675
1.625556
1.368810
1.545099
1.548605
1.494928
1.537041
1.553932
1.520450
1.406247
1.566181
1.506909
1.531125
1.527147
1.449160
1.511498
1.443676
1.533201
1.577546
1.412222
1.453046
1.427298
1.365244
1.530742
1.652759
1.680708
1.550214
1.723746
1.525093
1.452740
1.540190
1.556996
1.597242
1.539016
1.450474
1.485481
1.579229
1.487682
1.514501
1.506256
1.399923
1.530961
1.381854
1.617286
1.726352
1.635235
1.588972
1.540811
1.554787
1.405065
1.443445
1.523882
1.519989
1.505980
1.502258
1.448565
1.488192
1.397986
1.451490
1.515056
1.572143
1.492592
1.449619
1.539073
1.438414
1.443308
1.507719
1.382760
1.477645
1.507336
1.509294
1.480148
1.449485
1.528200
1.471863
1.441425
1.457870
1.499885
1.442418
1.509377
1.489496
1.557382
1.524729
1.471096
1.342013
1.549193
1.506438
1.504291
1.439190
1.425863
1.460909
1.421205
1.486878
1.455093
1.518160
1.404247
1.336754
1.502379
1.512440
1.528042
1.386642
1.399431
1.599702
1.452702
1.462390
1.425392
1.440205
1.426915
1.545354
1.537029
1.622450
1.595651
1.401588
1.431282
1.511552
1.442876
1.565970
1.538606
1.705342
1.429673
1.530582
1.515147
1.608628
1.537446
1.506458
1.444916
1.435566
1.538843
1.448459
1.524174
1.402980
1.460623
1.476066
1.395077
1.471046
1.379171
1.375077
1.413439
1.483577
1.645213
1.542035
1.589156
1.996473
1.723945
1.621828
1.538099
1.468023
1.424466
1.478740
1.461101
1.511080
1.533373
1.456364
1.405461
1.552626
1.447799
1.517554
1.579105
1.528864
1.534305
1.484908
1.443653
1.529035
1.383586
1.496615
1.492618
1.365956
1.629855
1.450964
1.523807
1.486750
1.567466
1.535944
1.404188
1.460776
1.425231
1.284938
1.617599
1.477407
1.495663
1.455530
1.482283
1.456699
1.466462
1.305393
1.388099
1.532818
1.482636
1.499952
1.533488
1.480455
1.492491
1.422494
1.479109
1.405910
1.542925
1.524656
1.449558
1.493977
1.466353
1.327193
1.583254
1.504854
1.390472
1.380371
1.400952
1.506831
1.491195
1.631335
1.468485
1.479360
1.403193
1.494706
1.616572
1.567154
1.582923
1.412431
1.361224
1.487705
1.501077
1.494039
1.477181
1.382081
1.426075
1.533739
1.447606
1.404294
1.561306
1.693419
1.539306
1.545544
1.571707
1.721220
1.644216
1.684276
1.606009
1.628461
1.476655
1.355489
1.586723
1.484923
1.526503
1.493997
1.439927
1.471901
1.490351
1.431788
1.467160
1.470697
1.429046
1.475458
1.400210
1.416529
1.522349
1.474285
1.545050
1.478732
1.548894
1.453005
1.553515
1.439959
1.439104
1.441460
1.445865
1.396102
1.350161
1.335182
1.523658
1.460396
1.473296
1.477028
1.515253
1.341263
1.565307
1.480091
1.461326
1.523430
1.392531
1.519527
1.541479
1.323579
1.358000
1.469826
1.409130
1.352906
1.434778
1.386361
1.472451
1.496498
1.351529
1.449823
1.482633
1.524715
1.420967
1.432293
1.492389
1.490262
1.481631
1.413059
1.466323
1.464830
1.495171
1.464225
1.494527
1.366921
1.481357
1.492789
1.561755
1.579074
1.702459
1.623072
1.441517
1.523598
1.390325
1.482687
1.480186
1.362544
1.296939
1.726132
1.395747
1.453262
1.444340
1.408182
1.453797
1.488950
1.489938
1.407086
1.399907
1.372040
1.478881
1.399015
1.302418
1.423407
1.430374
1.439217
1.438367
1.439579
1.387484
1.466361
1.462692
1.512084
1.430671
1.394471
1.491351
1.387957
1.579163
1.458618
1.674666
1.622605
1.619950
1.665231
1.462845
1.609020
1.563857
1.751161
1.400306
1.457209
1.494306
1.452079
1.357204
1.467620
1.434934
1.421467
1.484412
1.415963
1.467596
1.440508
1.609318
1.356303
1.410098
1.408001
1.364968
1.600123
1.475592
1.335784
1.382452
1.475857
1.531814
1.740972
1.486473
1.405036
1.402356
1.492737
1.410880
1.355813
1.419062
1.553389
1.528452
1.408295
1.349069
1.622907
1.516985
1.447123
1.416674
1.563913
1.465002
1.567675
1.444977
1.559743
1.543568
1.379797
1.521287
1.737227
1.553457
1.888771
1.759826
1.791243
1.589561
1.441603
1.500243
1.715523
1.760135
1.574064
1.377996
1.460135
1.387051
1.456465
1.427077
1.463467
1.391477
1.406828
1.463423
1.456031
1.470417
1.519540
1.620870
1.440040
1.398155
1.577425
1.452994
1.492423
1.493638
1.366601
1.398946
1.438706
1.493122
1.472591
1.319072
1.479656
1.568482
1.443556
1.406467
1.479305
1.433351
1.365497
1.312835
1.441606
1.328376
1.545108
1.445980
1.411854
1.376991
1.528325
1.405871
1.397483
1.414238
1.366636
1.319217
1.364310
1.449586
1.409654
1.420256
1.479840
1.526590
1.557859
1.447116
1.504234
1.468942
1.506656
1.330691
1.425369
1.540721
1.411268
1.430436
1.442417
1.422468
1.391971
1.393087
1.402503
1.418729
1.461186
1.498233
1.517913
1.438094
1.508316
1.443088
1.368688
1.434859
1.419338
1.371775
1.432033
1.505397
1.508810
1.496771
1.491883
1.511018
1.422956
1.399702
1.364992
1.350824
1.535608
1.512513
1.674437
1.364177
1.389321
1.545211
1.596600
1.473594
1.450772
1.479570
1.533283
1.429467
1.510677
1.352225
1.389881
1.462951
1.473789
1.463316
1.526158
1.556968
1.605204
1.811721
1.701836
1.667847
1.427145
1.392728
1.463691
1.311215
1.452355
1.475615
1.403063
1.484485
1.380687
1.416210
1.463051
1.393313
1.532253
1.536225
1.389284
1.598945
1.540111
1.439335
1.434585
1.517805
1.418422
1.450454
1.450525
1.479129
1.418226
1.352838
1.429506
1.413975
1.321505
1.568946
1.375885
1.345055
1.382903
1.474093
1.494274
1.456087
1.355819
1.527700
1.456779
1.298374
1.428971
1.460581
1.429355
1.443764
1.430765
1.368119
1.385117
1.410933
1.383152
1.385773
1.449726
1.379319
1.392036
1.409041
1.395130
1.464775
1.398675
1.488263
1.439719
1.489994
1.313044
1.439682
1.462566
1.569999
1.413485
1.476952
1.480272
1.432916
1.463703
1.277985
1.379894
1.444725
1.390562
1.723630
1.718722
1.678571
1.561848
1.384381
1.431513
1.472143
1.477042
1.400958
1.373436
1.447313
1.377576
1.455634
1.530974
1.433930
1.358438
1.467437
1.514585
1.687888
1.851634
1.673907
1.751982
1.681890
1.660808
1.779075
1.433414
1.523892
1.375092
1.334563
1.465477
1.399188
1.564950
1.497851
1.477134
1.474238
1.351773
1.430081
1.409482
1.352413
1.332178
1.446540
1.444424
1.470709
1.465514
1.471277
1.483966
1.454062
1.443707
1.400974
1.373517
1.446533
1.385464
1.392596
1.501805
1.414928
1.479579
1.351105
1.307849
1.499947
1.476267
1.429948
1.551654
1.784434
1.745961
1.791790
1.619499
1.436472
1.426939
1.411008
1.547077
1.466964
1.432528
1.373681
1.501203
1.463299
1.435838
1.496210
1.419325
1.512527
1.355981
1.486122
1.469701
1.455596
1.479719
1.457942
1.458508
1.457185
1.466022
1.449320
1.528152
1.722778
1.406636
1.469511
1.376098
1.410284
1.390725
1.449285
1.300965
1.397033
1.383738
1.363037
1.491130
1.501849
1.428393
1.495161
1.275343
1.421106
1.479872
1.420781
1.387576
1.457722
1.561280
1.471822
1.338611
1.387861
1.369543
1.458078
1.453472
1.401487
1.393378
1.407478
1.485416
1.410279
1.431503
1.408211
1.418983
1.462542
1.402091
1.451249
1.362965
1.301901
1.517475
1.521668
1.533958
1.524525
1.469236
1.396178
1.431992
1.474874
1.429161
1.285839
1.471641
1.465935
1.397526
1.375867
1.339630
1.376830
1.489871
1.443365
1.385113
1.441532
1.373467
1.482694
1.483101
1.503168
1.436771
1.327025
1.335854
1.495752
1.426363
1.459812
1.390913
1.421544
1.402059
1.443815
1.464443
1.354243
1.380223
1.418451
1.405412
1.354353
1.365821
1.506066
1.400012
1.388698
1.523131
1.439265
1.374228
1.474272
1.418037
1.400332
1.479391
1.376895
1.393713
1.415888
1.396175
1.416056
1.408281
1.440100
1.459700
1.408049
1.446285
1.420091
1.318363
1.370835
1.603284
1.347697
1.469409
1.595096
1.513401
1.496384
1.303414
1.480632
1.389467
1.403533
1.478425
1.443450
1.392029
1.437432
1.441952
1.380166
1.450703
1.503251
1.508963
1.310688
1.392179
1.371739
1.410002
1.333261
1.348481
1.522839
1.469889
1.406258
1.313774
1.437672
1.457520
1.470652
1.431726
1.496744
1.565569
1.568513
1.502095
1.460963
1.411152
1.444120
1.354012
1.364307
1.501051
1.519264
1.444665
1.453838
1.525438
1.469275
1.346683
1.465589
1.398042
1.404681
1.361389
1.423645
1.488708
1.451303
1.327377
1.385503
1.372117
1.440483
1.637191
1.485881
1.475904
1.481310
1.425359
1.434246
1.375783
1.476300
1.408568
1.317077
1.367492
1.346521
1.374968
1.515071
1.504171
1.501182
1.354215
1.369084
1.423607
1.388227
1.410418
1.448566
1.467601
1.440327
1.396993
1.452967
1.362727
1.411891
1.347107
1.442790
1.403881
1.429849
1.402017
1.343994
1.419001
1.385368
1.358508
1.425186
1.486022
1.537979
1.515243
1.369183
1.481381
1.376876
1.434469
1.436841
1.402444
1.457815
1.389936
1.429858
1.489040
1.400617
1.433778
1.378877
1.419600
1.415552
1.519913
1.391905
1.350242
1.402812
1.491291
1.394417
1.483993
1.458261
1.487837
1.499736
1.442697
1.461744
1.398779
1.428707
1.323591
1.282283
1.373581
1.422550
1.405815
1.501686
1.419296
1.464542
1.427503
1.354271
1.477384
1.442065
1.393288
1.512404
1.443062
1.532591
1.616872
1.393349
1.417099
1.414545
1.566801
1.407228
1.471734
1.394312
1.273760
1.632178
1.451179
1.341005
1.374107
1.493748
1.349450
1.401771
1.331723
1.302745
1.378490
1.430951
1.366806
1.337283
1.338559
1.370888
1.278387
1.431166
1.327193
1.472530
1.489856
1.442200
1.377896
1.517296
1.465940
1.463144
1.603032
1.376341
1.437607
1.372285
1.349252
1.420759
1.336687
1.483580
1.457129
1.475936
1.347028
1.363645
1.495507
1.602844
1.418535
1.612911
1.569185
1.464577
1.632533
1.420519
1.434503
1.292962
1.462984
1.390213
1.373060
1.445928
1.274270
1.374942
1.406176
1.514775
1.355433
1.402126
1.373596
1.508065
1.331609
1.334155
1.506676
1.434579
1.447924
1.426877
1.367016
1.404395
1.491557
1.417929
1.458921
1.371396
1.287497
1.447635
1.402223
1.479923
1.463949
1.435123
1.383496
1.521020
1.431506
1.434139
1.399262
1.397557
1.371100
1.440865
1.412092
1.426909
1.321248
1.531000
1.386416
1.451770
1.345403
1.440143
1.458656
1.507142
1.441810
1.373981
1.395708
1.418273
1.436881
1.447530
1.390051
1.422772
1.488182
1.383483
1.439086
1.382622
1.317043
1.405235
1.456675
1.459058
1.280063
1.431431
1.260908
1.589236
1.469899
1.411547
1.474533
1.401554
1.472959
1.451350
1.354158
1.417120
1.416368
1.259671
1.393351
1.341703
1.389983
1.460483
1.342583
1.406937
1.377111
1.328274
1.359151
1.398212
1.400566
1.326180
1.425878
1.324487
1.360184
1.358463
1.365384
1.326274
1.524521
1.332015
1.409092
1.437858
1.437163
1.394807
1.461033
1.394365
1.407527
1.366004
1.379429
1.411901
1.438481
1.457881
1.429914
1.431010
1.378011
1.368177
1.342591
1.541907
1.382114
1.418172
1.444845
1.364632
1.409427
1.305897
1.439712
1.347279
1.435951
1.432826
1.432445
1.560601
1.375504
1.832499
1.683864
1.708556
1.620982
1.462288
1.466961
1.455139
1.396733
1.405725
1.424604
1.511584
1.502298
1.369575
1.416338
1.483919
1.320730
1.490757
1.452347
1.280681
1.443818
1.365692
1.471232
1.396827
1.374636
1.531322
1.348506
1.414105
1.475016
1.466489
1.372578
1.431254
1.377083
1.500447
1.289769
1.330046
1.354966
1.416985
1.456648
1.326590
1.775948
1.468010
1.405948
1.440188
1.415936
1.381862
1.484760
1.450530
1.405257
1.277689
1.479300
1.535214
1.598383
1.320817
1.351300
1.383508
1.407406
1.378511
1.321470
1.373753
1.351973
1.407895
1.419796
1.342745
1.387299
1.379974
1.384449
1.434445
1.362541
1.413695
1.349550
1.442502
1.407784
1.461627
1.469591
1.501027
1.445862
1.388006
1.407766
1.439753
1.471191
1.454889
1.362146
1.517172
1.458607
1.486437
1.272398
1.390904
1.378664
1.285652
1.451621
1.488895
1.458807
1.471899
1.419169
1.376781
1.351389
1.515543
1.292771
1.447378
1.435879
1.487760
1.373185
1.365462
1.401046
1.373243
1.440206
1.370279
1.393318
1.435340
1.404425
1.464396
1.380891
1.447176
1.414260
1.427086
1.369661
1.398903
1.344214
1.348652
1.396250
1.319864
1.376936
1.415598
1.443106
1.420862
1.318281
1.350388
1.364956
1.515470
1.518614
1.370397
1.441327
1.277643
1.280124
1.399623
1.350931
1.378297
1.363578
1.247099
1.299753
1.469333
1.362186
1.487149
1.312064
1.368780
1.349052
1.355683
1.368886
1.374520
1.347458
1.413483
1.453632
1.400895
1.417969
1.392889
1.453815
1.395554
1.385686
1.376664
1.459527
1.433783
1.399600
1.450498
1.460550
1.425450
1.452960
1.401398
1.397778
1.409136
1.482219
1.401681
1.454771
1.622580
1.872077
1.719886
1.718232
1.533051
1.406125
1.431766
1.381042
1.427972
1.398292
1.355329
1.462718
1.350709
1.461001
1.414675
1.391813
1.431940
1.365255
1.261013
1.447741
1.527784
1.469514
1.329032
1.338773
1.412146
1.387748
1.492704
1.426409
1.548641
1.600745
1.525504
1.482802
1.483658
1.530574
1.451889
1.376869
1.347519
1.343307
1.355324
1.304635
1.433311
1.445562
1.368113
1.406193
1.447054
1.462808
1.321660
1.427782
1.386769
1.365475
1.417469
1.265371
1.398389
1.379062
1.333314
1.493358
1.520990
1.438791
1.468775
1.372173
1.392950
1.283754
1.453141
1.319924
1.376545
1.393171
1.402480
1.545941
1.460534
1.458824
1.313984
1.379709
1.311098
1.408202
1.344812
1.448963
1.286275
1.341168
1.411131
1.343409
1.471167
1.286633
1.331562
1.371904
1.320016
1.297273
1.343255
1.437821
1.427786
1.315079
1.394245
1.388162
1.340983
1.339440
1.330106
1.458247
1.416111
1.365953
1.379021
1.323803
1.392969
1.346922
1.351645
1.342652
1.301816
1.423371
1.375460
1.455977
1.381341
1.460847
1.412892
1.442103
1.327306
1.323684
1.417290
1.444079
1.577320
1.464630
1.441876
1.395149
1.420846
1.528628
1.331868
1.376115
1.361379
1.343123
1.469088
1.396114
1.496380
1.430039
1.446078
1.370013
1.350587
1.413429
1.362447
1.401078
1.368104
1.404104
1.383864
1.386054
1.264044
1.373358
1.436447
1.494971
1.434713
1.461953
1.244350
1.461280
1.568819
1.444644
1.607827
1.397168
1.742133
1.504207
1.409236
1.394238
1.509268
1.355076
1.311268
1.391530
1.470615
1.393613
1.371805
1.265865
1.326735
1.447585
1.379300
1.410899
1.399208
1.448163
1.403039
1.330056
1.336503
1.293211
1.349049
1.458046
1.431089
1.436376
1.301704
1.337131
1.454238
1.322365
1.445262
1.427679
1.380763
1.430162
1.351427
1.455308
1.380728
1.494685
1.347012
1.323636
1.499721
1.400099
1.396606
1.394297
1.485345
1.432616
1.232374
1.371165
1.387894
1.463624
1.285471
1.336507
1.393113
1.429438
1.360422
1.380819
1.325479
1.487850
1.366689
1.416132
1.368346
1.371718
1.291288
1.318390
1.278469
1.461269
1.495001
1.353592
1.404632
1.334549
1.434146
1.453067
1.503512
1.411814
1.426339
1.443384
1.470316
1.476959
1.371940
1.349095
1.286409
1.508404
1.310780
1.368944
1.421918
1.423683
1.653551
1.503969
1.414005
1.514014
1.279545
1.284127
1.328308
1.227221
1.413644
1.345565
1.306209
1.385625
1.440144
1.390599
1.470420
1.423464
1.267943
1.377403
1.358113
1.260012
1.395526
1.333571
1.316325
1.369959
1.445924
1.409902
1.455735
1.382535
1.441136
1.387671
1.319557
1.336852
1.380285
1.444031
1.419988
1.346138
1.336595
1.396545
1.404734
1.464665
1.369444
1.312533
1.440720
1.381196
1.366402
1.354335
1.402355
1.486218
1.575805
1.534453
1.357080
1.388193
1.407200
1.259619
1.352208
1.337366
1.285398
1.475398
1.330238
1.430123
1.409648
1.368297
1.335932
1.402669
1.321885
1.393327
1.448897
1.496827
1.343068
1.323801
1.342844
1.442085
1.344261
1.328187
1.543832
1.474514
1.442983
1.476148
1.488677
1.407035
1.446782
1.455300
1.387315
1.427406
1.374669
1.426170
1.404892
1.437000
1.345530
1.451244
1.390562
1.363328
1.312873
1.489110
1.387800
1.330063
1.399966
1.394941
1.398799
1.353513
1.465011
1.456892
1.494102
1.423988
1.423175
1.254381
1.399689
1.440911
1.428108
1.378572
1.574169
1.578357
1.479106
1.301322
1.415328
1.333200
1.349693
1.411871
1.393407
1.348716
1.319942
1.320781
1.272655
1.469777
1.341523
1.382401
1.447007
1.311310
1.277505
1.349235
1.402682
1.412782
1.280683
1.358676
1.610807
1.430724
1.356562
1.329714
1.378170
1.373724
1.441804
1.335060
1.351340
1.438543
1.360914
1.259992
1.356790
1.338272
1.288497
1.359934
1.371325
1.294347
1.408481
1.377307
1.437412
1.378658
1.394540
1.389799
1.397369
1.518905
1.309160
1.482594
1.353441
1.400580
1.352477
1.421061
1.331833
1.399589
1.291087
1.331656
1.380651
1.342428
1.372652
1.387830
1.247965
1.370233
1.383611
1.441823
1.262060
1.281008
1.343001
1.316881
1.405441
1.318481
1.427384
1.352124
1.605991
1.409116
1.396932
1.478331
1.426275
1.475400
1.423896
1.424560
1.386613
1.486197
1.332636
1.480344
1.562975
1.450706
1.411657
1.310468
1.384209
1.335294
1.349587
1.452084
1.492733
1.317568
1.360472
1.358299
1.404324
1.484871
1.444219
1.399658
1.330545
1.338166
1.417621
1.383260
1.377452
1.433730
1.491599
1.482806
1.952988
1.438001
1.269277
1.372310
1.308262
1.325766
1.391144
1.311228
1.265449
1.433090
1.426838
1.438702
1.477486
1.528052
1.468806
1.429031
1.395673
1.451707
1.404233
1.369535
1.337253
1.292048
1.345114
1.361769
1.401068
1.539718
1.434768
1.444824
1.465054
1.319335
1.422905
1.377539
1.408378
1.367445
1.372341
1.431013
1.299198
1.344916
1.424767
1.353935
1.479607
1.434863
1.486816
1.547641
1.479640
1.453117
1.429617
1.355565
1.505657
1.339394
1.340406
1.344530
1.382429
1.403236
1.435254
1.443159
1.369987
1.340799
1.377583
1.435952
1.472191
1.290219
1.325945
1.298180
1.342423
1.448439
1.394989
1.315122
1.385890
1.367126
1.358931
1.453156
1.381305
1.387864
1.490288
1.389119
1.416657
1.495864
1.416396
1.403026
1.510315
1.411359
1.345320
1.395738
1.408945
1.393586
1.406189
1.321907
1.408551
1.416576
1.514325
1.345852
1.416129
1.456671
1.324588
1.431095
1.315762
1.361082
1.241979
1.303317
1.390191
1.390136
1.413216
1.440752
1.387281
1.356475
1.302348
1.332201
1.406974
1.450231
1.430974
1.386752
1.375538
1.528050
1.357706
1.413488
1.387679
1.457675
1.471032
1.357028
1.362119
1.400358
1.243835
1.363972
1.340874
1.333694
1.369381
1.351288
1.352058
1.389772
1.399843
1.477914
1.383599
1.446584
1.337688
1.229501
1.388373
1.416652
1.324507
1.399429
1.337340
1.568738
1.370561
1.355888
1.444224
1.430003
1.423063
1.481274
1.457565
1.381291
1.404913
1.350446
1.369403
1.372949
1.390906
1.422228
1.360419
1.442202
1.345212
1.468370
1.575808
1.332694
1.565989
1.445141
1.766727
1.626899
1.321406
1.626274
1.367183
1.369145
1.438137
1.350369
1.378612
1.410067
1.475937
1.469791
1.330707
1.399551
1.330973
1.455426
1.230337
1.368539
1.423069
1.304496
1.406932
1.325735
1.266105
1.332334
1.344420
1.288074
1.438593
1.412716
1.365330
1.314844
1.342816
1.316466
1.340318
1.317015
1.387771
1.409010
1.368079
1.330284
1.339099
1.432879
1.402108
1.410464
1.304111
1.334758
1.348950
1.514686
1.383520
1.449166
1.456353
1.451865
1.410768
1.356743
1.419253
1.372020
1.420756
1.353093
1.312449
1.255214
1.400839
1.534721
1.430392
1.358678
1.417176
1.341013
1.376988
1.281269
1.277496
1.324906
1.519818
1.501206
1.366227
1.338644
1.373273
1.267225
1.330861
1.347043
1.433497
1.343256
1.368908
1.429625
1.426918
1.395522
1.337719
1.289303
1.434012
1.303686
1.449929
1.340482
1.452482
1.346745
1.317312
1.336725
1.420017
1.347427
1.406114
1.367084
1.435396
1.399891
1.277733
1.354156
1.386702
1.353932
1.292359
1.428911
1.458107
1.213092
1.309858
1.387422
1.359053
1.405478
1.423098
1.314256
1.341856
1.411987
1.296234
1.354685
1.318468
1.438946
1.362665
1.287636
1.387649
1.418208
1.410627
1.271846
1.447484
1.328422
1.322632
1.284849
1.455904
1.340176
1.400367
1.340413
1.360692
1.321701
1.497576
1.330795
1.303259
1.426155
1.439010
1.370498
1.358765
1.408110
1.378262
1.277339
1.414645
1.354291
1.296818
1.369963
1.318421
1.335403
1.296623
1.403562
1.371318
1.297083
1.269874
1.298958
1.381959
1.375743
1.333597
1.304884
1.328929
1.252567
1.380610
1.451163
1.392214
1.288160
1.485262
1.463023
1.395109
1.428345
1.491458
1.320185
1.394631
1.376208
1.305461
1.386950
1.287349
1.422574
1.439652
1.274021
1.408427
1.357477
1.432145
1.407893
1.332523
1.285222
1.405730
1.334909
1.447501
1.225385
1.439167
1.454436
1.413234
1.320153
1.285670
1.417661
1.254725
1.296300
1.333810
1.330012
1.452330
1.350938
1.284611
1.357200
1.351096
1.417605
1.424463
1.410570
1.335380
1.405084
1.325507
1.444909
1.485458
1.450272
1.545535
1.405053
1.447631
1.302513
1.404526
1.362217
1.283785
1.393646
1.399673
1.385770
1.411470
1.296389
1.393464
1.342697
1.466340
1.390886
1.425364
1.388741
1.361242
1.443164
1.492403
1.269857
1.352549
1.322430
1.396281
1.326327
1.312434
1.314081
1.335850
1.399259
1.264933
1.327914
1.359233
1.330508
1.346219
1.309102
1.291664
1.414935
1.225787
1.380100
1.408818
1.274161
1.322467
1.297305
1.451681
1.357656
1.386478
1.317209
1.338190
1.439076
1.400517
1.326571
1.327281
1.424439
1.351963
1.361550
1.405322
1.259214
1.233816
1.372227
1.332691
1.362603
1.341854
1.337152
1.269760
1.299400
1.264436
1.398666
1.334530
1.347789
1.303681
1.396427
1.420859
1.308877
1.371207
1.321090
1.424285
1.377930
1.576853
1.466757
1.436162
1.386086
1.376444
1.344302
1.337399
1.411521
1.473050
1.398162
1.455147
1.304561
1.285572
1.347847
1.332556
1.390068
1.663473
1.276582
1.457205
1.474537
1.398099
1.480543
1.444332
1.404363
1.457526
1.301816
1.402316
1.355959
1.414889
1.342539
1.370766
1.341319
1.389969
1.328411
1.248887
1.357059
1.309118
1.422661
1.425259
1.254349
1.371716
1.440435
1.466372
1.342775
1.483136
1.387664
1.439809
1.370119
1.364046
1.379364
1.354730
1.473351
1.412019
1.410890
1.409187
1.441242
1.369944
1.426229
1.442417
1.340445
1.341829
1.421994
1.344755
1.403668
1.485500
1.336702
1.225997
1.494666
1.321752
1.315876
1.280253
1.270057
1.401682
1.325837
1.340966
1.296307
1.410511
1.418723
1.282289
1.390785
1.377200
1.439835
1.495592
1.380750
1.334408
1.448181
1.228041
1.419842
1.366309
1.425490
1.420107
1.482283
1.386145
1.333362
1.302871
1.422191
1.399071
1.416036
1.354751
1.427850
1.417871
1.322054
1.396899
1.379548
1.328663
1.354319
1.389122
1.263797
1.310696
1.332706
1.325872
1.300500
1.377923
1.228744
1.250139
1.352043
1.325471
1.362356
1.369995
1.382263
1.288318
1.449020
1.379151
1.365645
1.529977
1.395570
1.304526
1.347766
1.421091
1.334816
1.354903
1.392296
1.358060
1.430129
1.434835
1.487854
1.484992
1.395228
1.364032
1.360551
1.442320
1.423661
1.291759
1.372132
1.398606
1.289658
1.325587
1.345398
1.354463
1.299708
1.390619
1.449384
1.416025
1.403073
1.521514
1.469784
1.350951
1.462796
1.596539
1.375132
1.324506
1.210584
1.375094
1.391254
1.232506
1.454713
1.423630
1.350278
1.313764
1.392359
1.376317
1.349093
1.372009
1.464290
1.421544
1.435872
1.363343
1.276519
1.312038
1.434682
1.373331
1.359221
1.420364
1.426732
1.359242
1.445760
1.451245
1.452726
1.388336
1.335775
1.358264
1.251197
1.311954
1.236974
1.339878
1.320775
1.407453
1.412333
1.416750
1.310913
1.366340
1.440201
1.284623
1.249677
1.330995
1.297409
1.325142
1.273933
1.378375
1.309445
1.371149
1.310249
1.237153
1.319635
1.346087
1.407013
1.364947
1.415324
1.434104
1.355236
1.310825
1.411430
1.333967
1.483276
1.398303
1.375979
1.342520
1.321998
1.442960
1.380637
1.387907
1.319252
1.585654
1.268051
1.318949
1.449676
1.387405
1.350066
1.389204
1.260382
1.195471
1.342852
1.273248
1.333218
1.314225
1.365683
1.417188
1.369669
1.338478
1.400922
1.363232
1.358526
1.273778
1.279288
1.529072
1.464575
1.274047
1.394058
1.358678
1.376163
1.359167
1.392163
1.315296
1.307528
1.462683
1.267107
1.291552
1.451787
1.517773
1.344168
1.398807
1.333300
1.277096
1.312928
1.337248
1.304006
1.271375
1.430223
1.505375
1.421314
1.328172
1.447848
1.337817
1.257725
1.272556
1.381904
1.375913
1.371109
1.373048
1.286184
1.357024
1.331286
1.246371
1.407106
1.238792
1.329505
1.369966
1.300335
1.431534
1.399338
1.404292
1.366990
1.401665
1.334909
1.346046
1.301382
1.352445
1.308197
1.349732
1.291330
1.358977
1.446257
1.438351
1.263425
1.400803
1.312427
1.357617
1.378276
1.400032
1.370916
1.357443
1.295107
1.387634
1.364304
1.299182
1.352019
1.319044
1.373301
1.389005
1.297560
1.434125
1.311812
1.390240
1.397601
1.273506
1.418392
1.330889
1.494423
1.429503
1.351924
1.365894
1.219442
1.390727
1.449944
1.483070
1.338505
1.311852
1.336908
1.246877
1.257371
1.541424
1.330307
1.357579
1.288736
1.427317
1.258463
1.370628
1.338138
1.318860
1.463313
1.306597
1.253930
1.293065
1.419319
1.364791
1.365252
1.394054
1.389933
1.290421
1.304034
1.207302
1.298668
1.303559
1.411081
1.267348
1.368227
1.329714
1.329855
1.242406
1.431933
1.344202
1.389720
1.316922
1.309608
1.389122
1.311991
1.369174
1.347818
1.438510
1.375619
1.385905
1.327046
1.383586
1.375906
1.362524
1.297764
1.241886
1.355333
1.346850
1.417054
1.414974
1.348173
1.417021
1.437856
1.498701
1.543628
1.629533
1.481532
1.449485
1.414941
1.474757
1.447710
1.381219
1.344804
1.280734
1.323662
1.383587
1.263309
1.430281
1.267744
1.327530
1.363885
1.314566
1.318247
1.305539
1.320663
1.257560
1.346150
1.370273
1.422776
1.452384
1.296072
1.284379
1.376540
1.451691
1.329498
1.446653
1.411121
1.300764
1.261018
1.344187
1.414634
1.281808
1.310610
1.378461
1.335799
1.263161
1.388366
1.274379
1.274212
1.257954
1.363146
1.371537
1.431465
1.403324
1.417467
1.367858
1.279338
1.343403
1.307546
1.304989
1.349172
1.303820
1.433708
1.302761
1.297304
1.339183
1.337778
1.334414
1.199416
1.316774
1.323660
1.323342
1.344157
1.304377
1.308142
1.450432
1.275157
1.288908
1.303433
1.440826
1.264230
1.261119
1.281349
1.379352
1.347802
1.400422
1.293407
1.356829
1.397519
1.378227
1.282194
1.294697
1.365472
1.282568
1.476414
1.262032
1.367909
1.536016
1.297959
1.343980
1.380616
1.417109
1.356501
1.366212
1.374967
1.381590
1.389556
1.340157
1.346618
1.443671
1.485012
1.343167
1.348195
1.364218
1.350139
1.356193
1.381813
1.273144
1.399322
1.357319
1.499738
1.368715
1.337711
1.380641
1.285053
1.419053
1.375378
1.293497
1.307464
1.414241
1.472307
1.415804
1.403696
1.357816
1.317935
1.365954
1.438288
1.484836
1.396449
1.446841
1.437163
1.333913
1.453884
1.447465
1.591475
1.353865
1.407369
1.375373
1.645824
1.556284
1.312331
1.534002
1.409508
1.451586
1.344581
1.506884
1.611727
1.416829
1.375630
1.420673
1.339860
1.339637
1.374950
1.322355
1.295871
1.390615
1.275516
1.303250
1.310029
1.451051
1.322325
1.385902
1.392228
1.309160
1.321899
1.367250
1.354682
1.336194
1.305373
1.399473
1.280906
1.310959
1.360331
1.397314
1.323118
1.351605
1.309643
1.300013
1.355279
1.301974
1.420970
1.473378
1.281616
1.443135
1.392833
1.269496
1.441506
1.395608
1.304104
1.370052
1.309904
1.410993
1.365491
1.252787
1.410772
1.389482
1.305965
1.378760
1.288399
1.303840
1.481327
1.422135
1.284710
1.274214
1.389630
1.481189
1.448442
1.221460
1.368247
1.390306
1.283186
1.327814
1.357574
1.365878
1.402739
1.379936
1.251176
1.263972
1.365477
1.319195
1.387090
1.275693
1.368803
1.436887
1.466578
1.321603
1.383492
1.425867
1.302161
1.321947
1.446092
1.222316
1.284035
1.356201
1.329471
1.305365
1.208220
1.361665
1.384743
1.269342
1.376596
1.384001
1.341493
1.328037
1.320461
1.245008
1.355956
1.315874
1.337058
1.384957
1.315578
1.345684
1.448256
1.284847
1.262195
1.284607
1.375754
1.311331
1.226151
1.328532
1.420693
1.410325
1.393406
1.396207
1.353657
1.333241
1.323555
1.271965
1.491308
1.465756
1.460024
1.448904
1.363352
1.425916
1.295132
1.355254
1.398993
1.378812
1.412015
1.374439
1.273507
1.386160
1.338676
1.297681
1.409302
1.262904
1.316224
1.312612
1.415031
1.358389
1.396255
1.380594
1.311293
1.254557
1.253056
1.450937
1.419975
1.535364
1.538944
1.462047
1.340004
1.285191
1.365408
1.465805
1.466506
1.323477
1.421252
1.419542
1.488527
1.429482
1.377246
1.217282
1.380471
1.319610
1.289806
1.342025
1.305135
1.393973
1.472804
1.336671
1.395354
1.304966
1.410401
1.369568
1.289429
1.355915
1.373328
1.398207
1.292513
1.411461
1.352738
1.274874
1.391792
1.369782
1.338988
1.336531
1.326757
1.257004
1.375855
1.306908
1.305269
1.343383
1.205040
1.350290
1.375761
1.272211
1.258905
1.251020
1.413371
1.322470
1.355165
1.336450
1.409698
1.332643
1.264296
1.315790
1.325349
1.331228
1.282912
1.294467
1.423337
1.264563
1.307582
1.251389
1.438214
1.372815
1.251723
1.343570
1.431722
1.335618
1.309312
1.379485
1.310514
1.389903
1.299186
1.324709
1.276104
1.307540
1.321655
1.292262
1.284634
1.421946
1.291160
1.360789
1.289523
1.295891
1.330055
1.281042
1.407896
1.306973
1.413795
1.365624
1.590312
1.574037
1.601251
1.432746
1.329651
1.269767
1.321930
1.464453
1.447816
1.378261
1.388497
1.323456
1.370135
1.353260
1.352085
1.394818
1.206380
1.341616
1.201518
1.395959
1.350107
1.412398
1.388812
1.379103
1.374254
1.293651
1.303241
1.316975
1.301342
1.289628
1.266307
1.311578
1.279538
1.387271
1.314190
1.295800
1.367558
1.361676
1.249157
1.346829
1.429929
1.426904
1.369876
1.351558
1.358737
1.394587
1.314963
1.369344
1.296986
1.407414
1.453373
1.339006
1.351183
1.294136
1.237921
1.304086
1.234097
1.479436
1.405629
1.368737
1.362690
1.333120
1.288820
1.213412
1.264860
1.260421
1.430451
1.411409
1.321102
1.413057
1.264536
1.371127
1.496788
1.439228
1.419427
1.634088
1.453648
1.516766
1.492306
1.524290
1.478047
1.341394
1.388643
1.332057
1.356231
1.282468
1.368850
1.356798
1.295632
1.393445
1.280264
1.296960
1.373754
1.306815
1.322324
1.418989
1.322142
1.283691
1.391990
1.284603
1.388354
1.368366
1.289812
1.418282
1.318185
1.366068
1.298917
1.212705
1.320311
1.330919
1.514317
1.366431
1.424522
1.335956
1.421896
1.269472
1.336800
1.341467
1.293648
1.401004
1.458624
1.364365
1.342187
1.328656
1.256440
1.264321
1.431628
1.382626
1.221002
1.274013
1.320775
1.340561
1.253905
1.370319
1.322496
1.371841
1.288715
1.390451
1.404155
1.264339
1.280696
1.454080
1.354576
1.398691
1.337294
1.359824
1.291821
1.407688
1.305630
1.403016
1.401788
1.363391
1.358495
1.401957
1.373005
1.310400
1.476314
1.383727
1.316511
1.343779
1.443800
1.401213
1.369112
1.361600
1.378842
1.405098
1.293207
1.198076
1.273277
1.265545
1.345744
1.420361
1.322861
1.333278
1.395983
1.346191
1.446185
1.339380
1.367756
1.347898
1.234206
1.367031
1.241110
1.291206
1.319447
1.438694
1.412026
1.216086
1.365782
1.393322
1.285871
1.358099
1.236593
1.250645
1.307848
1.322866
1.307078
1.335477
1.358413
1.307700
1.404724
1.239370
1.260139
1.359532
1.369433
1.298627
1.298238
1.356055
1.254201
1.435046
1.341759
1.327604
1.303325
1.295830
1.219885
1.238239
1.347279
1.222851
1.340604
1.253616
1.252924
1.311893
1.386778
1.204071
1.409365
1.386388
1.327175
1.415253
1.448919
1.395090
1.267336
1.324075
1.384130
1.321590
1.446870
1.375075
1.354389
1.377285
1.509844
1.440545
1.413033
1.429311
1.370055
1.328793
1.293489
1.409309
1.311429
1.455907
1.346656
1.302795
1.263008
1.288457
1.327269
1.303036
1.442549
1.297135
1.414320
1.368763
1.284156
1.395063
1.398679
1.431888
1.317284
1.376727
1.278396
1.368198
1.292708
1.272542
1.371871
1.368422
1.288386
1.327187
1.303561
1.303391
1.336996
1.363885
1.310548
1.303536
1.373861
1.303455
1.247345
1.293674
1.369303
1.343311
1.402931
1.299473
1.309716
1.329574
1.222324
1.289348
1.307116
1.324908
1.194996
1.289385
1.283547
1.288842
1.357020
1.388144
1.376803
1.293098
1.347963
1.304916
1.399015
1.256972
1.374557
1.316393
1.389985
1.241193
1.363018
1.294567
1.415853
1.434514
1.364150
1.243773
1.365166
1.283680
1.288764
1.348374
1.386472
1.359046
1.447124
1.334485
1.275033
1.373520
1.330186
1.323519
1.279909
1.286674
1.305837
1.323905
1.215389
1.422159
1.333704
1.298805
1.271173
1.405445
1.388094
1.367926
1.481510
1.309683
1.258801
1.260785
1.420403
1.366573
1.485458
1.388130
1.296252
1.512903
1.347133
1.324509
1.327204
1.390816
1.302823
1.339959
1.303733
1.311114
1.293797
1.337608
1.326586
1.323897
1.282752
1.482006
1.338900
1.371669
1.247474
1.315020
1.279315
1.195526
1.384347
1.290394
1.408798
1.361463
1.346749
1.320901
1.392456
1.261292
1.372692
1.274392
1.276994
1.340546
1.375081
1.311974
1.333189
1.381759
1.349454
1.259299
1.286773
1.314784
1.333045
1.302826
1.362563
1.224459
1.262218
1.385613
1.274030
1.255778
1.249521
1.352803
1.332286
1.256034
1.291196
1.223105
1.238121
1.188424
1.301569
1.413084
1.361166
1.316773
1.295718
1.325438
1.374432
1.355712
1.264532
1.396566
1.311044
1.360269
1.294724
1.294708
1.366289
1.341685
1.329757
1.281532
1.272071
1.353757
1.338064
1.309716
1.291480
1.367890
1.237602
1.300004
1.259070
1.310417
1.293055
1.335676
1.329119
1.353805
1.297891
1.345336
1.367628
1.332057
1.314402
1.409644
1.292088
1.305150
1.352138
1.303500
1.261876
1.323127
1.252509
1.393787
1.372008
1.210216
1.306583
1.278288
1.262440
1.325014
1.213344
1.269972
1.414242
1.414794
1.318696
1.339790
1.356571
1.284381
1.328040
1.366127
1.207038
1.393318
1.176742
1.313816
1.357377
1.351153
1.280185
1.299795
1.269401
1.228565
1.271751
1.326843
1.348619
1.348673
1.266507
1.397069
1.393730
1.415082
1.435851
1.316432
1.351609
1.395114
1.255887
1.206895
1.385563
1.377304
1.299085
1.341505
1.355697
1.316364
1.270469
1.282356
1.350474
1.328909
1.499326
1.457462
1.549443
1.481872
1.409209
1.322548
1.483150
1.525901
1.554666
1.408351
1.331218
1.364168
1.247077
1.266797
1.371125
1.357360
1.307549
1.264850
1.262374
1.384362
1.366869
1.326261
1.264598
1.263178
1.365105
1.207558
1.394699
1.288125
1.335600
1.323823
1.438222
1.345544
1.324045
1.264662
1.319821
1.357486
1.438510
1.384874
1.355259
1.322593
1.364986
1.348752
1.309114
1.346031
1.283252
1.220033
1.355082
1.250775
1.247934
1.407812
1.334455
1.262568
1.305388
1.377472
1.419408
1.305270
1.268407
1.453903
1.356385
1.280243
1.299797
1.369564
1.228396
1.355557
1.350389
1.280617
1.184129
1.320473
1.203726
1.300685
1.251017
1.236052
1.289693
1.252966
1.233833
1.181438
1.261037
1.221898
1.251917
1.400546
1.287936
1.299504
1.351324
1.330893
1.266161
1.324785
1.362283
1.340273
1.301919
1.410006
1.304912
1.261864
1.373688
1.292801
1.443542
1.334799
1.286503
1.336272
1.345446
1.289890
1.334276
1.395131
1.304616
1.393173
1.335254
1.338719
1.409861
1.296732
1.253137
1.319614
1.328406
1.322956
1.274767
1.309821
1.312960
1.239106
1.347459
1.387208
1.282643
1.323154
1.273047
1.369762
1.311105
1.361728
1.225674
1.358226
1.349542
1.276105
1.369094
1.288327
1.303790
1.299732
1.282812
1.348555
1.349669
1.328620
1.381717
1.178751
1.290380
1.312963
1.267387
1.351930
1.407451
1.350372
1.347850
1.288411
1.229770
1.349596
1.460168
1.268898
1.272195
1.413521
1.392513
1.320480
1.304760
1.217627
1.375096
1.381868
1.313085
1.277855
1.252636
1.397149
1.299619
1.382742
1.302904
1.274532
1.293864
1.315079
1.370498
1.375195
1.348299
1.310012
1.385264
1.279526
1.402435
1.325878
1.383640
1.417302
1.418962
1.422016
1.365075
1.231876
1.300500
1.397042
1.302362
1.417746
1.309006
1.262727
1.212370
1.244609
1.459284
1.396925
1.363586
1.303527
1.290438
1.280835
1.263175
1.263637
1.231641
1.334149
1.387740
1.286556
1.302083
1.296195
1.384389
1.354194
1.352777
1.399182
1.349397
1.285010
1.381337
1.256101
1.304908
1.333558
1.260340
1.235603
1.253449
1.300293
1.229699
1.296885
1.223482
1.373311
1.316753
1.346408
1.349544
1.284224
1.300367
1.272480
1.371194
1.310353
1.374438
1.274781
1.321464
1.320739
1.342051
1.468631
1.403416
1.409885
1.303904
1.266288
1.346715
1.300099
1.284291
1.346586
1.273055
1.366128
1.252580
1.459388
1.451790
1.524287
1.368051
1.205496
1.272974
1.287467
1.359980
1.322435
1.284919
1.215267
1.322068
1.295373
1.298681
1.246812
1.205666
1.414429
1.316645
1.341198
1.329312
1.351599
1.349735
1.340180
1.349696
1.405477
1.240339
1.306469
1.296704
1.273564
1.266657
1.278106
1.359249
1.320791
1.293215
1.258080
1.389925
1.235921
1.396639
1.381572
1.220066
1.327382
1.292759
1.277592
1.216767
1.299956
1.335153
1.307439
1.360598
1.288998
1.437118
1.329835
1.278064
1.383614
1.187648
1.322586
1.399768
1.265016
1.360094
1.292768
1.322114
1.337042
1.347507
1.227103
1.195845
1.264693
1.271045
1.297551
1.349954
1.354099
1.349704
1.405151
1.427062
1.376661
1.318421
1.313212
1.275207
1.286277
1.355901
1.338678
1.265527
1.301900
1.358344
1.403124
1.367744
1.515761
1.471894
1.360513
1.290569
1.306153
1.311581
1.426759
1.241300
1.404493
1.271211
1.309678
1.320339
1.355376
1.286390
1.410251
1.198991
1.273759
1.227973
1.183413
1.274229
1.280944
1.288006
1.382304
1.325297
1.234643
1.288945
1.296784
1.366267
1.334129
1.366642
1.332565
1.278079
1.215060
1.372624
1.228719
1.383908
1.304218
1.272678
1.349881
1.333593
1.320527
1.383228
1.318749
1.266871
1.255361
1.329960
1.288396
1.222415
1.318362
1.355011
1.360694
1.267697
1.336284
1.197331
1.258899
1.241417
1.275412
1.261159
1.310356
1.347497
1.333498
1.265955
1.337678
1.311152
1.271988
1.345694
1.256730
1.235892
1.344427
1.308545
1.466473
1.374823
1.387859
1.401073
1.373300
1.269308
1.324309
1.339804
1.240278
1.247310
1.438845
1.292476
1.269403
1.342184
1.380823
1.334519
1.258922
1.344783
1.243901
1.367429
1.294642
1.422314
1.299135
1.298573
1.342874
1.369496
1.290485
1.291231
1.365470
1.367690
1.395356
1.300623
1.289690
1.349231
1.242529
1.283881
1.289467
1.312101
1.196504
1.348151
1.268954
1.332252
1.317216
1.217026
1.306051
1.321026
1.327674
1.374378
1.291248
1.286566
1.282841
1.411977
1.293180
1.304562
1.346693
1.238523
1.255339
1.304784
1.354035
1.269192
1.319720
1.223444
1.261580
1.292579
1.371934
1.314749
1.274517
1.356110
1.333615
1.184729
1.267383
1.337871
1.190577
1.239522
1.278337
1.401863
1.359588
1.412773
1.457850
1.556413
1.719488
1.469311
1.535263
1.321996
1.315384
1.261701
1.383530
1.233065
1.173057
1.267483
1.265906
1.324975
1.317524
1.302030
1.295492
1.317462
1.260357
1.376782
1.247164
1.338278
1.410266
1.417053
1.257119
1.250937
1.357631
1.262833
1.342983
1.217648
1.285845
1.351394
1.361745
1.231491
1.228262
1.289338
1.378866
1.277790
1.337133
1.340489
1.342515
1.233259
1.302321
1.269619
1.330972
1.360325
1.409714
1.336407
1.300401
1.431844
1.326062
1.279100
1.276949
1.245646
1.255048
1.364618
1.337092
1.290261
1.326330
1.327903
1.394480
1.377181
1.352212
1.332475
1.209068
1.277365
1.283811
1.289966
1.299857
1.358963
1.345102
1.261074
1.361122
1.318105
1.312149
1.358460
1.417324
1.256156
1.300084
1.338190
1.292286
1.235026
1.314749
1.272296
1.408345
1.319559
1.227673
1.392001
1.416799
1.422363
1.565464
1.231928
1.352909
1.340817
1.289007
1.354475
1.377101
1.354093
1.363518
1.420535
1.406838
1.428032
1.341396
1.312270
1.578493
1.506383
1.459513
1.312663
1.374208
1.338845
1.346296
1.378717
1.311491
1.310984
1.434771
1.254344
1.381930
1.340207
1.337447
1.337139
1.395827
1.428810
1.299250
1.428584
1.335290
1.352151
1.252296
1.462159
1.339647
1.296781
1.432614
1.294490
1.354975
1.395474
1.392775
1.371409
1.306652
1.298396
1.230786
1.306215
1.431802
1.273078
1.283972
1.240044
1.291954
1.281612
1.316411
1.303326
1.316523
1.298615
1.361166
1.362283
1.415053
1.406091
1.391678
1.441604
1.462612
1.301092
1.306061
1.232987
1.174438
1.295454
1.303610
1.259660
1.295405
1.285287
1.416170
1.346762
1.290041
1.260566
1.351353
1.229837
1.278695
1.407003
1.377174
1.324178
1.349245
1.419468
1.292023
1.363585
1.332270
1.444826
1.377120
1.371667
1.419239
1.474713
1.338360
1.364107
1.317839
1.243066
1.343878
1.384034
1.283330
1.258125
1.298832
1.182779
1.328888
1.368777
1.233742
1.320862
1.303568
1.295734
1.416857
1.336404
1.223654
1.357773
1.221018
1.288663
1.356701
1.291983
1.422960
1.268722
1.339153
1.303934
1.336001
1.324611
1.281588
1.346277
1.382226
1.347661
1.338791
1.286949
1.288942
1.289642
1.348857
1.280828
1.324936
1.228522
1.225039
1.293810
1.226348
1.296685
1.275575
1.271729
1.273090
1.238844
1.286342
1.308352
1.261906
1.225827
1.330575
1.251244
1.251698
1.277218
1.365346
1.252788
1.320351
1.208500
1.344556
1.278609
1.271434
1.241793
1.369245
1.314442
1.466840
1.419904
1.384464
1.452382
1.332610
1.333486
1.289527
1.256426
1.333659
1.186311
1.371037
1.343211
1.243903
1.285853
1.263602
1.299544
1.307121
1.368547
1.330208
1.367843
1.263180
1.326348
1.379613
1.249165
1.292242
1.307059
1.358796
1.295681
1.204889
1.247539
1.422232
1.362637
1.228272
1.255510
1.286904
1.269779
1.274376
1.306398
1.329307
1.291820
1.266497
1.367454
1.322334
1.256101
1.286702
1.411988
1.276232
1.257869
1.197136
1.244267
1.283393
1.238542
1.376742
1.267419
1.280988
1.273715
1.286132
1.282683
1.415450
1.393041
1.343738
1.325091
1.329402
1.409779
1.412411
1.415721
1.190355
1.337956
1.223073
1.256329
1.294308
1.284388
1.263124
1.271957
1.262866
1.331125
1.225469
1.332770
1.335866
1.320403
1.243150
1.372182
1.376947
1.300234
1.369987
1.298320
1.355925
1.206774
1.307763
1.277792
1.203808
1.367611
1.277765
1.259573
1.395444
1.344104
1.260666
1.295943
1.298646
1.347613
1.321945
1.282601
1.295872
1.246658
1.276059
1.347152
1.320954
1.287560
1.333732
1.406860
1.322606
1.287091
1.288028
1.197921
1.360196
1.336147
1.347424
1.331740
1.356205
1.339518
1.315462
1.249226
1.305733
1.339945
1.326089
1.445992
1.422950
1.233222
1.337671
1.214424
1.293471
1.372290
1.303898
1.233133
1.286551
1.304744
1.312841
1.321051
1.448456
1.532747
1.372235
1.416363
1.360050
1.497532
1.417329
1.316087
1.399636
1.251699
1.302787
1.398321
1.438781
1.298051
1.253811
1.308394
1.359401
1.328943
1.371426
1.347376
1.281707
1.345340
1.312160
1.292699
1.250798
1.267948
1.354504
1.267593
1.385157
1.421383
1.433044
1.294072
1.476748
1.270984
1.302115
1.308949
1.344424
1.323910
1.265538
1.263949
1.222818
1.297599
1.251103
1.293619
1.410981
1.260231
1.280475
1.342772
1.250957
1.215969
1.368260
1.232314
1.286148
1.319268
1.350237
1.189262
1.406093
1.354332
1.377910
1.427145
1.336211
1.310046
1.348435
1.266099
1.388531
1.302638
1.252852
1.393851
1.292640
1.265246
1.290713
1.275012
1.365020
1.372706
1.268018
1.338315
1.228665
1.272340
1.359268
1.305245
1.330813
1.214476
1.249549
1.322776
1.338017
1.306229
1.292723
1.298197
1.257243
1.231231
1.297753
1.344648
1.247588
1.280057
1.328184
1.348737
1.318061
1.245646
1.212550
1.343296
1.167451
1.347084
1.213140
1.311854
1.280606
1.287684
1.261580
1.302444
1.328206
1.410774
1.246319
1.354075
1.272765
1.279063
1.261395
1.302752
1.357803
1.283083
1.295035
1.289919
1.334671
1.411711
1.301288
1.237746
1.278756
1.218362
1.266833
1.342995
1.261275
1.349399
1.297557
1.362162
1.233353
1.283699
1.224976
1.187320
1.267839
1.267557
1.316134
1.242189
1.371105
1.312954
1.190045
1.268050
1.331831
1.353955
1.394518
1.380656
1.325951
1.259885
1.274629
1.342217
1.332461
1.385541
1.272367
1.302757
1.364474
1.311551
1.334045
1.267157
1.243549
1.236270
1.469113
1.417397
1.456102
1.549443
1.367030
1.365162
1.296132
1.316402
1.468863
1.314769
1.294742
1.224154
1.305362
1.279735
1.244981
1.412051
1.386042
1.427828
1.241252
1.287384
1.279346
1.192399
1.219544
1.312434
1.239955
1.232760
1.295973
1.330348
1.333004
1.348599
1.300156
1.378421
1.349877
1.390386
1.231201
1.394633
1.280645
1.236962
1.330238
1.186994
1.284144
1.292885
1.287217
1.191957
1.221110
1.327112
1.325451
1.316229
1.362555
1.285246
1.220909
1.249748
1.376699
1.300093
1.342532
1.406090
1.498280
1.474283
1.403975
1.302248
1.283474
1.259332
1.252664
1.301701
1.232129
1.397474
1.324195
1.258093
1.231331
1.245602
1.361513
1.254339
1.332165
1.328377
1.368955
1.442087
1.226325
1.316849
1.327471
1.289697
1.341410
1.346876
1.424809
1.265274
1.340448
1.243429
1.182833
1.282400
1.332653
1.375098
1.341790
1.267682
1.246567
1.321348
1.297614
1.350393
1.385607
1.304926
1.243812
1.355808
1.329630
1.342831
1.315595
1.362207
1.356157
1.257326
1.437986
1.362733
1.374496
1.307127
1.395295
1.391640
1.317508
1.337336
1.285373
1.262636
1.314207
1.314625
1.267709
1.302893
1.363930
1.187764
1.179617
1.324876
1.269641
1.275855
1.317967
1.369563
1.319242
1.380816
1.329853
1.323402
1.334173
1.273060
1.319462
1.357311
1.407865
1.247584
1.362718
1.349883
1.192660
1.285800
1.335395
1.313410
1.387407
1.396252
1.243665
1.310810
1.384063
1.315513
1.244796
1.280722
1.252287
1.376848
1.338575
1.315436
1.326866
1.307561
1.214562
1.245448
1.291318
1.284719
1.355967
1.272311
1.234545
1.251633
1.200899
1.276469
1.288083
1.232049
1.272433
1.342495
1.329941
1.290815
1.319621
1.273569
1.401427
1.394053
1.299907
1.368463
1.282125
1.348988
1.333127
1.357269
1.284451
1.267188
1.275690
1.172983
1.214664
1.261227
1.246333
1.301195
1.317320
1.302578
1.247874
1.273872
1.299342
1.252735
1.397238
1.528560
1.287539
1.359079
1.265903
1.354168
1.229970
1.274820
1.152875
1.298826
1.234091
1.181345
1.285309
1.337669
1.404943
1.339392
1.285585
1.236888
1.356520
1.206092
1.357201
1.292727
1.279662
1.319243
1.236775
1.310016
1.336976
1.272364
1.321470
1.276618
1.266770
1.297975
1.267784
1.406642
1.418050
1.329608
1.257000
1.334714
1.300837
1.369346
1.392019
1.267069
1.162604
1.344062
1.284963
1.299224
1.330105
1.328556
1.189684
1.388902
1.244093
1.261791
1.332898
1.325891
1.344435
1.371650
1.286269
1.429452
1.374892
1.326956
1.313691
1.281779
1.274039
1.222698
1.340987
1.310585
1.311635
1.411585
1.294396
1.282759
1.364051
1.308576
1.267147
1.380101
1.272471
1.406748
1.214854
1.276097
1.318678
1.306491
1.380533
1.319289
1.286484
1.278711
1.374397
1.291221
1.276051
1.249736
1.432448
1.258832
1.343859
1.352132
1.258483
1.211710
1.315330
1.272669
1.348025
1.331726
1.204293
1.349969
1.305438
1.269094
1.370988
1.328029
1.273452
1.349689
1.337036
1.288103
1.331421
1.361611
1.307815
1.281229
1.244668
1.229793
1.324485
1.427713
1.229436
1.262806
1.289725
1.298053
1.377707
1.341538
1.380218
1.270946
1.332600
1.331161
1.335784
1.311927
1.195009
1.354409
1.287517
1.299166
1.328598
1.348130
1.256327
1.278804
1.260038
1.330341
1.173008
1.261591
1.346200
1.220886
1.268316
1.292236
1.232322
1.366519
1.326156
1.271922
1.270769
1.305046
1.221508
1.266627
1.369943
1.326230
1.329942
1.243210
1.296787
1.253287
1.309297
1.239364
1.263458
1.251632
1.299192
1.337509
1.201735
1.297774
1.354467
1.189017
1.364272
1.299088
1.304562
1.306414
1.202136
1.404201
1.378384
1.283877
1.367658
1.176641
1.325185
1.282163
1.255428
1.340667
1.243809
1.287825
1.377645
1.220598
1.295145
1.218707
1.213151
1.287096
1.241602
1.295853
1.228691
1.242458
1.271577
1.407533
1.275488
1.401324
1.286003
1.441457
1.330965
1.325631
1.308131
1.408390
1.242504
1.282788
1.248866
1.349711
1.319405
1.217928
1.311011
1.283718
1.232846
1.324631
1.249013
1.256217
1.382803
1.269239
1.284598
1.298429
1.252728
1.265895
1.253279
1.368530
1.300391
1.360862
1.175335
1.220899
1.282820
1.307204
1.191798
1.281243
1.316170
1.238037
1.309191
1.227084
1.275766
1.327872
1.277468
1.375652
1.235399
1.329062
1.301880
1.257992
1.421821
1.293718
1.322986
1.387162
1.353305
1.258407
1.313199
1.260489
1.352816
1.293075
1.172518
1.316071
1.389799
1.230998
1.292978
1.191016
1.223344
1.307768
1.284238
1.344445
1.367480
1.342521
1.247799
1.342699
1.424055
1.373194
1.377016
1.340072
1.496395
1.347271
1.427378
1.408048
1.452828
1.671463
1.371081
1.415915
1.396120
1.391035
1.264015
1.394358
1.243402
1.333678
1.354905
1.268812
1.220314
1.293100
1.259727
1.255954
1.356125
1.272618
1.391321
1.294408
1.431977
1.345825
1.324395
1.271946
1.364515
1.311409
1.353785
1.280045
1.257113
1.347083
1.294803
1.228153
1.286274
1.253956
1.190875
1.329614
1.379441
1.306891
1.291931
1.333491
1.383215
1.298577
1.373725
1.316634
1.252471
1.371648
1.241197
1.301236
1.358150
1.256180
1.309344
1.277777
1.317211
1.367567
1.300657
1.217729
1.269872
1.262496
1.277878
1.327020
1.374000
1.174142
1.253180
1.241385
1.305915
1.372599
1.328221
1.251039
1.230109
1.391993
1.423795
1.208984
1.291551
1.318836
1.269454
1.268825
1.417060
1.378817
1.324652
1.316582
1.302126
1.284171
1.309929
1.355328
1.388488
1.380732
1.299179
1.280532
1.221381
1.218160
1.338549
1.281385
1.323540
1.257138
1.313123
1.190997
1.300388
1.351093
1.224770
1.228370
1.351382
1.306214
1.336418
1.363259
1.285805
1.177404
1.305801
1.277815
1.254602
1.336562
1.290398
1.387079
1.328530
1.210769
1.293077
1.239449
1.258550
1.324802
1.366256
1.441189
1.528989
1.826945
1.528613
1.284417
1.371020
1.331710
1.314362
1.330675
1.455794
1.335995
1.343600
1.301735
1.174470
1.260696
1.225629
1.254877
1.253984
1.316377
1.287324
1.333330
1.384902
1.309063
1.318015
1.386533
1.304149
1.239389
1.373084
1.285085
1.329983
1.247065
1.339549
1.311267
1.281148
1.275135
1.291738
1.335257
1.271807
1.332438
1.288424
1.349160
1.363177
1.270593
1.307155
1.314386
1.334606
1.238871
1.308718
1.338951
1.251687
1.361204
1.289173
1.305451
1.238292
1.278968
1.309756
1.342948
1.266819
1.285838
1.371752
1.283144
1.215192
1.201881
1.366074
1.377937
1.402126
1.261059
1.362789
1.458607
1.252829
1.244122
1.300744
1.347702
1.353846
1.323445
1.271194
1.358359
1.368199
1.347915
1.383066
1.351204
1.323867
1.339377
1.186950
1.235146
1.226789
1.196183
1.269052
1.215054
1.237968
1.255525
1.339697
1.260771
1.266959
1.337047
1.314452
1.237267
1.254228
1.209661
1.244059
1.327671
1.263859
1.377006
1.436208
1.361893
1.384516
1.430856
1.347513
1.275264
1.208390
1.226510
1.265687
1.351587
1.171795
1.229171
1.283747
1.228888
1.266135
1.255821
1.247498
1.343110
1.365231
1.208464
1.373251
1.355899
1.256812
1.221868
1.303604
1.314528
1.359796
1.205252
1.225110
1.329082
1.278966
1.229010
1.343781
1.347578
1.293334
1.326234
1.264984
1.197430
1.252258
1.237643
1.300285
1.269425
1.281157
1.368434
1.323040
1.273941
1.266596
1.368878
1.242188
1.176635
1.257132
1.298345
1.274615
1.330503
1.241302
1.266819
1.222907
1.254253
1.164197
1.283266
1.390419
1.217915
1.343601
1.282405
1.412041
1.274320
1.303625
1.318314
1.398138
1.356187
1.327066
1.407820
1.306159
1.308744
1.272841
1.344775
1.239937
1.334812
1.281601
1.299606
1.277433
1.317649
1.300705
1.327099
1.329651
1.244769
1.211097
1.210563
1.325455
1.285604
1.297839
1.335230
1.212730
1.303805
1.497892
1.475576
1.328596
1.432156
1.460651
1.271685
1.165902
1.283061
1.210611
1.291783
1.296393
1.198705
1.306394
1.181968
1.371836
1.383227
1.338719
1.287340
1.220294
1.345315
1.251928
1.352354
1.305609
1.202751
1.269110
1.331161
1.298837
1.315544
1.246500
1.206869
1.276036
1.201084
1.350040
1.304695
1.264362
1.300571
1.290898
1.321874
1.302757
1.359735
1.259504
1.338041
1.369919
1.290119
1.251369
1.221093
1.269210
1.207281
1.340050
1.319880
1.343687
1.349244
1.393561
1.366333
1.290813
1.285313
1.346039
1.281918
1.390454
1.317941
1.227642
1.184790
1.417885
1.219403
1.381978
1.295031
1.355187
1.375528
1.287101
1.288617
1.251755
1.213820
1.264068
1.211334
1.258479
1.197114
1.289487
1.250572
1.322841
1.398862
1.359529
1.320750
1.243993
1.242832
1.348155
1.262828
1.398873
1.266718
1.289514
1.285989
1.272155
1.341625
1.242531
1.407201
1.234319
1.326033
1.229455
1.326376
1.249830
1.269820
1.365987
1.314364
1.320513
1.264689
1.321027
1.198264
1.289107
1.281425
1.258369
1.314927
1.208284
1.271183
1.285952
1.249717
1.298468
1.173709
1.252109
1.252802
1.198643
1.205307
1.242268
1.303098
1.254781
1.209264
1.277727
1.352566
1.314292
1.292032
1.293162
1.387465
1.263082
1.302552
1.295904
1.377829
1.339890
1.287887
1.358313
1.170235
1.280277
1.296107
1.262326
1.281393
1.312608
1.414136
1.329243
1.345019
1.324235
1.267608
1.267740
1.183424
1.192086
1.344530
1.239206
1.246485
1.326501
1.265273
1.358104
1.316741
1.338277
1.313419
1.336840
1.315992
1.257179
1.235967
1.320889
1.313158
1.257231
1.297084
1.270369
1.308895
1.348085
1.414713
1.385242
1.271489
1.301029
1.185322
1.284171
1.312997
1.394905
1.245577
1.296003
1.233605
1.225518
1.310354
1.321820
1.348670
1.244838
1.315277
1.213516
1.331547
1.410401
1.215866
1.212373
1.360089
1.240055
1.239664
1.255510
1.313259
1.232626
1.232964
1.282068
1.213841
1.379699
1.209605
1.309438
1.328660
1.229004
1.357179
1.217188
1.348935
1.363791
1.353350
1.275504
1.334760
1.250536
1.207808
1.297171
1.324059
1.247861
1.300079
1.306343
1.234794
1.181706
1.252067
1.312608
1.250347
1.347710
1.249139
1.389906
1.309634
1.260356
1.188899
1.216862
1.414351
1.294401
1.332008
1.367274
1.291330
1.291647
1.292532
1.302201
1.231690
1.281833
1.253093
1.375195
1.199416
1.332913
1.314074
1.221242
1.345105
1.290177
1.323349
1.329238
1.338619
1.363539
1.271247
1.293927
1.316893
1.518102
1.557370
1.597008
1.543708
1.380041
1.444618
1.354126
1.351569
1.307797
1.468505
1.466627
1.345017
1.226934
1.381889
1.296082
1.352360
1.263621
1.261626
1.295358
1.274494
1.293630
1.351425
1.274870
1.272326
1.347654
1.219972
1.324196
1.204930
1.251028
1.212469
1.206427
1.395181
1.201797
1.237168
1.280487
1.265889
1.241706
1.268506
1.311245
1.207325
1.356026
1.400978
1.355990
1.368404
1.324852
1.304707
1.244402
1.309614
1.378837
1.366839
1.315880
1.361756
1.449871
1.263851
1.196067
1.275790
1.303607
1.278243
1.236635
1.249587
1.423321
1.215996
1.333947
1.281781
1.255969
1.179634
1.342729
1.307064
1.216355
1.240330
1.216730
1.236472
1.389770
1.324387
1.349222
1.380468
1.352277
1.335138
1.284226
1.213387
1.293647
1.260420
1.206972
1.228667
1.251305
1.345533
1.321901
1.280670
1.233502
1.294614
1.260465
1.333324
1.332867
1.301300
1.195368
1.353629
1.260818
1.227854
1.276136
1.308437
1.249253
1.264544
1.262607
1.369337
1.275592
1.302450
1.343808
1.333958
1.260087
1.376591
1.321562
1.345207
1.233639
1.370003
1.205262
1.300227
1.348621
1.341373
1.355167
1.336104
1.268854
1.300513
1.334307
1.326984
1.208571
1.278772
1.248011
1.359909
1.278592
1.255305
1.232262
1.399290
1.352122
1.283216
1.239921
1.290432
1.398100
1.279650
1.314677
1.316721
1.310839
1.244203
1.190301
1.245475
1.268091
1.270610
1.348294
1.294921
1.252654
1.341039
1.346311
1.436787
1.442968
1.317946
1.325864
1.359133
1.301771
1.289529
1.278694
1.353276
1.276289
1.324526
1.296703
1.344403
1.322696
1.273407
1.273068
1.269506
1.295070
1.266419
1.419403
1.336019
1.390074
1.345842
1.359013
1.278282
1.388906
1.453282
1.317083
1.353265
1.303980
1.299421
1.346959
1.224803
1.256149
1.353251
1.340731
1.305510
1.359088
1.289831
1.345824
1.292638
1.258276
1.228050
1.393236
1.265872
1.289962
1.212207
1.255680
1.298853
1.192771
1.264459
1.346262
1.221451
1.313232
1.473008
1.324265
1.242167
1.230341
1.262847
1.288760
1.199269
1.381677
1.288116
1.255260
1.224640
1.264640
1.324579
1.253646
1.340612
1.217831
1.319035
1.232898
1.230765
1.336939
1.253248
1.325654
1.386539
1.596276
1.359950
1.374442
1.319936
1.287692
1.366912
1.210563
1.271034
1.212436
1.282060
1.326925
1.214834
1.317531
1.174497
1.323519
1.239537
1.236255
1.164269
1.362519
1.350382
1.290624
1.339256
1.155517
1.293849
1.251351
1.349241
1.229246
1.274158
1.383067
1.313172
1.395980
1.320358
1.198083
1.243656
1.293861
1.306340
1.213779
1.242671
1.248447
1.255723
1.226591
1.246753
1.337501
1.245399
1.323304
1.311393
1.314474
1.289879
1.385644
1.250326
1.325397
1.358645
1.197830
1.331673
1.300395
1.265590
1.325577
1.368233
1.240014
1.272057
1.227652
1.264418
1.421869
1.269753
1.291971
1.194438
1.284823
1.233133
1.283850
1.307116
1.208700
1.282658
1.392689
1.256089
1.324251
1.438758
1.339518
1.358945
1.385260
1.428402
1.305829
1.371956
1.375991
1.396256
1.328248
1.369158
1.227825
1.341760
1.200314
1.271824
1.317545
1.322779
1.293771
1.351667
1.246497
1.287643
1.276372
1.314913
1.307551
1.336693
1.330996
1.234931
1.279352
1.232760
1.317873
1.168995
1.247274
1.338802
1.284462
1.271510
1.235587
1.345517
1.293520
1.223012
1.230188
1.339847
1.318678
1.237634
1.266696
1.234398
1.307531
1.207028
1.226223
1.190740
1.330542
1.187539
1.231215
1.222156
1.233772
1.276707
1.344231
1.279376
1.281465
1.344581
1.335704
1.321502
1.364778
1.383281
1.324785
1.249191
1.218498
1.333735
1.399091
1.406602
1.401131
1.304872
1.304240
1.250085
1.262769
1.333880
1.237046
1.233715
1.264228
1.272076
1.247222
1.295728
1.174641
1.200366
1.327123
1.302229
1.288348
1.306838
1.200727
1.233272
1.346453
1.279202
1.294503
1.333476
1.259388
1.265883
1.289796
1.407964
1.348520
1.219120
1.238918
1.226008
1.269575
1.269516
1.192652
1.155705
1.372535
1.238474
1.218423
1.367650
1.277261
1.279192
1.238564
1.191381
1.391371
1.322673
1.306223
1.337449
1.344813
1.343023
1.399542
1.428831
1.298475
1.315704
1.265841
1.308969
1.254092
1.336053
1.208147
1.245897
1.289298
1.282428
1.314327
1.279813
1.322123
1.345118
1.346587
1.300309
1.383451
1.335470
1.296406
1.272570
1.310059
1.327420
1.205355
1.235875
1.343293
1.363977
1.208070
1.475288
1.450061
1.358341
1.176316
1.294056
1.392752
1.259490
1.223966
1.257243
1.174112
1.338495
1.265143
1.197106
1.322045
1.329813
1.213056
1.218022
1.245631
1.195023
1.300274
1.288249
1.385249
1.263947
1.365104
1.352441
1.373835
1.386986
1.377558
1.287173
1.268378
1.231725
1.318280
1.300752
1.211401
1.267694
1.233236
1.198808
1.249206
1.209144
1.389934
1.267215
1.288574
1.264042
1.311906
1.310005
1.230819
1.273253
1.337904
1.354385
1.219013
1.189861
1.344473
1.267871
1.327326
1.237642
1.311077
1.280870
1.352694
1.173107
1.250450
1.251940
1.312694
1.331892
1.307790
1.364506
1.336242
1.361609
1.268966
1.254328
1.185621
1.335648
1.390240
1.347135
1.232767
1.294126
1.419801
1.361750
1.244473
1.355725
1.243695
1.203122
1.261354
1.245158
1.298073
1.277459
1.359547
1.317897
1.225249
1.230353
1.315074
1.189569
1.339183
1.305463
1.337952
1.287236
1.231989
1.357928
1.306000
1.311786
1.261271
1.252657
1.238601
1.368972
1.381102
1.259461
1.271052
1.299940
1.313201
1.285438
1.283841
1.204287
1.250106
1.189905
1.280573
1.365670
1.177535
1.298029
1.404452
1.340747
1.259178
1.365073
1.292090
1.324709
1.273097
1.211904
1.407801
1.273118
1.348614
1.276977
1.342978
1.303094
1.320393
1.244740
1.277084
1.307584
1.247589
1.339634
1.240535
1.277932
1.251857
1.260137
1.199618
1.327811
1.262097
1.284137
1.317960
1.174591
1.373480
1.385285
1.214623
1.177613
1.218719
1.349194
1.232213
1.246792
1.212172
1.210732
1.298322
1.235974
1.263172
1.275684
1.200802
1.260079
1.335230
1.273382
1.269532
1.228624
1.257993
1.235548
1.145372
1.358922
1.299662
1.328915
1.350698
1.220772
1.309281
1.376523
1.299528
1.304914
1.326334
1.210624
1.284304
1.383842
1.248306
1.271418
1.332151
1.156698
1.204760
1.250745
1.359120
1.289369
1.264377
1.206059
1.307731
1.320327
1.275137
1.261962
1.159873
1.306190
1.212221
1.409885
1.273450
1.223744
1.260370
1.169478
1.388103
1.258533
1.256860
1.341309
1.353086
1.318289
1.195177
1.224087
1.331331
1.331242
1.383136
1.222321
1.234506
1.313276
1.299915
1.232815
1.284579
1.235224
1.216861
1.245254
1.311281
1.281741
1.197742
1.230085
1.225262
1.203722
1.279665
1.302537
1.325014
1.317898
1.269132
1.334131
1.294880
1.204482
1.183760
1.372643
1.196309
1.340758
1.274147
1.259932
1.268378
1.281270
1.285470
1.298025
1.224340
1.326655
1.231948
1.335139
1.340578
1.393254
1.199020
1.261410
1.288217
1.266673
1.207284
1.275895
1.340629
1.303486
1.271348
1.315232
1.368511
1.282983
1.349623
1.259981
1.303657
1.243490
1.190221
1.341058
1.328002
1.235245
1.299434
1.300530
1.264361
1.198096
1.293379
1.324613
1.259765
1.232599
1.248005
1.368226
1.179758
1.336557
1.324917
1.308610
1.278917
1.298504
1.229530
1.202879
1.281587
1.254555
1.247393
1.329678
1.271803
1.278725
1.394868
1.371206
1.324515
1.360303
1.182917
1.177341
1.336874
1.220237
1.241198
1.260736
1.220869
1.241716
1.241336
1.307445
1.351534
1.327281
1.335785
1.268035
1.370265
1.206291
1.220717
1.288700
1.304787
1.315488
1.255493
1.239777
1.231430
1.359182
1.350241
1.350973
1.337075
1.292434
1.392665
1.338018
1.278918
1.256703
1.309637
1.321789
1.273697
1.305881
1.350606
1.286094
1.251301
1.310905
1.325213
1.244800
1.298071
1.212039
1.200910
1.257277
1.298124
1.251966
1.253776
1.323002
1.347171
1.330829
1.264851
1.239890
1.250908
1.213497
1.152272
1.255482
1.173391
1.234409
1.224653
1.285137
1.264090
1.374201
1.316661
1.240575
1.315638
1.372413
1.316126
1.238162
1.298336
1.302204
1.404425
1.255225
1.278849
1.242055
1.242892
1.352803
1.330647
1.301005
1.300933
1.233593
1.387587
1.258198
1.219330
1.198855
1.244144
1.263996
1.253029
1.303196
1.264355
1.244169
1.276423
1.253783
1.361446
1.348544
1.453227
1.392283
1.288495
1.407752
1.287758
1.279350
1.292397
1.246009
1.243301
1.332735
1.289349
1.325487
1.183911
1.268991
1.287350
1.269426
1.232213
1.316951
1.347138
1.318472
1.190303
1.222773
1.428413
1.201493
1.265969
1.207535
1.175858
1.314626
1.247677
1.351981
1.344382
1.360565
1.176655
1.341864
1.305696
1.282232
1.248415
1.301467
1.222628
1.307833
1.283860
1.267023
1.387744
1.272332
1.268880
1.362213
1.319026
1.209628
1.205753
1.352338
1.287723
1.379484
1.331709
1.326982
1.317554
1.301711
1.215943
1.398775
1.277209
1.329224
1.358336
1.316535
1.396381
1.300859
1.367619
1.302246
1.243069
1.348715
1.350815
1.345911
1.381388
1.270348
1.304939
1.255841
1.350413
1.550070
1.360875
1.276246
1.277820
1.299454
1.234075
1.232743
1.253398
1.204816
1.212944
1.263967
1.329905
1.265028
1.334343
1.156500
1.254006
1.207801
1.379277
1.327483
1.273214
1.395937
1.284868
1.352236
1.291066
1.348468
1.224885
1.308920
1.321312
1.317023
1.284767
1.254964
1.279500
1.175055
1.298533
1.196827
1.304415
1.344899
1.166441
1.233710
1.217343
1.254396
1.291529
1.214378
1.284251
1.188861
1.258198
1.243688
1.226179
1.257717
1.246653
1.294439
1.275809
1.273766
1.287975
1.249217
1.327669
1.324789
1.257755
1.272763
1.247221
1.224836
1.203360
1.234863
1.314460
1.206237
1.160518
1.324025
1.210252
1.247309
1.314995
1.387111
1.336108
1.356722
1.273965
1.321111
1.273853
1.189031
1.375202
1.435126
1.266123
1.285807
1.245490
1.316558
1.304111
1.333976
1.326068
1.384421
1.327549
1.294943
1.391434
1.194978
1.172858
1.315124
1.260344
1.220155
1.336979
1.233237
1.301031
1.299672
1.360344
1.354411
1.334920
1.433776
1.219672
1.343794
1.296976
1.285186
1.257468
1.336812
1.362309
1.240499
1.265853
1.347675
1.269867
1.201562
1.294001
1.312021
1.286003
1.251538
1.178982
1.266079
1.234115
1.239881
1.250124
1.243896
1.273239
1.369109
1.166437
1.272335
1.264047
1.220176
1.283823
1.235704
1.196449
1.332867
1.328378
1.308987
1.291185
1.216237
1.290000
1.321181
1.219867
1.228128
1.267541
1.207708
1.307793
1.249430
1.321721
1.270719
1.306918
1.412083
1.295190
1.242499
1.308494
1.275398
1.293418
1.382963
1.176316
1.285764
1.229805
1.277234
1.197166
1.287995
1.252630
1.199680
1.330681
1.339738
1.371286
1.243503
1.269442
1.288447
1.338113
1.201886
1.169227
1.321376
1.280392
1.291709
1.312804
1.286605
1.271722
1.235149
1.203456
1.364848
1.206190
1.266440
1.328662
1.343028
1.319968
1.374772
1.287545
1.228147
1.324071
1.295774
1.277286
1.289046
1.347017
1.217479
1.256193
1.328645
1.265494
1.334572
1.261487
1.256308
1.212007
1.293795
1.283887
1.215100
1.389889
1.454519
1.347607
1.316849
1.243170
1.330220
1.299340
1.282008
1.347004
1.348177
1.358664
1.261091
1.366253
1.269397
1.268824
1.328134
1.351849
1.349660
1.286526
1.254902
1.321678
1.355613
1.258597
1.277281
1.369064
1.257795
1.346016
1.321190
1.220855
1.293389
1.306789
1.294555
1.235716
1.280861
1.314558
1.225750
1.212375
1.283169
1.274009
1.296302
1.263368
1.338601
1.287952
1.310293
1.251700
1.295038
1.162086
1.278097
1.326054
1.331788
1.237365
1.371521
1.426280
1.215490
1.247524
1.209534
1.164349
1.166392
1.233035
1.290756
1.265466
1.390260
1.406957
1.322142
1.265383
1.240790
1.297850
1.206265
1.307972
1.237570
1.206377
1.237167
1.289754
1.200818
1.330676
1.205236
1.341306
1.402250
1.366342
1.245293
1.276988
1.346403
1.171659
1.239267
1.230268
1.269422
1.258327
1.244615
1.273806
1.225696
1.289856
1.209052
1.203961
1.206356
1.323906
1.235359
1.319198
1.355509
1.256511
1.243079
1.176311
1.297834
1.227220
1.257340
1.320494
1.179349
1.302793
1.233174
1.436516
1.348771
1.339660
1.250293
1.354934
1.226307
1.335821
1.294140
1.297056
1.281519
1.319407
1.196193
1.335115
1.233885
1.288963
1.245736
1.315658
1.258606
1.295186
1.235172
1.292691
1.282547
1.225526
1.251916
1.256927
1.171072
1.413793
1.299236
1.311459
1.227448
1.287115
1.380335
1.315704
1.222185
1.212916
1.216784
1.228331
1.234741
1.345842
1.289357
1.170698
1.273194
1.248812
1.320975
1.362297
1.294249
1.190267
1.231609
1.261883
1.310945
1.279691
1.197725
1.309454
1.251601
1.162252
1.230341
1.245566
1.338024
1.285481
1.293394
1.296692
1.320227
1.304096
1.378713
1.221758
1.256362
1.288793
1.274416
1.308625
1.315561
1.223019
1.208153
1.266103
1.319790
1.212785
1.277459
1.277039
1.281530
1.408395
1.207979
1.257281
1.263224
1.281943
1.236306
1.287947
1.256468
1.248797
1.177260
1.205148
1.278228
1.339175
1.299843
1.298527
1.281787
1.280679
1.260278
1.338517
1.192808
1.181891
1.228612
1.201494
1.265463
1.345021
1.230660
1.272274
1.319116
1.312587
1.386595
1.252504
1.358746
1.263992
1.197160
1.257267
1.158554
1.267732
1.239053
1.356222
1.190743
1.347553
1.249697
1.371248
1.222799
1.336676
1.332834
1.167397
1.208330
1.341367
1.290194
1.245433
1.332658
1.289062
1.178168
1.181105
1.239751
1.355707
1.283803
1.240903
1.263745
1.304516
1.358757
1.298331
1.231741
1.259036
1.278575
1.344188
1.335336
1.400379
1.234938
1.238133
1.255650
1.295704
1.340650
1.331341
1.279760
1.316359
1.234551
1.322982
1.289989
1.322976
1.328179
1.231542
1.305767
1.340265
1.265850
1.312349
1.209458
1.291122
1.274670
1.265409
1.316480
1.264170
1.162484
1.152289
1.276856
1.161972
1.165112
1.258637
1.233684
1.370929
1.166950
1.268655
1.269059
1.261943
1.322009
1.273828
1.231948
1.321741
1.336667
1.316195
1.294457
1.298931
1.259099
1.262509
1.326407
1.264332
1.262316
1.293918
1.278567
1.314822
1.198390
1.290691
1.324546
1.285291
1.283084
1.352037
1.388102
1.217803
1.290022
1.301646
1.204592
1.350840
1.258327
1.261784
1.191652
1.275779
1.376649
1.204154
1.255079
1.346127
1.188648
1.252251
1.237193
1.316541
1.359028
1.298532
1.228661
1.324658
1.431068
1.164580
1.316025
1.229156
1.178705
1.279628
1.236436
1.231372
1.225200
1.228880
1.289670
1.250371
1.222072
1.304918
1.236577
1.327797
1.240956
1.230565
1.219627
1.260071
1.235870
1.340844
1.192490
1.304838
1.229883
1.334208
1.208748
1.203024
1.271220
1.259287
1.232133
1.227064
1.243050
1.153724
1.256867
1.261983
1.210636
1.190398
1.248411
1.305963
1.271227
1.165743
1.325740
1.181127
1.247951
1.222722
1.296149
1.327823
1.358995
1.236422
1.325145
1.293027
1.346523
1.292259
1.220136
1.322977
1.295083
1.233073
1.329165
1.330188
1.181568
1.319876
1.267489
1.194818
1.293254
1.199752
1.307962
1.208747
1.238279
1.307673
1.195120
1.221280
1.315795
1.302596
1.295873
1.339751
1.285407
1.217776
1.275714
1.275706
1.339004
1.261762
1.358388
1.300561
1.408877
1.297493
1.232150
1.284315
1.264590
1.196649
1.375271
1.250351
1.299964
1.158599
1.237475
1.287625
1.200291
1.258479
1.320369
1.261209
1.353119
1.255682
1.284604
1.256907
1.367698
1.336977
1.319438
1.324756
1.263023
1.278406
1.259105
1.186139
1.200058
1.295023
1.350892
1.221496
1.233049
1.225836
1.253926
1.298660
1.229144
1.184405
1.194785
1.234714
1.161568
1.262874
1.209168
1.217220
1.325767
1.217920
1.191169
1.336741
1.226813
1.252309
1.150328
1.307113
1.311422
1.333307
1.325782
1.333082
1.227084
1.156452
1.218084
1.279935
1.241409
1.231557
1.296746
1.372748
1.290337
1.266909
1.324350
1.235903
1.278383
1.298913
1.214811
1.291286
1.248078
1.228987
1.370093
1.254616
1.294005
1.273698
1.260345
1.298332
1.259252
1.196237
1.316969
1.284320
1.259862
1.250119
1.247644
1.193002
1.320126
1.304693
1.224043
1.200899
1.173065
1.354331
1.293830
1.271532
1.235126
1.268945
1.273690
1.367135
1.160444
1.174984
1.220973
1.242642
1.282543
1.261983
1.297419
1.233619
1.308904
1.259287
1.230537
1.302847
1.291711
1.245946
1.333276
1.174434
1.295871
1.254590
1.260559
1.296118
1.334463
1.275781
1.352514
1.321735
1.329379
1.366545
1.271505
1.363309
1.225346
1.205489
1.403613
1.177077
1.320858
1.342907
1.222653
1.308440
1.231128
1.325226
1.268902
1.366700
1.264302
1.162560
1.252568
1.314484
1.331180
1.294495
1.161054
1.233172
1.228292
1.239783
1.259858
1.264870
1.326111
1.301833
1.247369
1.342467
1.335164
1.171647
1.227858
1.290148
1.262926
1.255235
1.169117
1.303391
1.369006
1.373754
1.310354
1.284315
1.208938
1.268085
1.367686
1.155642
1.197973
1.194610
1.335560
1.241046
1.338526
1.342482
1.386947
1.371852
1.262605
1.227534
1.233200
1.192995
1.219089
1.193000
1.316224
1.281343
1.249416
1.228728
1.248695
1.299315
1.285496
1.253651
1.262187
1.195947
1.207991
1.198944
1.195669
1.307461
1.348060
1.236272
1.344042
1.234416
1.291858
1.259245
1.233546
1.307352
1.273185
1.287561
1.285657
1.265638
1.415352
1.260637
1.307247
1.337101
1.214659
1.228889
1.204213
1.241823
1.175616
1.288153
1.210969
1.291781
1.257782
1.255795
1.329900
1.228650
1.256862
1.333547
1.290979
1.330873
1.341451
1.311710
1.265019
1.304244
1.295990
1.230978
1.291811
1.224771
1.355325
1.235893
1.270113
1.268950
1.212126
1.296582
1.339075
1.379966
1.319669
1.388936
1.429264
1.276705
1.312572
1.245641
1.281815
1.252027
1.300772
1.257760
1.220584
1.271506
1.277520
1.201890
1.249881
1.409241
1.155816
1.275109
1.259141
1.169085
1.378590
1.253650
1.282218
1.187118
1.269528
1.246185
1.206500
1.306159
1.341633
1.324041
1.359409
1.223094
1.251727
1.313322
1.231960
1.223439
1.145552
1.220753
1.291895
1.313550
1.218635
1.147902
1.328887
1.324213
1.176466
1.306152
1.252432
1.267680
1.307597
1.217053
1.357799
1.285496
1.198633
1.297056
1.327067
1.348943
1.393678
1.293120
1.297938
1.301189
1.296966
1.296980
1.264645
1.163838
1.291084
1.229892
1.265332
1.280121
1.242612
1.227421
1.235469
1.260436
1.343089
1.223160
1.199635
1.209069
1.197541
1.237032
1.297166
1.337462
1.206049
1.195814
1.310178
1.228598
1.270646
1.261387
1.347035
1.261178
1.257724
1.315438
1.288337
1.222773
1.207023
1.246067
1.302076
1.212573
1.249548
1.306031
1.194093
1.399259
1.285998
1.177203
1.265075
1.233714
1.280208
1.295819
1.331344
1.335499
1.340771
1.252960
1.345501
1.260468
1.264018
1.265080
1.249283
1.205342
1.345314
1.220231
1.264423
1.330334
1.271906
1.256276
1.293373
1.157802
1.309710
1.286622
1.239387
1.324193
1.230238
1.227098
1.193638
1.214814
1.216169
1.263131
1.181019
1.233341
1.220350
1.338839
1.227179
1.287789
1.285935
1.328531
1.330302
1.321112
1.263292
1.208019
1.224580
1.374004
1.260606
1.277847
1.186772
1.295956
1.197783
1.223624
1.288685
1.190281
1.322441
1.224679
1.363236
1.362168
1.195062
1.338566
1.260368
1.165328
1.215660
1.258843
1.270449
1.187726
1.400276
1.311359
1.256048
1.302255
1.289220
1.286708
1.356227
1.284910
1.296194
1.228697
1.353693
1.278319
1.272232
1.275378
1.349873
1.250811
1.292528
1.272751
1.282610
1.298893
1.206342
1.280684
1.347940
1.202328
1.319550
1.168839
1.274174
1.196863
1.224073
1.254668
1.359237
1.397627
1.216648
1.198826
1.181470
1.327113
1.306632
1.164505
1.295451
1.300544
1.264294
1.178957
1.336204
1.269364
1.211441
1.370370
1.261109
1.327456
1.192021
1.220982
1.267273
1.257005
1.269903
1.241249
1.235768
1.184333
1.307498
1.216667
1.268894
1.308616
1.202691
1.242844
1.207069
1.314152
1.266210
1.228019
1.314352
1.229055
1.355490
1.286601
1.296577
1.347671
1.243977
1.315500
1.347419
1.366969
1.325590
1.341540
1.301772
1.176996
1.347006
1.233733
1.261660
1.232077
1.271183
1.239466
1.312405
1.224909
1.322485
1.256250
1.243286
1.237474
1.374856
1.342625
1.168483
1.244727
1.367730
1.236504
1.239742
1.195044
1.295938
1.288661
1.287473
1.290658
1.308820
1.230464
1.221159
1.264818
1.509779
1.183102
1.248387
1.340198
1.289277
1.330729
1.292865
1.321718
1.247490
1.170009
1.232568
1.306545
1.318796
1.430672
1.380367
1.259159
1.294481
1.265959
1.308213
1.235009
1.224241
1.284947
1.226460
1.318268
1.288700
1.201884
1.359643
1.265899
1.269801
1.546579
1.354293
1.373075
1.310542
1.241838
1.281080
1.293807
1.335348
1.253715
1.215423
1.310676
1.301523
1.253181
1.268580
1.281400
1.210819
1.280812
1.203851
1.236161
1.297286
1.237575
1.325259
1.287202
1.226267
1.251974
1.275032
1.215987
1.218839
1.259269
1.165638
1.277093
1.328906
1.292070
1.233477
1.309253
1.284065
1.248342
1.282484
1.149474
1.232330
1.330016
1.210688
1.261003
1.330885
1.227256
1.263860
1.189504
1.220961
1.330234
1.204051
1.214531
1.309470
1.187448
1.270835
1.247338
1.170239
1.297615
1.318758
1.333748
1.266950
1.370398
1.407839
1.274689
1.263556
1.262353
1.333758
1.388303
1.242850
1.374046
1.388717
1.237442
1.296387
1.155820
1.254566
1.229414
1.296155
1.205921
1.298319
1.286553
1.187191
1.210312
1.206005
1.237100
1.285271
1.280574
1.445589
1.263129
1.324337
1.233990
1.311898
1.160624
1.330879
1.200667
1.308941
1.280923
1.304048
1.211117
1.239580
1.221552
1.265456
1.155998
1.323386
1.267071
1.209139
1.310299
1.248238
1.318024
1.221544
1.332784
1.244685
1.230938
1.292032
1.340633
1.292233
1.311221
1.200010
1.187258
1.233117
1.381101
1.256078
1.297232
1.368747
1.330562
1.251601
1.305687
1.233795
1.272837
1.354380
1.366999
1.323369
1.198876
1.325276
1.255479
1.297649
1.225053
1.358810
1.294495
1.310665
1.299900
1.201742
1.226400
1.244169
1.271488
1.246544
1.257560
1.232839
1.318313
1.299707
1.329132
1.339745
1.166121
1.306545
1.192499
1.263715
1.218970
1.206797
1.345922
1.364052
1.356064
1.258677
1.195174
1.255431
1.255173
1.278316
1.231673
1.318662
1.277221
1.308358
1.269125
1.226825
1.236960
1.272895
1.280715
1.216532
1.359089
1.392124
1.644709
1.361404
1.327540
1.195158
1.274205
1.326469
1.390546
1.284889
1.255576
1.179787
1.310032
1.154805
1.194923
1.307472
1.302411
1.244264
1.286247
1.301253
1.388368
1.332721
1.225420
1.291497
1.323124
1.236625
1.304176
1.248206
1.228536
1.237128
1.308088
1.206727
1.366691
1.233971
1.288240
1.265744
1.277966
1.154265
1.261925
1.203136
1.237277
1.226600
1.291573
1.336854
1.232580
1.280570
1.310210
1.190895
1.289204
1.418251
1.266705
1.224220
1.363838
1.314282
1.246771
1.303350
1.264290
1.283736
1.326868
1.234021
1.217781
1.178569
1.309858
1.240468
1.340494
1.268745
1.319600
1.195628
1.291772
1.243349
1.324867
1.306466
1.191566
1.246853
1.229159
1.350185
1.228663
1.152188
1.216634
1.328944
1.216343
1.277114
1.148447
1.334338
1.277603
1.265458
1.264829
1.244473
1.293286
1.185679
1.275226
1.276003
1.274846
1.188458
1.244700
1.353005
1.240665
1.187342
1.186001
1.288905
1.273762
1.264001
1.254797
1.200572
1.258513
1.294825
1.170931
1.262585
1.196992
1.292765
1.330455
1.273848
1.207791
1.238394
1.281427
1.218355
1.292970
1.231770
1.301476
1.244467
1.316257
1.265596
1.368252
1.176028
1.250883
1.286687
1.261323
1.316710
1.255611
1.327112
1.219412
1.394463
1.226189
1.225498
1.312196
1.297457
1.343500
1.203091
1.284054
1.246851
1.226000
1.150729
1.184815
1.146652
1.332039
1.304233
1.286729
1.221894
1.288575
1.311205
1.231481
1.283076
1.309312
1.184106
1.321945
1.205579
1.322272
1.254722
1.257564
1.267664
1.226009
1.303368
1.181807
1.226273
1.374186
1.338229
1.269934
1.305973
1.230587
1.309218
1.371685
1.250425
1.177544
1.283521
1.274733
1.253220
1.184315
1.204983
1.339167
1.253640
1.206133
1.215667
1.222695
1.329969
1.339653
1.290580
1.328996
1.339972
1.236668
1.318633
1.253549
1.171134
1.337918
1.191726
1.278393
1.242823
1.264055
1.149778
1.234363
1.238962
1.348725
1.308963
1.364109
1.320284
1.314488
1.337362
1.291602
1.320029
1.208796
1.269534
1.257772
1.288137
1.391255
1.373492
1.323319
1.287400
1.278387
1.213164
1.210221
1.312688
1.184825
1.313620
1.290192
1.196648
1.274459
1.222596
1.261221
1.169636
1.196247
1.211343
1.229810
1.287047
1.221896
1.338080
1.195891
1.239262
1.247802
1.260220
1.249157
1.318057
1.283896
1.356247
1.202015
1.265267
1.301535
1.264068
1.177788
1.270844
1.232829
1.182990
1.291870
1.220928
1.287415
1.265519
1.323565
1.239867
1.237380
1.255167
1.216625
1.189860
1.236349
1.249551
1.361010
1.231187
1.211406
1.233931
1.242151
1.288672
1.341290
1.256925
1.235240
1.227687
1.209386
1.224522
1.325212
1.185344
1.252279
1.215752
1.215083
1.247195
1.333629
1.212490
1.318289
1.304888
1.224229
1.283166
1.287635
1.315938
1.191383
1.189363
1.270604
1.235691
1.278471
1.298890
1.218480
1.256287
1.356431
1.350778
1.256607
1.203595
1.236827
1.287462
1.364109
1.197578
1.284317
1.281313
1.250771
1.237490
1.329773
1.164936
1.156601
1.209243
1.226392
1.316086
1.280736
1.328490
1.274380
1.294985
1.218822
1.288291
1.233497
1.262697
1.213511
1.220270
1.185498
1.255703
1.184394
1.164163
1.326995
1.211851
1.345871
1.195404
1.365549
1.329196
1.230650
1.403465
1.273167
1.266129
1.256308
1.281328
1.254028
1.323763
1.301907
1.186040
1.291131
1.203474
1.212890
1.314193
1.330797
1.423003
1.281645
1.319347
1.297771
1.291166
1.356144
1.407102
1.306219
1.251327
1.329749
1.329723
1.350495
1.274773
1.309081
1.170175
1.192374
1.321273
1.403310
1.328448
1.343838
1.353244
1.302050
1.243934
1.400215
1.267137
1.345372
1.226712
1.345921
1.231185
1.314304
1.361721
1.333359
1.283901
1.317775
1.194979
1.259207
1.261661
1.284925
1.228076
1.252964
1.180451
1.255997
1.257406
1.297053
1.326844
1.265770
1.295698
1.383116
1.336748
1.294497
1.341111
1.320193
1.249608
1.191612
1.369881
1.276368
1.277464
1.216557
1.241602
1.262466
1.303823
1.220083
1.303402
1.293784
1.141990
1.295279
1.199068
1.342322
1.224504
1.302089
1.250760
1.203272
1.229162
1.329182
1.325106
1.189636
1.324607
1.329309
1.183465
1.253872
1.243926
1.274346
1.297669
1.225206
1.230573
1.308736
1.252361
1.223172
1.216770
1.314166
1.249672
1.222402
1.221625
1.264118
1.278065
1.267421
1.316373
1.235488
1.156428
1.338440
1.254495
1.284323
1.241482
1.282427
1.309743
1.312912
1.191707
1.227971
1.209445
1.360855
1.319395
1.235231
1.144363
1.203401
1.174020
1.324484
1.203941
1.281732
1.255148
1.187648
1.305483
1.343151
1.341640
1.253110
1.303404
1.220501
1.258672
1.192687
1.301345
1.225696
1.397318
1.327563
1.291333
1.152609
1.303969
1.186300
1.204505
1.316128
1.340043
1.356591
1.407875
1.230662
1.334024
1.270596
1.338027
1.277999
1.283033
1.208610
1.253176
1.277413
1.282298
1.183684
1.286250
1.235748
1.251701
1.266735
1.145744
1.273876
1.179117
1.249184
1.306894
1.162928
1.290923
1.323210
1.393906
1.302698
1.394916
1.401156
1.371213
1.256410
1.240719
1.276405
1.313646
1.238477
1.292595
1.225122
1.210009
1.276123
1.173592
1.266275
1.337248
1.275993
1.226219
1.251297
1.295509
1.253577
1.230518
1.250064
1.243913
1.227848
1.190917
1.305023
1.289661
1.213320
1.200849
1.223449
1.254206
1.251780
1.214968
1.363373
1.336826
1.154272
1.249224
1.363922
1.182290
1.271131
1.252311
1.217129
1.193926
1.358447
1.397204
1.187105
1.233655
1.285493
1.226435
1.216385
1.224374
1.295712
1.331728
1.226372
1.254163
1.196329
1.241686
1.262450
1.184942
1.150642
1.270423
1.308433
1.325376
1.331177
1.189070
1.259086
1.243696
1.234058
1.285457
1.286730
1.168202
1.301915
1.228160
1.283857
1.182549
1.146045
1.216347
1.403690
1.231972
1.249468
1.359742
1.200532
1.217013
1.176944
1.239029
1.223122
1.195192
1.209369
1.278636
1.294230
1.281312
1.269453
1.154955
1.272408
1.278197
1.235807
1.333925
1.279022
1.182763
1.203439
1.245576
1.287794
1.232042
1.238134
1.209858
1.257342
1.277669
1.307348
1.270851
1.339422
1.249896
1.245154
1.262300
1.312552
1.235985
1.301327
1.327482
1.218730
1.248360
1.263649
1.259358
1.361027
1.366213
1.184731
1.307046
1.334895
1.265626
1.302999
1.318335
1.237779
1.246747
1.346177
1.228742
1.318279
1.327653
1.182058
1.353267
1.275612
1.188788
1.175066
1.322228
1.157070
1.252551
1.225726
1.223403
1.218762
1.231402
1.293353
1.350323
1.290080
1.317982
1.280998
1.231463
1.362495
1.271958
1.186805
1.239458
1.304360
1.250988
1.355193
1.181811
1.350123
1.248620
1.228738
1.331078
1.156959
1.207281
1.169052
1.174481
1.264455
1.276568
1.201073
1.216072
1.287652
1.309592
1.306161
1.325099
1.214723
1.252073
1.334719
1.306960
1.186312
1.295773
1.216502
1.253216
1.244916
1.224607
1.275325
1.267581
1.230264
1.272653
1.282421
1.246166
1.248869
1.229888
1.264302
1.259274
1.278578
1.157283
1.181808
1.356458
1.251086
1.304470
1.230030
1.154778
1.231962
1.221353
1.273614
1.245077
1.300766
1.310970
1.219260
1.265891
1.247292
1.207939
1.315228
1.182857
1.266555
1.177161
1.279701
1.243857
1.227162
1.202858
1.392329
1.307961
1.237139
1.283324
1.229911
1.290651
1.294241
1.198095
1.177090
1.272195
1.294469
1.262455
1.230545
1.176009
1.251363
1.132986
1.204319
1.219599
1.265266
1.299184
1.331668
1.232013
1.333588
1.202529
1.284849
1.196165
1.350187
1.144716
1.277027
1.267947
1.361447
1.335360
1.226864
1.275078
1.221766
1.173024
1.294827
1.267313
1.160913
1.217407
1.191772
1.397967
1.313544
1.259783
1.227433
1.219482
1.309505
1.185451
1.225516
1.356777
1.263502
1.176794
1.182053
1.323116
1.226303
1.299286
1.204432
1.259453
1.339912
1.275699
1.219051
1.219208
1.319633
1.177360
1.259066
1.243588
1.353256
1.273117
1.209669
1.361575
1.233291
1.233945
1.272894
1.248033
1.229991
1.377403
1.367070
1.269746
1.170268
1.360993
1.230766
1.154900
1.153127
1.217776
1.304142
1.302054
1.308822
1.277650
1.252973
1.284981
1.253853
1.247174
1.213400
1.291904
1.314956
1.191106
1.257796
1.257791
1.216998
1.347829
1.219355
1.281859
1.253341
1.337767
1.225299
1.267333
1.212802
1.284772
1.233067
1.219521
1.270613
1.287830
1.231122
1.187124
1.283851
1.272970
1.275952
1.314155
1.144534
1.274556
1.153996
1.290544
1.310411
1.264704
1.210084
1.294487
1.313222
1.228537
1.216866
1.293462
