3.353621
2.429286
2.974849
2.425961
2.284819
2.334476
2.262105
2.233117
2.239262
2.148478
2.206814
2.314927
2.086811
2.169210
2.167136
2.167063
2.160260
2.126396
2.177465
2.188328
2.048798
2.149222
2.153948
2.128315
2.080543
2.126002
2.170168
2.092764
2.112723
2.108300
2.173654
2.159736
2.139041
2.074418
2.121609
2.080158
2.100452
2.104378
2.051044
2.105235
2.072343
2.043467
2.108019
2.020826
2.048503
2.106080
2.137416
2.091048
2.073384
2.008101
2.115891
2.109571
2.132820
2.063855
2.106447
2.111795
2.072570
2.117424
2.089126
2.126160
2.041722
2.106735
2.087329
1.992790
2.086140
2.043350
2.067836
2.144329
2.046964
2.043683
2.073124
2.080807
2.005775
2.153918
2.081086
2.058770
2.114082
2.017632
2.107676
2.078080
1.972896
1.997334
2.014168
2.059796
1.998322
2.049459
2.063889
2.046964
2.033280
2.028534
2.049146
2.073464
2.083980
2.025819
2.019141
2.063415
2.003221
1.990053
1.953549
2.125062
2.076952
2.046979
1.964367
1.946761
1.995905
1.961705
1.999390
1.956613
2.042049
2.002070
1.975892
2.019126
1.993787
2.012933
1.946917
2.021168
2.079559
1.999207
2.035872
1.997373
1.969286
1.966201
1.952654
2.010116
1.975295
2.061674
2.024482
2.012274
2.009440
1.980623
2.039054
1.974805
1.986317
1.958342
2.040664
1.987847
2.015414
1.976000
1.986343
1.888060
2.031085
2.015637
1.952140
2.032425
1.995252
1.999484
2.022534
1.944150
1.935206
1.996532
1.924709
1.946593
1.923599
1.979712
2.013057
1.957690
1.882807
1.994369
1.887047
1.920001
1.931721
2.028649
1.972028
1.928756
2.000406
1.974431
1.964003
1.982727
1.915704
1.994699
1.935398
1.933673
1.932002
1.988739
1.994040
1.967094
1.944097
1.949302
1.942062
1.934191
1.929161
2.012049
1.901068
1.906473
1.911372
1.899605
1.916432
1.940108
1.801346
1.950715
1.946517
1.891974
1.900169
2.000660
1.953412
1.953728
1.919648
1.886496
1.947573
1.895542
1.989677
1.966570
1.862942
1.932511
1.850488
1.877197
1.925277
1.936009
1.878237
1.873549
1.880666
1.786328
1.908923
1.907892
1.912095
1.923065
1.861879
1.920125
1.823825
1.820685
1.875832
1.866856
1.810859
1.948485
1.947061
1.895307
1.899684
1.910780
1.963826
1.890152
1.897085
1.879791
1.890701
1.910775
1.879658
1.817580
1.867047
1.839953
1.877646
1.841339
1.816436
1.790101
1.874973
1.820396
1.834984
1.821619
1.856769
1.877732
1.787885
1.816123
1.873312
1.835463
1.801549
1.839239
1.858165
1.854759
1.841878
1.857423
1.776109
1.809204
1.854576
1.871998
1.815519
1.806488
1.829589
1.771908
1.798465
1.831602
1.715385
1.884780
1.813258
1.807276
1.837596
1.820239
1.829558
1.823422
1.812319
1.789975
1.771901
1.864581
1.818535
1.766090
1.842990
1.747451
1.792473
1.820553
1.764329
1.827252
1.836789
1.836751
1.892094
1.781781
1.789546
1.803349
1.763569
1.773088
1.772813
1.736108
1.805546
1.746689
1.735608
1.804021
1.776384
1.693184
1.783252
1.807788
1.791714
1.792649
1.820325
1.796821
1.839555
1.780421
1.810620
1.792682
1.792951
1.757828
1.757054
1.739183
1.745944
1.778084
1.767137
1.743865
1.750823
1.799970
1.758547
1.720778
1.734997
1.789920
1.842623
1.742662
1.808526
1.751856
1.796700
1.733208
1.791471
1.758668
1.773734
1.728047
1.772747
1.703466
1.733058
1.698916
1.782403
1.697040
1.700330
1.721272
1.674237
1.708886
1.660156
1.697322
1.742497
1.718834
1.852277
1.704528
1.694883
1.781906
1.755515
1.708364
1.775991
1.686800
1.745054
1.697346
1.720868
1.709907
1.733455
1.733022
1.743288
1.757036
1.744219
1.640800
1.745018
1.709999
1.759453
1.729245
1.712463
1.668069
1.731688
1.720404
1.665854
1.715982
1.647579
1.791545
1.797006
1.648993
1.661669
1.752685
1.747062
1.727229
1.739341
1.697679
1.677958
1.734180
1.682186
1.704407
1.697425
1.694005
1.662143
1.744793
1.711836
1.656241
1.731048
1.718219
1.647804
1.626050
1.660309
1.764584
1.694176
1.716374
1.745788
1.689270
1.690593
1.686437
1.649795
1.702883
1.783003
1.719629
1.633755
1.683591
1.665777
1.687361
1.729066
1.602962
1.671997
1.694372
1.725710
1.702770
1.739386
1.677945
1.659702
1.699937
1.643894
1.705474
1.701773
1.671243
1.629804
1.608563
1.713050
1.661910
1.600325
1.681322
1.702839
1.659018
1.749983
1.646282
1.640083
1.651922
1.669851
1.688879
1.634954
1.597708
1.674916
1.661822
1.660028
1.661283
1.730135
1.629367
1.626961
1.672151
1.627450
1.621376
1.689506
1.645852
1.600034
1.665611
1.616285
1.625894
1.649374
1.627149
1.589879
1.637440
1.645604
1.711832
1.706915
1.588511
1.626916
1.671896
1.628896
1.655300
1.649649
1.670749
1.586808
1.658715
1.673866
1.665886
1.614624
1.636247
1.648582
1.614796
1.625032
1.645748
1.652296
1.593326
1.573918
1.665308
1.658374
1.641637
1.618390
1.630326
1.680864
1.618255
1.597695
1.589298
1.615431
1.627635
1.546021
1.627599
1.560962
1.660717
1.700466
1.621514
1.606990
1.612736
1.609740
1.614261
1.627082
1.557057
1.577930
1.628436
1.552013
1.602418
1.656469
1.577678
1.612840
1.592990
1.582949
1.567413
1.611153
1.568924
1.695838
1.582853
1.625102
1.574917
1.582070
1.585102
1.665686
1.559670
1.582478
1.562192
1.611534
1.564726
1.597123
1.544356
1.563603
1.637581
1.596724
1.616044
1.523026
1.635098
1.680104
1.599905
1.526628
1.593156
1.563369
1.580513
1.552205
1.542325
1.491570
1.592113
1.607640
1.521319
1.653422
1.624920
1.551212
1.617399
1.628702
1.616531
1.587374
1.575360
1.600528
1.609036
1.541199
1.598597
1.519279
1.568437
1.588791
1.593593
1.613365
1.541867
1.580793
1.501954
1.505003
1.589331
1.564207
1.605924
1.564443
1.569572
1.661556
1.555684
1.564182
1.520053
1.565905
1.537473
1.545393
1.563068
1.578007
1.518355
1.571047
1.588828
1.549501
1.492547
1.549392
1.499344
1.601750
1.563565
1.584206
1.539811
1.528779
1.557827
1.565355
1.559927
1.515740
1.541241
1.571624
1.499479
1.556776
1.581521
1.535614
1.557907
1.522164
1.569340
1.565501
1.532294
1.494143
1.607058
1.614914
1.530599
1.579447
1.589203
1.499383
1.577542
1.557697
1.546101
1.570899
1.516836
1.554652
1.586694
1.545700
1.540782
1.559824
1.548497
1.574110
1.516612
1.577121
1.560920
1.536005
1.576750
1.511651
1.561227
1.479714
1.555856
1.519688
1.565053
1.480637
1.495313
1.548156
1.505128
1.565718
1.562503
1.537830
1.504646
1.450882
1.539269
1.554224
1.571237
1.551212
1.555042
1.481684
1.563846
1.502170
1.493332
1.510076
1.555137
1.522391
1.502926
1.563890
1.481670
1.524371
1.566673
1.539755
1.494859
1.535814
1.532424
1.614010
1.494027
1.561406
1.519424
1.525141
1.485381
1.558635
1.534209
1.604587
1.439134
1.529233
1.536048
1.457573
1.460474
1.487766
1.556398
1.552815
1.539829
1.514058
1.583707
1.500456
1.520420
1.482049
1.572892
1.545749
1.548922
1.542013
1.544204
1.542823
1.523667
1.443911
1.458472
1.437476
1.555433
1.488760
1.535984
1.599447
1.558595
1.498372
1.525650
1.472370
1.536374
1.578614
1.439895
1.505999
1.468652
1.451297
1.454291
1.468894
1.532999
1.502186
1.525131
1.522510
1.469546
1.479096
1.470376
1.457606
1.427356
1.476628
1.486856
1.480094
1.482551
1.459138
1.505696
1.441433
1.569316
1.552623
1.452931
1.482426
1.480056
1.458793
1.448111
1.510946
1.453171
1.455853
1.497919
1.450093
1.501796
1.499237
1.454149
1.526194
1.483757
1.518486
1.415829
1.525627
1.520007
1.540465
1.514218
1.511972
1.444436
1.540903
1.453204
1.504958
1.473706
1.445823
1.463960
1.450446
1.376961
1.454664
1.408457
1.505338
1.487957
1.467809
1.492364
1.456518
1.491890
1.455157
1.481677
1.541458
1.397581
1.464484
1.487085
1.529281
1.493869
1.430676
1.490016
1.528797
1.422121
1.508791
1.429779
1.486728
1.521862
1.450974
1.493284
1.466488
1.473434
1.468276
1.455060
1.389947
1.514336
1.474871
1.515857
1.456656
1.461011
1.498382
1.475660
1.518195
1.469677
1.450040
1.427595
1.486539
1.426932
1.451869
1.413164
1.497304
1.508652
1.463592
1.473523
1.439893
1.415664
1.418803
1.500860
1.489684
1.514462
1.470962
1.472723
1.534667
1.429475
1.484255
1.462277
1.457545
1.514077
1.457520
1.468894
1.418499
1.424473
1.472978
1.488134
1.452593
1.440451
1.452471
1.411286
1.460134
1.397188
1.466540
1.458003
1.421139
1.494395
1.508979
1.426538
1.419361
1.429675
1.437400
1.414069
1.476720
1.411596
1.450034
1.431535
1.489664
1.447815
1.452884
1.427477
1.418205
1.479312
1.417234
1.414917
1.381793
1.416082
1.426633
1.350611
1.427304
1.412234
1.421440
1.459481
1.489387
1.437736
1.512700
1.497486
1.403769
1.445364
1.480526
1.352844
1.520541
1.438671
1.457431
1.423219
1.476479
1.480543
1.422647
1.461012
1.409361
1.448732
1.381306
1.431821
1.391965
1.436639
1.403382
1.498086
1.390354
1.368313
1.455679
1.434191
1.411919
1.422782
1.452153
1.454594
1.454893
1.462909
1.466704
1.387249
1.441493
1.433388
1.459004
1.398334
1.358870
1.384189
1.408363
1.439054
1.465507
1.443894
1.457038
1.469184
1.415219
1.454347
1.409449
1.478878
1.406097
1.443913
1.460731
1.446445
1.462447
1.432477
1.454977
1.429821
1.370997
1.442947
1.441207
1.430821
1.369341
1.429140
1.450997
1.436509
1.396572
1.443198
1.367564
1.399800
1.462037
1.438508
1.450363
1.456867
1.406608
1.426510
1.372044
1.380240
1.433550
1.391832
1.398960
1.391443
1.417924
1.418899
1.366563
1.421209
1.463898
1.376669
1.409795
1.479178
1.405504
1.398861
1.432862
1.419475
1.364108
1.422636
1.436075
1.384719
1.354419
1.436632
1.397917
1.387872
1.377724
1.364714
1.428629
1.436635
1.435765
1.339854
1.400740
1.429513
1.411470
1.455991
1.464564
1.385517
1.338681
1.444220
1.392726
1.410545
1.354682
1.421337
1.381567
1.433433
1.376156
1.391550
1.380769
1.452669
1.332735
1.376826
1.355575
1.383594
1.361367
1.377822
1.395962
1.514079
1.412941
1.395790
1.430070
1.410858
1.425151
1.413971
1.416969
1.450465
1.501611
1.444431
1.455711
1.408978
1.444422
1.452447
1.333209
1.375881
1.355140
1.407754
1.430978
1.348356
1.371251
1.369538
1.392305
1.460956
1.388684
1.382800
1.365773
1.420035
1.404560
1.361413
1.382455
1.441763
1.367602
1.410372
1.327391
1.367659
1.377151
1.355079
1.390811
1.467049
1.422738
1.394989
1.399772
1.385680
1.373658
1.415652
1.366113
1.460879
1.400606
1.356822
1.414032
1.405239
1.421308
1.417881
1.426339
1.406505
1.429192
1.462548
1.406498
1.406720
1.417292
1.378705
1.433335
1.438298
1.360650
1.347183
1.407464
1.417285
1.377751
1.429457
1.400139
1.390711
1.368295
1.397664
1.404642
1.345490
1.342533
1.369679
1.494029
1.385018
1.412191
1.383559
1.360588
1.396345
1.403116
1.308182
1.433623
1.391808
1.457227
1.399089
1.378883
1.355273
1.391464
1.410522
1.399347
1.402134
1.399400
1.384543
1.334149
1.392348
1.394344
1.369074
1.368783
1.406199
1.413707
1.447231
1.363197
1.394010
1.349300
1.371409
1.343882
1.393180
1.381851
1.322480
1.363621
1.314407
1.330302
1.375925
1.297439
1.368802
1.373667
1.402919
1.387386
1.339177
1.401158
1.321534
1.414049
1.358836
1.318784
1.362938
1.388500
1.418785
1.367290
1.360128
1.371192
1.324317
1.370581
1.286537
1.354037
1.457963
1.417265
1.347325
1.364907
1.360034
1.343762
1.375820
1.336680
1.350735
1.374426
1.396138
1.384261
1.340251
1.411483
1.421308
1.418566
1.379823
1.355231
1.392440
1.295232
1.277590
1.389340
1.404424
1.442014
1.470796
1.381753
1.348271
1.348716
1.379339
1.422118
1.384843
1.324976
1.402689
1.393946
1.468251
1.346747
1.406468
1.384955
1.372670
1.343916
1.371830
1.322134
1.377573
1.406950
1.385162
1.362169
1.357739
1.368530
1.346486
1.372744
1.294935
1.344876
1.379446
1.424503
1.397624
1.319535
1.332123
1.368118
1.376088
1.356047
1.411443
1.392977
1.328355
1.348240
1.370994
1.328266
1.314095
1.346967
1.396449
1.433053
1.392614
1.362354
1.365914
1.364556
1.382952
1.350984
1.414578
1.362975
1.380360
1.360567
1.360779
1.374304
1.329272
1.379483
1.339361
1.373036
1.320746
1.374964
1.313280
1.387383
1.350983
1.412874
1.297647
1.366847
1.371893
1.299463
1.377501
1.332700
1.351940
1.342388
1.383392
1.363902
1.343244
1.333256
1.327641
1.362317
1.409482
1.407146
1.367356
1.331280
1.335767
1.363879
1.380431
1.320828
1.341355
1.383423
1.373132
1.351289
1.348216
1.365314
1.453681
1.335837
1.333796
1.334877
1.346272
1.312277
1.361503
1.366325
1.335341
1.342422
1.329837
1.338995
1.361561
1.359675
1.357343
1.316257
1.360907
1.358483
1.311606
1.382499
1.364542
1.329624
1.308285
1.360952
1.309753
1.388386
1.359059
1.310052
1.354631
1.382450
1.353140
1.329003
1.351759
1.316012
1.298827
1.245110
1.392223
1.315015
1.324081
1.356981
1.384317
1.369510
1.374882
1.324643
1.323003
1.293204
1.321441
1.317636
1.322641
1.282922
1.320104
1.338669
1.324635
1.302707
1.330066
1.338084
1.371359
1.363773
1.341620
1.360488
1.358654
1.318959
1.352156
1.318865
1.416872
1.390136
1.358066
1.399715
1.297001
1.391319
1.390465
1.366903
1.340699
1.304843
1.335380
1.307148
1.331903
1.285091
1.326099
1.341543
1.407800
1.282272
1.314849
1.286319
1.329725
1.413348
1.369677
1.311307
1.317974
1.316056
1.286731
1.320665
1.332333
1.265529
1.267209
1.284818
1.380637
1.309266
1.349004
1.354534
1.357010
1.355887
1.369149
1.345767
1.306449
1.280089
1.383552
1.330028
1.327988
1.365775
1.282565
1.282894
1.402171
1.316415
1.312719
1.352236
1.313822
1.355143
1.327312
1.305021
1.321512
1.252350
1.366710
1.342978
1.353460
1.321203
1.302824
1.345721
1.288892
1.345222
1.344211
1.269822
1.340693
1.310864
1.430699
1.345596
1.378566
1.352965
1.369530
1.354870
1.353258
1.327057
1.301391
1.329421
1.354258
1.324260
1.320051
1.368351
1.262190
1.259760
1.389440
1.288546
1.300285
1.348805
1.342139
1.327196
1.330063
1.333495
1.256454
1.340236
1.391497
1.327232
1.383015
1.334480
1.334047
1.310665
1.310853
1.350511
1.338809
1.331936
1.330441
1.355872
1.319551
1.352853
1.346786
1.335863
1.260784
1.285429
1.367179
1.315730
1.312682
1.312339
1.258564
1.346484
1.268001
1.387481
1.344491
1.287131
1.371234
1.309230
1.333540
1.382109
1.331921
1.358163
1.317366
1.384508
1.286178
1.259708
1.280706
1.328503
1.417718
1.287658
1.365743
1.297726
1.271881
1.286394
1.356082
1.385489
1.380894
1.350547
1.342212
1.278423
1.321503
1.315840
1.343412
1.316782
1.280136
1.321897
1.326957
1.321351
1.287011
1.324335
1.382076
1.281484
1.306736
1.328462
1.314418
1.393433
1.265174
1.309327
1.301467
1.267153
1.289503
1.325661
1.337395
1.300551
1.285230
1.277545
1.293292
1.324715
1.310156
1.317190
1.285840
1.301906
1.313379
1.276343
1.339474
1.280525
1.354074
1.343945
1.344306
1.315383
1.309588
1.286787
1.262085
1.346619
1.287813
1.286964
1.324367
1.333561
1.334549
1.285411
1.374487
1.379665
1.310699
1.281367
1.359578
1.301238
1.328474
1.270159
1.324309
1.319233
1.368680
1.333215
1.296667
1.247843
1.330983
1.261278
1.321519
1.329179
1.354922
1.284415
1.312698
1.279928
1.372322
1.313800
1.267064
1.321070
1.342537
1.340521
1.258423
1.331103
1.287296
1.271448
1.344850
1.276671
1.254711
1.288121
1.413973
1.327624
1.271883
1.408437
1.269219
1.336423
1.325796
1.282077
1.305697
1.309293
1.271810
1.303258
1.329883
1.311342
1.318997
1.317720
1.329382
1.243622
1.325159
1.288652
1.298603
1.300827
1.246971
1.350109
1.375851
1.214739
1.348316
1.280853
1.355403
1.322336
1.278700
1.326255
1.310614
1.328445
1.316037
1.288865
1.329386
1.302288
1.317028
1.370936
1.273967
1.248751
1.339300
1.242666
1.316076
1.296536
1.294880
1.326884
1.329661
1.326756
1.263730
1.299358
1.247949
1.319968
1.335725
1.321115
1.357205
1.287762
1.250880
1.222888
1.321363
1.246067
1.317029
1.300274
1.282525
1.324643
1.296118
1.273699
1.302389
1.226365
1.301669
1.297923
1.343972
1.313265
1.265783
1.261078
1.321958
1.283923
1.276348
1.430100
1.305395
1.328795
1.298259
1.303160
1.255850
1.339162
1.329223
1.354683
1.318882
1.300357
1.345492
1.272453
1.309209
1.228463
1.339847
1.332491
1.250770
1.285947
1.319038
1.252619
1.276259
1.323860
1.358520
1.317465
1.337892
1.324914
1.279360
1.291446
1.359080
1.296884
1.265404
1.293308
1.273641
1.343579
1.262534
1.298934
1.318537
1.261340
1.312991
1.260255
1.295672
1.326850
1.348466
1.315188
1.295967
1.325692
1.242595
1.282266
1.311733
1.340672
1.298201
1.313198
1.332323
1.285427
1.258737
1.295510
1.339434
1.290842
1.306468
1.285781
1.294022
1.326975
1.322959
1.337962
1.317285
1.277912
1.320140
1.261981
1.263795
1.253325
1.296979
1.285098
1.262836
1.309010
1.321424
1.308007
1.285977
1.288631
1.277525
1.341242
1.319245
1.304565
1.311004
1.236282
1.246888
1.370258
1.267698
1.264062
1.325279
1.250704
1.324689
1.277114
1.264430
1.313919
1.299849
1.212811
1.320124
1.340569
1.301212
1.283323
1.281405
1.308064
1.320313
1.293666
1.317135
1.328909
1.290711
1.270893
1.288024
1.377939
1.288361
1.347069
1.267833
1.304863
1.349247
1.319811
1.285464
1.259983
1.249463
1.260600
1.320434
1.264481
1.281394
1.374352
1.285917
1.275655
1.275239
1.258485
1.300026
1.301197
1.358177
1.299192
1.303644
1.308039
1.251584
1.321652
1.322040
1.288815
1.279371
1.324082
1.319471
1.260978
1.301584
1.261021
1.301427
1.321566
1.329417
1.271924
1.291330
1.298175
1.290671
1.256854
1.248716
1.326684
1.257433
1.308572
1.270474
1.307143
1.344866
1.309577
1.267127
1.290226
1.281527
1.284958
1.277033
1.247175
1.328132
1.256801
1.378497
1.279836
1.253719
1.280066
1.257742
1.269753
1.269306
1.267128
1.276203
1.241899
1.292785
1.326749
1.287074
1.275582
1.288775
1.309453
1.283862
1.306985
1.209939
1.311692
1.282589
1.261254
1.327025
1.297403
1.327142
1.278868
1.251240
1.296810
1.350094
1.308653
1.278095
1.307415
1.324275
1.347188
1.303127
1.219693
1.254209
1.287206
1.291735
1.256835
1.310378
1.233192
1.225875
1.221120
1.320295
1.322632
1.320720
1.309410
1.363840
1.285969
1.253346
1.309181
1.243834
1.263750
1.294858
1.227135
1.230499
1.268673
1.343556
1.291480
1.262737
1.282509
1.225786
1.285558
1.283638
1.202752
1.270670
1.268689
1.294443
1.293514
1.294015
1.249234
1.298408
1.363055
1.373894
1.290607
1.294649
1.321620
1.250601
1.243489
1.236797
1.250320
1.321117
1.346364
1.315752
1.267015
1.232870
1.280541
1.262302
1.275636
1.292293
1.215932
1.199701
1.197113
1.285460
1.229911
1.251328
1.327147
1.323284
1.241155
1.302693
1.286818
1.271160
1.273724
1.251648
1.309882
1.265105
1.301968
1.281809
1.329241
1.311184
1.301592
1.276459
1.266744
1.288060
1.262844
1.290340
1.222103
1.294494
1.250723
1.283895
1.222177
1.314405
1.291355
1.226796
1.269568
1.298163
1.253715
1.252685
1.270478
1.358784
1.258129
1.258657
1.298080
1.293445
1.257366
1.247908
1.278738
1.250718
1.281946
1.213492
1.278339
1.342987
1.308798
1.240350
1.278119
1.278788
1.316119
1.288306
1.359761
1.301754
1.228674
1.265429
1.259832
1.262480
1.239290
1.281007
1.200709
1.295092
1.278450
1.326305
1.332366
1.287997
1.257812
1.271081
1.281169
1.300315
1.272342
1.265858
1.286628
1.305187
1.252670
1.288047
1.262726
1.251698
1.287193
1.271935
1.342655
1.305245
1.308262
1.281587
1.248967
1.296579
1.284696
1.310897
1.294704
1.329373
1.279884
1.260892
1.302783
1.278707
1.274984
1.242542
1.314497
1.241571
1.278381
1.223474
1.261891
1.226770
1.254546
1.235753
1.318649
1.229908
1.266828
1.258541
1.280714
1.306325
1.217715
1.266049
1.327288
1.269165
1.283754
1.266068
1.264139
1.323928
1.257365
1.281937
1.266925
1.251663
1.320023
1.280417
1.281090
1.297740
1.276513
1.224779
1.288600
1.302105
1.282298
1.241001
1.279301
1.225343
1.231477
1.269621
1.270593
1.222179
1.275478
1.242730
1.191317
1.310189
1.190186
1.295079
1.303509
1.254656
1.240340
1.257181
1.210031
1.259359
1.264099
1.295607
1.341405
1.227580
1.281844
1.285305
1.299806
1.282641
1.269765
1.282525
1.242983
1.357455
1.310495
1.294885
1.289360
1.235354
1.278598
1.208998
1.329476
1.290747
1.314357
1.296159
1.293294
1.245749
1.327015
1.235154
1.294521
1.270336
1.243692
1.355496
1.290813
1.227312
1.290117
1.246936
1.258100
1.317085
1.278957
1.272581
1.215309
1.274515
1.295515
1.241476
1.240354
1.263647
1.275235
1.293239
1.217119
1.243590
1.301557
1.225746
1.296095
1.267857
1.222543
1.273052
1.294694
1.305465
1.326297
1.258281
1.288987
1.292816
1.322369
1.221962
1.249564
1.270774
1.269259
1.192445
1.302152
1.266800
1.213658
1.220157
1.299705
1.277528
1.199011
1.272759
1.261537
1.225568
1.289199
1.233111
1.248870
1.291743
1.250124
1.285751
1.231712
1.252636
1.263529
1.261426
1.266564
1.257953
1.273553
1.308007
1.271795
1.271693
1.316819
1.271580
1.225158
1.217397
1.229310
1.262623
1.290125
1.291618
1.263180
1.297945
1.315579
1.280275
1.272118
1.343537
1.298352
1.257919
1.243927
1.315691
1.265830
1.290532
1.197736
1.266249
1.261496
1.257193
1.183922
1.254134
1.268551
1.213422
1.182992
1.269631
1.216430
1.242344
1.211887
1.268968
1.297199
1.242700
1.279304
1.241352
1.287163
1.268069
1.270118
1.311459
1.212301
1.216604
1.276477
1.253938
1.236545
1.256549
1.230488
1.268051
1.259378
1.244606
1.268664
1.207263
1.298682
1.277446
1.224104
1.276562
1.266520
1.256180
1.297572
1.262522
1.304409
1.195194
1.291868
1.244599
1.302297
1.268544
1.235442
1.320606
1.257756
1.228936
1.279670
1.265672
1.275874
1.257922
1.279885
1.248821
1.237408
1.283256
1.298292
1.212741
1.270409
1.252321
1.228692
1.295521
1.219658
1.228573
1.330979
1.289521
1.229275
1.278883
1.276404
1.242030
1.207799
1.308320
1.293238
1.197419
1.210393
1.235034
1.268687
1.196006
1.248338
1.247710
1.207443
1.288125
1.299263
1.251317
1.257054
1.297324
1.309340
1.240136
1.320747
1.281784
1.326720
1.292348
1.270687
1.241189
1.265027
1.267696
1.245127
1.308890
1.292334
1.247326
1.274802
1.193049
1.245876
1.215114
1.230892
1.297396
1.313066
1.197746
1.255288
1.257281
1.283527
1.279865
1.257625
1.299898
1.237145
1.252445
1.299485
1.295969
1.229312
1.308148
1.244789
1.250259
1.235287
1.283341
1.276924
1.321911
1.240602
1.249995
1.271275
1.269068
1.305771
1.261665
1.266921
1.267775
1.287306
1.222651
1.231261
1.294780
1.246937
1.325196
1.204686
1.279965
1.233120
1.177355
1.223562
1.257056
1.229239
1.231781
1.254597
1.252666
1.251722
1.289654
1.211172
1.276040
1.248070
1.219911
1.315053
1.261708
1.218712
1.257350
1.300094
1.266667
1.259480
1.222537
1.228231
1.272197
1.310847
1.265889
1.207788
1.271694
1.229550
1.238059
1.295758
1.216829
1.214791
1.265282
1.204654
1.230676
1.219378
1.274350
1.238952
1.304200
1.253495
1.233087
1.190187
1.285492
1.200292
1.228986
1.247352
1.259830
1.258749
1.296343
1.191363
1.197897
1.298508
1.206844
1.289841
1.225106
1.299154
1.211024
1.268944
1.250672
1.323931
1.220979
1.209900
1.301418
1.337664
1.299780
1.332314
1.279768
1.256758
1.265888
1.288982
1.236141
1.291223
1.240629
1.233785
1.267050
1.279022
1.229757
1.186640
1.267868
1.277329
1.273355
1.222829
1.336673
1.224844
1.362245
1.294207
1.226209
1.252912
1.276272
1.275123
1.263328
1.197251
1.256372
1.278083
1.273145
1.291827
1.209589
1.215104
1.218238
1.226359
1.261243
1.258760
1.259794
1.252944
1.281834
1.241261
1.261150
1.239618
1.227550
1.233393
1.245822
1.287298
1.276374
1.232366
1.250683
1.248932
1.272685
1.230951
1.280643
1.251027
1.247449
1.242708
1.237597
1.201729
1.223782
1.262348
1.330319
1.255800
1.285560
1.261597
1.254629
1.228395
1.251357
1.257398
1.315730
1.247017
1.251015
1.272450
1.246259
1.277291
1.271097
1.252612
1.251010
1.261573
1.229464
1.249260
1.325751
1.219930
1.248061
1.317262
1.229920
1.236959
1.261650
1.277588
1.243800
1.219485
1.216935
1.242235
1.186193
1.256262
1.237572
1.353334
1.170503
1.231450
1.248023
1.207875
1.234014
1.250694
1.278333
1.296155
1.270221
1.300811
1.235037
1.263156
1.257573
1.287793
1.267877
1.291595
1.263872
1.203556
1.180431
1.290641
1.256664
1.281327
1.230806
1.224331
1.229192
1.264397
1.268096
1.194442
1.229310
1.215504
1.255267
1.258500
1.270983
1.193525
1.210730
1.233394
1.257367
1.227006
1.190268
1.224554
1.215766
1.203118
1.260373
1.221546
1.232854
1.299013
1.240502
1.226394
1.220202
1.314655
1.272109
1.201413
1.220238
1.304827
1.170083
1.300385
1.265721
1.248087
1.291128
1.260869
1.215074
1.262704
1.289539
1.233132
1.274912
1.204103
1.284367
1.301311
1.248937
1.223885
1.235032
1.259528
1.268368
1.280948
1.281468
1.197933
1.219817
1.299865
1.217681
1.278819
1.232103
1.268301
1.263566
1.197372
1.281511
1.234735
1.283218
1.258107
1.269991
1.272610
1.226469
1.279124
1.290034
1.204995
1.219620
1.180387
1.191415
1.205161
1.172146
1.203415
1.275774
1.193848
1.319460
1.261584
1.316662
1.250854
1.284042
1.268633
1.206473
1.249303
1.230301
1.232588
1.258927
1.215962
1.251492
1.198416
1.262869
1.299510
1.290536
1.255205
1.254980
1.282752
1.260619
1.241852
1.258856
1.252255
1.223100
1.259345
1.188421
1.277054
1.261853
1.266578
1.244253
1.255851
1.236797
1.233867
1.266840
1.245709
1.222357
1.250864
1.274579
1.245389
1.203377
1.230392
1.249235
1.277411
1.244562
1.253868
1.229919
1.209612
1.244456
1.246875
1.200390
1.250693
1.208856
1.192984
1.230742
1.249143
1.242825
1.338244
1.233077
1.224289
1.251916
1.218061
1.258088
1.204154
1.211605
1.246570
1.243220
1.275725
1.246890
1.210353
1.239907
1.245160
1.242406
1.253490
1.249286
1.174932
1.280726
1.257919
1.268610
1.198916
1.262992
1.165172
1.262667
1.254844
1.304787
1.220337
1.242737
1.217835
1.171452
1.227050
1.261640
1.214049
1.321015
1.274526
1.253165
1.238937
1.218633
1.226532
1.296574
1.295091
1.229221
1.282886
1.208042
1.224121
1.272033
1.244624
1.227928
1.226805
1.250635
1.272847
1.238660
1.262569
1.227959
1.237458
1.348989
1.187297
1.200794
1.185323
1.254915
1.225299
1.178382
1.192472
1.286321
1.277208
1.255665
1.182394
1.276093
1.314603
1.207564
1.247993
1.212241
1.240409
1.278706
1.254600
1.244111
1.246470
1.278751
1.277082
1.250852
1.244055
1.235854
1.178771
1.219912
1.212860
1.217822
1.268693
1.217844
1.266680
1.246366
1.295050
1.246193
1.222651
1.282318
1.213751
1.304406
1.252149
1.250453
1.235835
1.247720
1.229238
1.266563
1.273990
1.236520
1.220857
1.168355
1.225322
1.196279
1.192806
1.206298
1.216275
1.206369
1.261045
1.314319
1.217358
1.244508
1.341261
1.229890
1.230600
1.248738
1.241744
1.235366
1.254642
1.219213
1.239580
1.251948
1.206125
1.176310
1.281650
1.278841
1.251665
1.237176
1.217176
1.203289
1.245957
1.195395
1.249162
1.250352
1.183440
1.238436
1.220501
1.240628
1.256320
1.284617
1.226918
1.254210
1.215006
1.243561
1.260172
1.233338
1.244245
1.249249
1.193119
1.249648
1.264796
1.268221
1.269081
1.223132
1.191346
1.228914
1.205587
1.324067
1.284341
1.190140
1.201097
1.199802
1.259112
1.238988
1.214216
1.229823
1.205199
1.177068
1.253169
1.277591
1.212088
1.241403
1.262089
1.230153
1.233181
1.272268
1.270197
1.227612
1.259637
1.185712
1.285891
1.226297
1.248990
1.160071
1.209510
1.164868
1.244886
1.268036
1.210323
1.276480
1.269440
1.328789
1.215963
1.244717
1.245792
1.193975
1.226695
1.320003
1.254261
1.242263
1.209091
1.207325
1.208687
1.175395
1.252672
1.280463
1.174577
1.219070
1.244296
1.234100
1.246978
1.222547
1.239400
1.274557
1.213298
1.270167
1.213943
1.241122
1.196304
1.234243
1.225924
1.222037
1.267839
1.244161
1.227905
1.201484
1.210171
1.209145
1.223359
1.161739
1.233924
1.270446
1.273046
1.259036
1.228419
1.291859
1.201658
1.283133
1.237492
1.275203
1.241768
1.212258
1.223643
1.239124
1.165452
1.180905
1.181972
1.142776
1.191623
1.213812
1.233168
1.205549
1.237946
1.241688
1.251200
1.261974
1.269693
1.257610
1.203436
1.274537
1.200077
1.245857
1.169954
1.189718
1.317103
1.280232
1.285492
1.265140
1.211154
1.219984
1.228340
1.267184
1.327768
1.262587
1.223038
1.219208
1.236014
1.240728
1.213644
1.272212
1.245091
1.269173
1.254458
1.243499
1.242545
1.188385
1.248452
1.217057
1.186850
1.204259
1.228865
1.258801
1.222402
1.233300
1.255833
1.213147
1.240202
1.232836
1.199488
1.223805
1.222853
1.226452
1.271815
1.280341
1.247193
1.208117
1.233162
1.254970
1.270434
1.236505
1.208198
1.222380
1.227962
1.207167
1.256948
1.193099
1.302887
1.226474
1.243610
1.224754
1.226264
1.251420
1.228922
1.211643
1.236090
1.232229
1.278645
1.220246
1.267798
1.306216
1.244703
1.207905
1.238961
1.245953
1.226946
1.235796
1.248105
1.247627
1.208164
1.293127
1.259649
1.206341
1.224973
1.203365
1.216629
1.284046
1.253174
1.252341
1.249720
1.203290
1.238951
1.252371
1.217715
1.214760
1.252244
1.214931
1.233966
1.199818
1.213251
1.226205
1.180753
1.175879
1.283487
1.241942
1.233813
1.216951
1.219504
1.203286
1.159814
1.250357
1.213487
1.176846
1.310742
1.211233
1.253117
1.247943
1.239487
1.274979
1.201581
1.217653
1.239682
1.218175
1.254915
1.200324
1.165614
1.247186
1.163501
1.231397
1.320975
1.206198
1.268075
1.197163
1.229924
1.267516
1.256726
1.184157
1.215713
1.257146
1.228489
1.213514
1.254528
1.241952
1.212343
1.177997
1.197609
1.223232
1.236723
1.275837
1.186522
1.173579
1.300705
1.262715
1.196197
1.183149
1.241764
1.248244
1.202721
1.233463
1.242030
1.319873
1.221342
1.238227
1.291375
1.210395
1.199291
1.191170
1.200399
1.201923
1.235567
1.244719
1.235322
1.223240
1.245269
1.277938
1.195647
1.226822
1.230072
1.236687
1.273214
1.259532
1.185288
1.226631
1.247933
1.238190
1.261642
1.285144
1.295867
1.220291
1.237386
1.200681
1.277667
1.194817
1.220266
1.248385
1.206381
1.224703
1.228978
1.282480
1.262575
1.175868
1.227978
1.236399
1.210193
1.222106
1.167491
1.211906
1.151227
1.165004
1.174841
1.214420
1.240695
1.188506
1.186800
1.230220
1.257345
1.194592
1.246846
1.209132
1.207210
1.200545
1.250570
1.255043
1.241729
1.262143
1.190741
1.250029
1.227405
1.260462
1.188499
1.222285
1.222903
1.155806
1.250497
1.294771
1.201461
1.248659
1.224386
1.197493
1.247014
1.239714
1.171807
1.204514
1.160923
1.210053
1.248483
1.179785
1.196955
1.160744
1.219369
1.241657
1.289477
1.286588
1.276210
1.202303
1.291810
1.213270
1.231781
1.220562
1.253665
1.173759
1.252010
1.196975
1.223539
1.211609
1.213331
1.284490
1.209754
1.220258
1.174549
1.185535
1.255677
1.247855
1.246838
1.267435
1.262520
1.249650
1.239009
1.191826
1.226310
1.253446
1.194122
1.207036
1.223093
1.222021
1.237811
1.259603
1.187653
1.238502
1.226196
1.197364
1.249570
1.228334
1.271229
1.247193
1.198035
1.224869
1.210553
1.243124
1.229005
1.252334
1.199513
1.161865
1.219953
1.224464
1.252658
1.291678
1.236709
1.150434
1.224484
1.219834
1.163493
1.233921
1.211134
1.215511
1.222968
1.174855
1.282738
1.275752
1.207372
1.232080
1.310725
1.236321
1.222360
1.256806
1.184696
1.222522
1.207274
1.255896
1.193618
1.229143
1.275391
1.268417
1.232388
1.236523
1.167744
1.207319
1.204045
1.254164
1.235664
1.171128
1.183528
1.161481
1.180956
1.245172
1.177121
1.186733
1.159282
1.147074
1.208207
1.216645
1.178464
1.238366
1.235157
1.260224
1.196796
1.257527
1.217763
1.216329
1.218800
1.256443
1.246341
1.165596
1.266643
1.243370
1.235620
1.192938
1.229829
1.211003
1.239631
1.213080
1.232240
1.263070
1.276689
1.229206
1.220988
1.226195
1.216591
1.254964
1.183379
1.265449
1.255609
1.222898
1.179325
1.215414
1.198906
1.219443
1.233249
1.233670
1.170234
1.201786
1.202562
1.193836
1.216391
1.202434
1.253441
1.316694
1.196904
1.271167
1.233542
1.177836
1.236165
1.253543
1.254138
1.223301
1.228315
1.248325
1.189406
1.258193
1.248669
1.170760
1.200472
1.276836
1.172215
1.180064
1.224970
1.230415
1.227815
1.184006
1.208775
1.185764
1.305669
1.305072
1.233514
1.232576
1.253196
1.237386
1.265656
1.221901
1.178351
1.247267
1.202123
1.221072
1.270010
1.197615
1.263482
1.205910
1.227470
1.164891
1.231575
1.211680
1.264124
1.173104
1.185560
1.250615
1.226307
1.240734
1.162305
1.190244
1.175948
1.222412
1.273572
1.177871
1.250069
1.281351
1.229842
1.192453
1.208088
1.177749
1.200246
1.214994
1.217460
1.228189
1.203242
1.257604
1.225916
1.221169
1.203776
1.171507
1.181432
1.285423
1.219831
1.241262
1.198117
1.238814
1.199551
1.183144
1.281232
1.246364
1.223151
1.249165
1.223209
1.233066
1.215127
1.185528
1.185016
1.217446
1.202486
1.229616
1.250755
1.182590
1.211421
1.191689
1.202867
1.196889
1.144805
1.238785
1.214460
1.169920
1.200376
1.242983
1.239366
1.209263
1.190445
1.210276
1.206467
1.176238
1.253377
1.208059
1.148003
1.227902
1.303106
1.127267
1.226104
1.208840
1.263352
1.195601
1.253963
1.208431
1.245298
1.214288
1.235302
1.243673
1.247259
1.258989
1.231260
1.269240
1.190670
1.213176
1.211223
1.240516
1.186690
1.220751
1.226599
1.225960
1.213076
1.191383
1.199449
1.239361
1.182723
1.222972
1.236536
1.213400
1.246951
1.231339
1.227003
1.228633
1.230685
1.235583
1.216016
1.170553
1.219662
1.251011
1.185566
1.266354
1.200027
1.198272
1.215752
1.226773
1.253570
1.231652
1.192358
1.198416
1.201853
1.196131
1.148284
1.319400
1.209371
1.192684
1.218109
1.199371
1.223476
1.242432
1.227054
1.258897
1.217120
1.218062
1.171229
1.183904
1.262590
1.140401
1.176623
1.153071
1.227521
1.272910
1.257354
1.162943
1.237758
1.221712
1.247125
1.159870
1.208218
1.216023
1.178290
1.231116
1.226146
1.212475
1.186338
1.164944
1.219348
1.186870
1.230795
1.214356
1.220205
1.189184
1.169705
1.202858
1.231318
1.256767
1.241931
1.191034
1.175775
1.255971
1.198809
1.230952
1.241621
1.246902
1.170201
1.171507
1.230559
1.159556
1.189487
1.206293
1.201686
1.209153
1.229368
1.281506
1.175401
1.166005
1.242846
1.246337
1.317778
1.259791
1.174305
1.228168
1.238741
1.221658
1.243915
1.239071
1.216313
1.177218
1.135179
1.206307
1.213674
1.232352
1.264224
1.233529
1.186740
1.197297
1.216605
1.190434
1.253451
1.238281
1.215778
1.198596
1.277615
1.185975
1.236201
1.255126
1.230713
1.265255
1.182171
1.216403
1.187914
1.250713
1.225027
1.221152
1.261315
1.222505
1.164932
1.217713
1.210215
1.201942
1.210773
1.241950
1.214630
1.289872
1.147436
1.195109
1.247066
1.221088
1.183831
1.194958
1.189522
1.210411
1.175331
1.250626
1.191572
1.232037
1.268825
1.187205
1.262126
1.195653
1.183377
1.222498
1.216446
1.199314
1.181529
1.242583
1.190006
1.218772
1.229326
1.233068
1.210747
1.175003
1.209755
1.190351
1.232205
1.209439
1.176498
1.223312
1.156839
1.241902
1.250163
1.217535
1.213645
1.259601
1.187822
1.240758
1.257746
1.229746
1.194653
1.199788
1.176891
1.201565
1.161968
1.223826
1.294022
1.255525
1.231254
1.216304
1.243054
1.156809
1.188811
1.211084
1.223928
1.219934
1.207197
1.218446
1.240130
1.188102
1.256361
1.246522
1.160468
1.198276
1.204157
1.208076
1.211679
1.181929
1.220661
1.232991
1.277067
1.226977
1.247453
1.237139
1.243068
1.257138
1.189121
1.257973
1.300930
1.160479
1.238455
1.233160
1.211554
1.196047
1.193731
1.234650
1.268418
1.291525
1.217282
1.298768
1.220681
1.254436
1.236282
1.208038
1.259702
1.191193
1.252416
1.183593
1.220363
1.228222
1.226827
1.181204
1.151616
1.186328
1.162458
1.217917
1.264801
1.214140
1.186940
1.235304
1.295592
1.220147
1.238753
1.225062
1.214532
1.222305
1.216515
1.230050
1.220380
1.220178
1.283213
1.227453
1.190015
1.217595
1.220647
1.299900
1.245571
1.240719
1.157299
1.195028
1.269099
1.225887
1.204709
1.211361
1.255349
1.236116
1.224055
1.254172
1.187143
1.182794
1.196256
1.182173
1.213376
1.167269
1.219359
1.183775
1.220219
1.217222
1.152435
1.266134
1.207516
1.237041
1.220383
1.215605
1.235486
1.222518
1.173229
1.201889
1.242254
1.217261
1.239876
1.211635
1.259765
1.143895
1.146038
1.179656
1.158610
1.188370
1.227065
1.158722
1.226167
1.214713
1.254121
1.241232
1.269141
1.302480
1.194742
1.268408
1.214687
1.200994
1.185641
1.176266
1.185163
1.214175
1.261442
1.229475
1.187126
1.211272
1.202859
1.170718
1.218086
1.226932
1.194802
1.217931
1.192157
1.203132
1.216326
1.207436
1.194820
1.175467
1.150141
1.222703
1.162734
1.211732
1.171831
1.255441
1.256688
1.233885
1.210230
1.185900
1.200367
1.215673
1.235203
1.193323
1.195958
1.190669
1.226020
1.262955
1.184704
1.200304
1.228648
1.179464
1.181602
1.175155
1.226431
1.254287
1.140788
1.201893
1.245214
1.182559
1.221213
1.242457
1.199266
1.222572
1.261813
1.252583
1.223394
1.189207
1.200135
1.227117
1.164820
1.202112
1.224611
1.185162
1.261950
1.281852
1.240625
1.235802
1.233000
1.183585
1.200909
1.197440
1.226831
1.206645
1.187782
1.207202
1.243043
1.227185
1.237020
1.237782
1.221766
1.218096
1.246796
1.249343
1.215228
1.153738
1.155465
1.202041
1.231054
1.229686
1.145774
1.230825
1.235221
1.195113
1.230087
1.193033
1.184328
1.260077
1.237166
1.253390
1.263293
1.239989
1.155202
1.198280
1.182666
1.259574
1.293386
1.216411
1.168342
1.141162
1.200407
1.198127
1.212727
1.177818
1.156074
1.180317
1.164110
1.196678
1.143539
1.160228
1.258716
1.184784
1.208399
1.228456
1.179544
1.191885
1.201407
1.207962
1.203329
1.190455
1.189998
1.224654
1.213291
1.205917
1.278420
1.246797
1.255649
1.180934
1.211800
1.210084
1.171292
1.249448
1.177245
1.152202
1.141591
1.210592
1.144332
1.156424
1.266847
1.162974
1.168664
1.192080
1.179715
1.166091
1.186547
1.201759
1.222392
1.153919
1.259658
1.218259
1.120352
1.226695
1.222686
1.223697
1.194934
1.249247
1.168584
1.214482
1.195469
1.172558
1.219771
1.181471
1.234474
1.222029
1.242223
1.237519
1.208246
1.285082
1.154587
1.154371
1.165452
1.191719
1.203545
1.138550
1.240389
1.262202
1.232057
1.228507
1.276885
1.199600
1.185533
1.157476
1.193632
1.240890
1.171121
1.213905
1.212278
1.191677
1.234252
1.167175
1.211969
1.186571
1.191992
1.192052
1.215522
1.233472
1.243451
1.254189
1.247796
1.197098
1.208596
1.195086
1.170806
1.153649
1.244809
1.169780
1.242000
1.205919
1.227231
1.217680
1.181477
1.164878
1.180652
1.269643
1.242286
1.236434
1.219881
1.217977
1.187608
1.194723
1.216474
1.248254
1.199245
1.207709
1.223312
1.200886
1.212956
1.151114
1.258825
1.214105
1.207479
1.136188
1.183699
1.208095
1.239093
1.198220
1.202419
1.203950
1.275357
1.244402
1.206672
1.214862
1.193370
1.210822
1.190431
1.179704
1.245752
1.232206
1.160909
1.180343
1.178266
1.253522
1.229164
1.228277
1.240035
1.210516
1.194063
1.208784
1.241366
1.191486
1.166567
1.207386
1.214281
1.154822
1.210489
1.220498
1.227693
1.229204
1.219695
1.237900
1.177291
1.185082
1.208232
1.239961
1.196417
1.230288
1.166174
1.209487
1.231218
1.188590
1.215299
1.215664
1.230862
1.182528
1.174199
1.240696
1.255292
1.252290
1.155436
1.224675
1.177183
1.300167
1.213093
1.213990
1.228828
1.237379
1.218706
1.195355
1.209685
1.240415
1.191568
1.216883
1.188215
1.173111
1.181506
1.216354
1.218201
1.209940
1.206588
1.262609
1.203102
1.223928
1.174555
1.240702
1.207393
1.201913
1.152669
1.184341
1.189233
1.179566
1.250690
1.205582
1.149017
1.163265
1.146953
1.201329
1.135979
1.175592
1.259315
1.191268
1.184474
1.152511
1.192620
1.193094
1.207272
1.154400
1.185931
1.211880
1.264557
1.204559
1.226841
1.286395
1.208146
1.222534
1.220963
1.152012
1.196189
1.199953
1.196553
1.167597
1.205904
1.197017
1.200674
1.152257
1.145924
1.139091
1.158232
1.179413
1.267701
1.214916
1.216197
1.242055
1.272339
1.139771
1.228214
1.250280
1.212507
1.177952
1.204475
1.207304
1.143974
1.272405
1.208227
1.195919
1.211212
1.243630
1.296844
1.160205
1.149789
1.230813
1.240246
1.201058
1.189062
1.187466
1.169858
1.189101
1.170036
1.229289
1.187185
1.195570
1.245474
1.169040
1.239130
1.164160
1.233923
1.235490
1.205961
1.143715
1.196740
1.197160
1.160697
1.250353
1.192357
1.239325
1.227384
1.180487
1.196739
1.298096
1.218837
1.226614
1.216166
1.221916
1.238042
1.239488
1.196397
1.194834
1.215235
1.176926
1.168103
1.197069
1.189958
1.230260
1.204542
1.185353
1.246740
1.220792
1.243151
1.227541
1.236210
1.221568
1.225517
1.271655
1.205545
1.237974
1.229963
1.223886
1.179122
1.186717
1.197803
1.209873
1.192839
1.234359
1.195983
1.203565
1.170327
1.262174
1.211443
1.175628
1.184752
1.160849
1.268305
1.210580
1.212112
1.231002
1.165982
1.197660
1.251040
1.188974
1.188070
1.229187
1.240768
1.232147
1.244849
1.191433
1.191980
1.211014
1.220655
1.178397
1.171185
1.195328
1.238588
1.185666
1.224064
1.223927
1.230901
1.252824
1.175465
1.212573
1.266375
1.172462
1.209296
1.155907
1.225286
1.192089
1.253900
1.177592
1.197865
1.205554
1.247557
1.212746
1.181905
1.231976
1.259493
1.221452
1.165949
1.184365
1.167776
1.190282
1.214100
1.141604
1.226735
1.238816
1.226120
1.205297
1.231400
1.190100
1.205884
1.149884
1.184496
1.179536
1.228611
1.218050
1.238790
1.221007
1.234437
1.183299
1.255156
1.248464
1.194947
1.205350
1.204210
1.182327
1.218797
1.220890
1.187633
1.193408
1.153034
1.280854
1.156097
1.172602
1.217372
1.199420
1.238270
1.222914
1.177061
1.161769
1.199911
1.165823
1.172195
1.231693
1.246326
1.178512
1.167004
1.187464
1.167265
1.225884
1.240690
1.178722
1.160010
1.156876
1.199188
1.158207
1.152709
1.177633
1.192265
1.178441
1.209312
1.189458
1.173957
1.194524
1.162993
1.187996
1.218363
1.215324
1.185099
1.238930
1.226985
1.175838
1.251874
1.187562
1.136109
1.149939
1.199660
1.169143
1.144913
1.223373
1.246312
1.237908
1.231400
1.205467
1.184347
1.244421
1.163767
1.216031
1.203597
1.233389
1.182359
1.210346
1.192065
1.202191
1.218288
1.184224
1.206241
1.162425
1.156530
1.288346
1.203328
1.184590
1.224806
1.152608
1.218030
1.239101
1.148422
1.231604
1.256854
1.187705
1.160539
1.292144
1.225037
1.220662
1.165711
1.156795
1.206079
1.214035
1.224003
1.203761
1.215104
1.197447
1.252268
1.239690
1.178162
1.209815
1.209270
1.176841
1.191851
1.191212
1.131434
1.181677
1.140673
1.215564
1.226800
1.296597
1.208227
1.182328
1.214745
1.189184
1.235816
1.201194
1.216319
1.156417
1.233535
1.217691
1.164930
1.168494
1.154942
1.159592
1.226463
1.215940
1.224265
1.133574
1.176168
1.208426
1.202541
1.184050
1.163281
1.205827
1.185664
1.205762
1.129318
1.216128
1.225249
1.231003
1.156424
1.196565
1.122470
1.164171
1.227230
1.185138
1.197434
1.267063
1.226191
1.173657
1.292724
1.166778
1.191157
1.175258
1.219300
1.152027
1.168626
1.244244
1.217687
1.184688
1.216763
1.154990
1.224266
1.200414
1.201560
1.166786
1.183985
1.213493
1.224471
1.201877
1.170787
1.238793
1.211769
1.228189
1.169134
1.197661
1.197242
1.201056
1.206932
1.200556
1.213541
1.212832
1.193364
1.164237
1.234401
1.234517
1.250889
1.178036
1.183738
1.160131
1.150321
1.157082
1.192368
1.188419
1.181744
1.167865
1.209873
1.159249
1.225206
1.194246
1.256080
1.196297
1.174772
1.201847
1.223572
1.199625
1.219095
1.182151
1.216040
1.290305
1.246064
1.268501
1.198775
1.237120
1.206419
1.188306
1.195880
1.199744
1.185389
1.196613
1.158800
1.195912
1.196501
1.180113
1.217874
1.167650
1.171101
1.242584
1.149261
1.144966
1.229143
1.209875
1.212559
1.229943
1.187329
1.206925
1.205994
1.232091
1.207044
1.222377
1.217090
1.205530
1.183508
1.242875
1.147535
1.200691
1.258391
1.197889
1.246544
1.220430
1.277443
1.166177
1.234598
1.179452
1.182042
1.202644
1.208805
1.215681
1.174750
1.204629
1.250218
1.160080
1.149624
1.253797
1.222206
1.195718
1.237300
1.158303
1.246346
1.243276
1.210849
1.188006
1.197597
1.131851
1.172983
1.167126
1.230473
1.153807
1.188684
1.192553
1.280486
1.209290
1.183592
1.245241
1.188150
1.237510
1.182454
1.184443
1.183089
1.147874
1.134877
1.192477
1.192520
1.198051
1.200240
1.168613
1.181540
1.151675
1.193681
1.155451
1.210028
1.198555
1.257620
1.187375
1.230828
1.236916
1.233502
1.236966
1.208708
1.153705
1.154369
1.203277
1.159963
1.208403
1.196507
1.181783
1.205127
1.262607
1.126307
1.138459
1.146824
1.219580
1.164263
1.194482
1.196076
1.190552
1.254213
1.182683
1.197509
1.209077
1.219650
1.161921
1.274502
1.195279
1.251624
1.230706
1.245350
1.156555
1.139505
1.227250
1.221067
1.156546
1.243135
1.193763
1.133326
1.138635
1.227319
1.132176
1.159123
1.216568
1.206646
1.138083
1.208956
1.194609
1.208092
1.220241
1.174075
1.136438
1.157395
1.193029
1.175941
1.193461
1.230006
1.150527
1.220464
1.188180
1.230527
1.207836
1.259412
1.208453
1.192052
1.233472
1.179446
1.172428
1.209222
1.202269
1.175057
1.226770
1.202025
1.203133
1.197324
1.187456
1.267818
1.209668
1.175666
1.199716
1.201448
1.188894
1.200558
1.215791
1.158218
1.225810
1.159293
1.148763
1.175542
1.215107
1.207883
1.168716
1.205108
1.238750
1.155615
1.175228
1.149522
1.169357
1.245562
1.235010
1.165759
1.173648
1.208766
1.170633
1.182866
1.161751
1.220824
1.203432
1.169873
1.181381
1.212927
1.189136
1.150134
1.151935
1.232262
1.171496
1.166306
1.168901
1.231679
1.201745
1.190668
1.133817
1.222338
1.163305
1.202570
1.159293
1.201287
1.213964
1.179854
1.169318
1.134341
1.153773
1.121814
1.163901
1.249298
1.183791
1.230535
1.252573
1.208217
1.206781
1.241623
1.187194
1.162167
1.153641
1.248219
1.182231
1.241350
1.200635
1.179030
1.201758
1.235470
1.193411
1.167744
1.223849
1.186541
1.232487
1.173006
1.242308
1.160792
1.181096
1.189597
1.153100
1.186842
1.241808
1.226828
1.172239
1.171037
1.290945
1.265118
1.205204
1.194206
1.211950
1.183745
1.209188
1.174902
1.158664
1.160377
1.212851
1.224831
1.182339
1.164724
1.189684
1.172541
1.251508
1.195141
1.211877
1.209108
1.182654
1.180862
1.298155
1.179465
1.188789
1.135374
1.151255
1.177730
1.212546
1.211759
1.197432
1.258910
1.148811
1.232903
1.181553
1.262799
1.221723
1.216597
1.207348
1.185381
1.227245
1.206736
1.167623
1.205721
1.249776
1.200707
1.195533
1.228569
1.181699
1.198773
1.177690
1.183360
1.210219
1.203559
1.179374
1.169198
1.171318
1.150663
1.286120
1.253826
1.205809
1.191305
1.216223
1.196072
1.207075
1.176579
1.262234
1.213722
1.228372
1.176509
1.190627
1.226502
1.193229
1.135481
1.189534
1.216786
1.225090
1.203546
1.174933
1.256667
1.227225
1.153241
1.152569
1.156541
1.267803
1.170284
1.223709
1.131071
1.161294
1.212647
1.248484
1.185341
1.194778
1.159021
1.145759
1.238229
1.218576
1.146067
1.211666
1.220739
1.219613
1.122444
1.187142
1.182057
1.182874
1.156887
1.202283
1.150276
1.199663
1.127883
1.221587
1.234515
1.217346
1.139619
1.205971
1.187240
1.214075
1.247072
1.178823
1.174537
1.202876
1.139295
1.240872
1.202229
1.188373
1.124887
1.205189
1.165791
1.222661
1.187969
1.187942
1.244069
1.176125
1.278749
1.170608
1.191413
1.208410
1.199594
1.212563
1.173695
1.168332
1.154412
1.197808
1.228230
1.196441
1.202341
1.187170
1.218434
1.150510
1.183174
1.188268
1.203059
1.186966
1.200878
1.170148
1.208226
1.215233
1.223789
1.224609
1.176832
1.201333
1.150126
1.189810
1.187340
1.195724
1.198803
1.203490
1.203945
1.184530
1.161000
1.168690
1.171702
1.206701
1.142043
1.198552
1.181204
1.251293
1.223211
1.153084
1.179819
1.181179
1.219830
1.289068
1.225434
1.245042
1.167355
1.154913
1.231679
1.189368
1.194380
1.177998
1.187945
1.164541
1.226745
1.235441
1.169613
1.175238
1.198886
1.194352
1.155071
1.194687
1.197032
1.182643
1.168659
1.180877
1.173280
1.217460
1.133714
1.224542
1.167958
1.155665
1.209597
1.201329
1.250201
1.169561
1.187863
1.205846
1.152871
1.153958
1.184506
1.201087
1.259592
1.172469
1.149303
1.214407
1.203408
1.215054
1.170085
1.188468
1.221946
1.186921
1.176179
1.224988
1.179433
1.168427
1.187360
1.148257
1.199992
1.265574
1.171119
1.183571
1.208443
1.143150
1.143154
1.182096
1.144208
1.205442
1.230049
1.197005
1.205099
1.219903
1.222534
1.200567
1.197057
1.214859
1.224662
1.133150
1.187321
1.174800
1.166476
1.194778
1.195133
1.134769
1.159923
1.240280
1.145929
1.130412
1.177716
1.217121
1.121793
1.248212
1.199379
1.194547
1.158919
1.176173
1.160799
1.263752
1.174266
1.114697
1.146469
1.232839
1.158392
1.192821
1.206402
1.210854
1.164195
1.243784
1.157798
1.221192
1.188760
1.173761
1.227440
1.162143
1.217626
1.198827
1.221619
1.271065
1.216326
1.186744
1.226401
1.245341
1.174945
1.183462
1.194997
1.253291
1.154413
1.229844
1.177359
1.172653
1.214112
1.255673
1.206932
1.180357
1.132630
1.198331
1.254756
1.274939
1.144942
1.186718
1.221943
1.208297
1.200607
1.239857
1.210213
1.173678
1.158941
1.202366
1.236462
1.129180
1.165804
1.233298
1.263417
1.151005
1.159740
1.239081
1.238062
1.171383
1.179305
1.193030
1.185827
1.165572
1.200560
1.176544
1.235229
1.230751
1.216164
1.236087
1.183062
1.147878
1.220642
1.211676
1.158730
1.187396
1.170079
1.153424
1.217492
1.212910
1.221344
1.165619
1.232913
1.250456
1.186157
1.194748
1.214584
1.230042
1.154494
1.201057
1.187146
1.211690
1.145460
1.189134
1.180272
1.189020
1.180097
1.183636
1.206437
1.133984
1.186519
1.198775
1.194221
1.185364
1.220647
1.227621
1.222681
1.172921
1.182372
1.217011
1.128260
1.174645
1.190039
1.145657
1.172560
1.184217
1.189031
1.203277
1.152115
1.133177
1.169047
1.163098
1.178689
1.156086
1.275491
1.201307
1.183986
1.252916
1.203525
1.173182
1.171589
1.220114
1.155223
1.208233
1.155963
1.180310
1.260216
1.135240
1.221642
1.177102
1.202993
1.237227
1.198919
1.175568
1.173284
1.209547
1.168003
1.143359
1.213206
1.206265
1.196388
1.208490
1.240211
1.202863
1.210405
1.141515
1.208121
1.194624
1.289558
1.148079
1.168116
1.146792
1.210286
1.173637
1.218280
1.200522
1.176186
1.200417
1.234791
1.181061
1.120260
1.216895
1.198475
1.219797
1.171915
1.219039
1.138619
1.183943
1.150980
1.190161
1.181857
1.211893
1.214369
1.203017
1.210378
1.172972
1.189723
1.203910
1.239824
1.193193
1.219030
1.171843
1.167168
1.176370
1.162923
1.198104
1.204993
1.218818
1.211547
1.175132
1.181312
1.181333
1.202881
1.198494
1.178762
1.165275
1.125999
1.196744
1.142993
1.251700
1.230846
1.249194
1.147603
1.180213
1.169595
1.143781
1.150824
1.190730
1.196039
1.155446
1.155252
1.236913
1.244842
1.209544
1.225353
1.182481
1.180557
1.248450
1.195555
1.162063
1.169367
1.216236
1.210407
1.195835
1.190431
1.181267
1.228281
1.200780
1.208410
1.221127
1.186476
1.193880
1.141195
1.226393
1.184019
1.183870
1.181333
1.205586
1.156211
1.199958
1.270420
1.228451
1.154732
1.199636
1.199285
1.142406
1.182257
1.202292
1.145036
1.176826
1.233378
1.172096
1.200447
1.209800
1.178719
1.198529
1.198263
1.283684
1.242203
1.161673
1.142148
1.201879
1.221767
1.173853
1.221038
1.215304
1.155134
1.205112
1.145502
1.172667
1.233205
1.190738
1.189548
1.248626
1.158911
1.159496
1.204414
1.212597
1.206774
1.195807
1.165363
1.137075
1.164733
1.179789
1.174459
1.210169
1.200608
1.153707
1.198736
1.220295
1.178245
1.149259
1.260489
1.179449
1.184319
1.198039
1.178135
1.226020
1.161299
1.188464
1.148497
1.162252
1.218649
1.179745
1.247632
1.217804
1.151630
1.144218
1.146700
1.252484
1.177067
1.187616
1.182288
1.147999
1.221085
1.153097
1.207114
1.158171
1.164274
1.229219
1.197098
1.176916
1.178403
1.146489
1.199437
1.214120
1.159529
1.161788
1.149060
1.148060
1.182796
1.158793
1.193193
1.219827
1.185079
1.187509
1.139002
1.199262
1.138652
1.192454
1.277990
1.135676
1.252764
1.137087
1.222678
1.245176
1.202308
1.156213
1.178505
1.112944
1.185731
1.277217
1.169298
1.189019
1.209682
1.209771
1.128227
1.180977
1.242169
1.187659
1.226719
1.198435
1.195561
1.242333
1.136732
1.184210
1.259993
1.162837
1.151400
1.203833
1.208788
1.209978
1.194657
1.154777
1.191708
1.174183
1.201567
1.166954
1.238584
1.187866
1.168304
1.144522
1.146752
1.155277
1.213750
1.171840
1.126772
1.209459
1.182673
1.219067
1.209006
1.186569
1.143245
1.167322
1.134007
1.139838
1.206425
1.212759
1.229841
1.196035
1.178337
1.174732
1.162705
1.225791
1.243567
1.207000
1.155852
1.205157
1.193438
1.236420
1.166409
1.213449
1.215693
1.191858
1.163208
1.146019
1.201969
1.204541
1.133210
1.184988
1.210706
1.203859
1.196595
1.152093
1.169578
1.167964
1.182242
1.247992
1.179104
1.197334
1.167142
1.165849
1.226742
1.167078
1.176896
1.222315
1.227460
1.191285
1.168465
1.126691
1.199542
1.216760
1.199971
1.121606
1.184925
1.154033
1.205133
1.230239
1.181886
1.186762
1.143896
1.173945
1.150695
1.242122
1.168762
1.192802
1.190963
1.208676
1.174254
1.174962
1.228719
1.145180
1.188601
1.188444
1.280026
1.201837
1.155043
1.221954
1.260570
1.177303
1.166400
1.178273
1.219929
1.149968
1.205196
1.182726
1.182129
1.201406
1.160186
1.183702
1.159676
1.174596
1.222005
1.131982
1.166873
1.198431
1.175277
1.144042
1.172010
1.215372
1.163551
1.217401
1.207089
1.145353
1.190122
1.251543
1.171832
1.252418
1.211295
1.208872
1.194134
1.160706
1.196046
1.155951
1.191177
1.243116
1.164351
1.140574
1.188210
1.270508
1.233884
1.144324
1.187011
1.217094
1.180276
1.191160
1.220184
1.190713
1.152082
1.126304
1.224853
1.232646
1.245930
1.140263
1.165079
1.144970
1.172600
1.186459
1.181955
1.161498
1.205459
1.165393
1.181170
1.236292
1.206318
1.205136
1.141091
1.210669
1.163932
1.141103
1.283472
1.169992
1.277655
1.198072
1.159376
1.236087
1.229919
1.151870
1.176743
1.239317
1.203911
1.186409
1.246579
1.190985
1.218995
1.170587
1.249476
1.204067
1.171356
1.234848
1.201464
1.195141
1.110790
1.154971
1.187220
1.186341
1.212981
1.204908
1.185435
1.180587
1.197814
1.215282
1.199100
1.230666
1.160065
1.231841
1.166615
1.198194
1.156931
1.197322
1.210676
1.137405
1.241144
1.208195
1.239318
1.166116
1.190200
1.184843
1.183000
1.188734
1.175879
1.142710
1.184581
1.198948
1.121986
1.171807
1.174056
1.166541
1.210455
1.212900
1.198786
1.161503
1.228886
1.237748
1.183493
1.199814
1.206767
1.197751
1.235820
1.240298
1.206701
1.218583
1.172252
1.220558
1.198722
1.177469
1.140581
1.154848
1.110676
1.196906
1.187112
1.210803
1.191894
1.220626
1.181027
1.157112
1.157867
1.192659
1.162843
1.218935
1.190850
1.288251
1.226456
1.240793
1.190730
1.207125
1.160127
1.226043
1.151174
1.209816
1.180648
1.215747
1.185966
1.227540
1.161192
1.204797
1.187847
1.150615
1.182784
1.131421
1.132597
1.170556
1.169366
1.139628
1.266022
1.172646
1.216748
1.163076
1.152986
1.131160
1.224877
1.184170
1.232239
1.154877
1.163559
1.228204
1.210969
1.219865
1.172281
1.218431
1.215833
1.201304
1.171772
1.239999
1.201188
1.205574
1.180254
1.178649
1.175661
1.164179
1.251083
1.292381
1.223093
1.130286
1.175509
1.166427
1.186033
1.196449
1.199481
1.185843
1.190365
1.182957
1.196829
1.221342
1.214790
1.169229
1.164367
1.185148
1.200735
1.154820
1.172610
1.193995
1.174567
1.188701
1.161575
1.118541
1.170194
1.138320
1.203314
1.131007
1.121038
1.165169
1.208309
1.207578
1.205935
1.141788
1.210264
1.154864
1.171304
1.214828
1.188414
1.141692
1.201405
1.190382
1.231394
1.209472
1.213536
1.204273
1.138795
1.195005
1.201858
1.164335
1.207807
1.149493
1.235040
1.227738
1.231463
1.217449
1.159742
1.193415
1.249124
1.191796
1.166660
1.188757
1.237035
1.203327
1.205688
1.214881
1.177127
1.172280
1.192473
1.167552
1.214648
1.119721
1.169196
1.212604
1.206742
1.147872
1.233285
1.130700
1.160818
1.222665
1.143925
1.123230
1.165485
1.196573
1.156742
1.180593
1.180021
1.225329
1.127896
1.184411
1.236870
1.205283
1.204806
1.137960
1.226174
1.162400
1.234936
1.130993
1.151100
1.145524
1.158481
1.171574
1.170026
1.170805
1.228449
1.156901
1.190730
1.202196
1.203874
1.170094
1.190352
1.152641
1.223223
1.191509
1.189555
1.203579
1.185765
1.177171
1.154164
1.239119
1.247737
1.180487
1.164226
1.185123
1.170795
1.154923
1.143566
1.172464
1.149272
1.210825
1.175628
1.221775
1.227212
1.174032
1.205539
1.220754
1.216470
1.209493
1.163141
1.109241
1.215874
1.186092
1.198289
1.218699
1.214009
1.176178
1.214561
1.170825
1.139292
1.166996
1.164750
1.214842
1.178030
1.227368
1.214295
1.153993
1.218355
1.143700
1.210577
1.139080
1.208110
1.196109
1.196552
1.266248
1.226729
1.185371
1.221194
1.229558
1.176040
1.139168
1.270902
1.189582
1.146450
1.185834
1.177715
1.166867
1.139946
1.251052
1.200621
1.173819
1.158642
1.170544
1.179970
1.211019
1.182480
1.191523
1.175237
1.182273
1.182109
1.245384
1.174178
1.151043
1.206951
1.222189
1.210025
1.177592
1.135596
1.115955
1.177128
1.150176
1.129867
1.125994
1.244552
1.181010
1.148654
1.168733
1.254389
1.161931
1.179804
1.208102
1.158265
1.179291
1.187699
1.185733
1.212023
1.245186
1.150274
1.214355
1.189430
1.126179
1.163551
1.195915
1.215685
1.155953
1.198621
1.173061
1.170958
1.119381
1.199253
1.179003
1.198033
1.176882
1.173183
1.221516
1.115996
1.167222
1.196291
1.243069
1.201757
1.205458
1.162089
1.263294
1.150268
1.124191
1.240122
1.188433
1.191227
1.155717
1.204142
1.247132
1.161711
1.244208
1.194764
1.163539
1.176927
1.138193
1.198927
1.185130
1.147314
1.216666
1.218701
1.184893
1.214710
1.238935
1.118811
1.186563
1.121476
1.156295
1.169319
1.117148
1.156407
1.136316
1.129065
1.233769
1.209292
1.185243
1.175519
1.190865
1.179908
1.162218
1.183376
1.167032
1.196101
1.194310
1.184696
1.208793
1.167377
1.194488
1.214450
1.147663
1.153471
1.148934
1.133921
1.237554
1.279940
1.149569
1.173389
1.179479
1.204638
1.167787
1.154061
1.172706
1.198818
1.155474
1.176308
1.210954
1.216748
1.248548
1.177480
1.195864
1.223831
1.199963
1.199841
1.156608
1.185315
1.230523
1.209996
1.209351
1.203917
1.187657
1.243118
1.186394
1.148563
1.207512
1.162717
1.232551
1.204029
1.162803
1.160702
1.236603
1.148487
1.195310
1.205833
1.142987
1.209652
1.156747
1.148094
1.279601
1.187493
1.159462
1.177468
1.172012
1.212780
1.188581
1.142968
1.219250
1.232086
1.170293
1.199161
1.187247
1.173332
1.120357
1.183287
1.248259
1.196039
1.220249
1.195382
1.194594
1.230228
1.202256
1.227584
1.232990
1.146993
1.191194
1.251687
1.181610
1.181005
1.205964
1.199763
1.171467
1.171346
1.155885
1.202111
1.178359
1.173351
1.183180
1.201693
1.209661
1.176477
1.159964
1.218004
1.194022
1.200638
1.188074
1.188290
1.135042
1.217864
1.161296
1.191879
1.172571
1.153243
1.219205
1.194308
1.139617
1.150413
1.190382
1.176385
1.173082
1.178556
1.239745
1.234195
1.097442
1.166919
1.237341
1.204701
1.173080
1.204013
1.183984
1.228103
1.166533
1.193032
1.268691
1.165877
1.187779
1.201408
1.183301
1.175879
1.220764
1.211567
1.239272
1.151930
1.195083
1.180149
1.149181
1.173167
1.138097
1.205552
1.194028
1.124988
1.149212
1.160211
1.129882
1.191583
1.200627
1.111264
1.177268
1.153071
1.189491
1.175588
1.119559
1.194304
1.143845
1.209749
1.216390
1.109976
1.220033
1.147874
1.178640
1.185246
1.169712
1.101027
1.218950
1.138866
1.164059
1.218488
1.205549
1.140786
1.142553
1.190985
1.186853
1.240466
1.212223
1.210970
1.174221
1.165316
1.178451
1.236762
1.170172
1.194762
1.187680
1.155739
1.150939
1.200702
1.140893
1.178297
1.203596
1.219481
1.218619
1.168973
1.263615
1.221500
1.157399
1.166879
1.189594
1.192607
1.217366
1.178881
1.188122
1.197507
1.193268
1.134567
1.203222
1.189771
1.165837
1.198534
1.170798
1.217373
1.213889
1.156915
1.166642
1.239726
1.146139
1.194047
1.156361
1.179346
1.209919
1.215744
1.210868
1.198925
1.134546
1.185910
1.131205
1.197562
1.184590
1.181822
1.206586
1.175377
1.178281
1.220403
1.166867
1.188613
1.166733
1.148155
1.176414
1.209605
1.224281
1.177023
1.150372
1.170983
1.189243
1.178468
1.168398
1.148007
1.155503
1.159273
1.191741
1.184348
1.186274
1.157240
1.158196
1.178836
1.142586
1.206970
1.230366
1.173957
1.187188
1.192223
1.127425
1.145285
1.194933
1.123827
1.155197
1.147486
1.287684
1.179515
1.229726
1.224045
1.231853
1.176484
1.170451
1.145496
1.223050
1.205147
1.228755
1.181804
1.241771
1.122702
1.214729
1.114621
1.198168
1.188058
1.144850
1.208974
1.195874
1.131670
1.174166
1.256793
1.192226
1.238475
1.185118
1.189562
1.186017
1.184230
1.205680
1.191928
1.165705
1.232517
1.246734
1.132971
1.137165
1.136997
1.164245
1.158217
1.205922
1.228739
1.265153
1.239665
1.209773
1.161144
1.149525
1.179816
1.162825
1.225201
1.142462
1.179161
1.229321
1.100886
1.131011
1.204661
1.237316
1.189645
1.180357
1.181716
1.201065
1.223204
1.181387
1.125771
1.203502
1.176589
1.201415
1.244622
1.165538
1.167619
1.163337
1.196580
1.152818
1.203368
1.187015
1.158959
1.163742
1.176139
1.214352
1.125420
1.233900
1.189415
1.162665
1.211509
1.185470
1.216205
1.185508
1.114895
1.200386
1.177266
1.275254
1.229205
1.188919
1.270952
1.174212
1.201887
1.220777
1.196734
1.174466
1.214876
1.173260
1.191576
1.145060
1.181383
1.201324
1.171730
1.142906
1.130871
1.198643
1.194853
1.277504
1.186669
1.208712
1.157747
1.202009
1.180258
1.155302
1.188717
1.181056
1.165285
1.168409
1.154092
1.191570
1.178860
1.193112
1.152152
1.209287
1.186425
1.219847
1.132276
1.199963
1.192074
1.125396
1.199718
1.196881
1.171989
1.168414
1.181196
1.193492
1.243304
1.237257
1.264818
1.190914
1.191794
1.199257
1.165124
1.124599
1.176090
1.209493
1.191485
1.212956
1.202496
1.207271
1.247130
1.211214
1.209716
1.217126
1.221721
1.265049
1.154712
1.207376
1.198452
1.166572
1.193584
1.178241
1.186568
1.207676
1.153776
1.188763
1.153185
1.172222
1.180900
1.163256
1.142179
1.135317
1.176040
1.169334
1.122927
1.141917
1.223380
1.184749
1.237113
1.219403
1.212245
1.143062
1.235633
1.261054
1.208282
1.216104
1.188157
1.174944
1.148895
1.137324
1.179169
1.188513
1.175862
1.156060
1.221925
1.172345
1.153574
1.202209
1.235823
1.134763
1.172105
1.194934
1.162603
1.142892
1.261004
1.213360
1.198858
1.215614
1.174361
1.225793
1.151639
1.142900
1.250274
1.203902
1.130435
1.153060
1.141963
1.229554
1.176483
1.206205
1.174160
1.179005
1.180227
1.159278
1.161928
1.187658
1.265748
1.238482
1.195179
1.133275
1.251079
1.219574
1.247552
1.147978
1.182323
1.208675
1.180985
1.171523
1.204720
1.183689
1.142936
1.132737
1.181741
1.185543
1.156051
1.180590
1.176394
1.195309
1.176341
1.223929
1.264558
1.173403
1.103989
1.185000
1.150794
1.174033
1.141360
1.209154
1.143430
1.182871
1.157168
1.186094
1.182805
1.235648
1.154784
1.137612
1.152523
1.161904
1.168936
1.179857
1.166321
1.123223
1.203306
1.167140
1.242825
1.199178
1.234724
1.176053
1.208689
1.192690
1.173330
1.191787
1.170150
1.168924
1.151196
1.203113
1.135478
1.156757
1.206490
1.253179
1.131536
1.235014
1.224529
1.165375
1.178753
1.174821
1.224727
1.120166
1.136303
1.152440
1.197697
1.159846
1.190863
1.141069
1.207912
1.145097
1.217307
1.160784
1.143421
1.226668
1.237946
1.194105
1.195863
1.231225
1.202977
1.166842
1.215412
1.189600
1.200481
1.136002
1.194768
1.194767
1.218314
1.144252
1.189653
1.180066
1.158397
1.128618
1.226112
1.155537
1.144275
1.146956
1.165534
1.182820
1.128875
1.215264
1.191052
1.174598
1.215679
1.228941
1.175866
1.212016
1.127231
1.186096
1.156350
1.159739
1.189844
1.153967
1.197487
1.156483
1.175569
1.130533
1.166141
1.181021
1.131881
1.172095
1.182841
1.195948
1.185584
1.237540
1.166755
1.200446
1.136557
1.200710
1.148533
1.213905
1.201639
1.180098
1.214669
1.241014
1.198714
1.138963
1.222011
1.191841
1.191286
1.140809
1.187322
1.139979
1.208215
1.239602
1.228736
1.211866
1.137254
1.201363
1.181180
1.136842
1.134189
1.168957
1.152175
1.193384
1.162636
1.244982
1.145034
1.225992
1.172083
1.233086
1.177099
1.168786
1.218545
1.228349
1.139750
1.160058
1.175063
1.154564
1.182690
1.161154
1.218929
1.248088
1.155188
1.170394
1.205968
1.186670
1.207303
1.242459
1.171770
1.209052
1.125034
1.146503
1.193161
1.206928
1.112344
1.180928
1.200580
1.210163
1.112726
1.161539
1.153959
1.278025
1.164097
1.170774
1.142372
1.184181
1.162254
1.188043
1.238449
1.194700
1.218648
1.119650
1.211161
1.227705
1.167069
1.104961
1.211042
1.142699
1.196612
1.166360
1.189602
1.230477
1.179626
1.215198
1.187867
1.196908
1.219925
1.229222
1.175961
1.160118
1.242175
1.177289
1.138097
1.210902
1.213553
1.168746
1.156537
1.164900
1.126641
1.197210
1.192855
1.140396
1.156499
1.177814
1.189483
1.181329
1.188493
1.164443
1.268284
1.145929
1.207031
1.154478
1.185999
1.203621
1.174281
1.167946
1.212951
1.215852
1.185036
1.207776
1.180213
1.138431
1.155098
1.176063
1.159483
1.215759
1.213555
1.170347
1.113377
1.120866
1.162208
1.118273
1.187528
1.142771
1.178774
1.219272
1.214883
1.148046
1.191230
1.114230
1.205188
1.192599
1.227685
1.177647
1.148426
1.198204
1.175409
1.159589
1.204716
1.161280
1.173716
1.238038
1.192330
1.175689
1.184321
1.215818
1.156897
1.160970
1.173438
1.201070
1.221551
1.197606
1.154431
1.182289
1.183038
1.180170
1.149781
1.161452
1.283008
1.144483
1.133344
1.154333
1.145908
1.258421
1.176842
1.177901
1.132560
1.173410
1.138841
1.161027
1.202662
1.248895
1.211700
1.118637
1.190175
1.160844
1.153193
1.182032
1.193385
1.178768
1.170947
1.178034
1.190279
1.184581
1.216001
1.210695
1.206558
1.159461
1.192813
1.192357
1.178392
1.143519
1.142489
1.147754
1.132649
1.150226
1.211635
1.204427
1.174662
1.188077
1.225628
1.190372
1.149865
1.141206
1.208667
1.201727
1.176263
1.163398
1.187336
1.136247
1.171960
1.201162
1.165162
1.174007
1.121934
1.162816
1.255519
1.195114
1.217686
1.154335
1.199377
1.194854
1.146035
1.151064
1.158425
1.143514
1.152733
1.192472
1.121071
1.193918
1.137146
1.170357
1.183114
1.217002
1.157663
1.118135
1.130638
1.185807
1.236977
1.181235
1.246871
1.195653
1.162094
1.163443
1.147280
1.186331
1.171152
1.144196
1.201123
1.200571
1.144791
1.138814
1.178524
1.204140
1.146537
1.230234
1.151563
1.182108
1.192440
1.188975
1.186128
1.164961
1.179769
1.199902
1.202387
1.210736
1.189268
1.167934
1.178092
1.201455
1.205431
1.124853
1.172684
1.163615
1.186374
1.207024
1.192522
1.167147
1.178515
1.221475
1.180650
1.170546
1.218654
1.126687
1.196277
1.166928
1.192286
1.168301
1.203539
1.193699
1.216323
1.202646
1.256770
1.214618
1.127333
1.232239
1.204783
1.191511
1.203325
1.259223
1.203626
1.181159
1.163225
1.187291
1.182073
1.157834
1.130933
1.176689
1.153414
1.262112
1.240981
1.168537
1.173610
1.206089
1.193561
1.140317
1.173763
1.197206
1.174084
1.145580
1.177702
1.171738
1.163185
1.205011
1.102022
1.224297
1.241508
1.180145
1.230360
1.122754
1.161635
1.153926
1.138289
1.163627
1.155091
1.170801
1.165298
1.257161
1.230692
1.208380
1.123591
1.194179
1.107748
1.158762
1.189848
1.117666
1.134262
1.235733
1.198115
1.218181
1.152839
1.271638
1.142238
1.176760
1.150864
1.165510
1.202565
1.206250
1.207279
1.174263
1.217601
1.143785
1.225881
1.192385
1.162027
1.215310
1.168164
1.196512
1.183129
1.150650
1.200731
1.185608
1.199951
1.145755
1.199079
1.181983
1.159540
1.174844
1.147090
1.177863
1.202514
1.124692
1.172570
1.222742
1.136504
1.244557
1.179350
1.163216
1.227203
1.182638
1.207476
1.200678
1.219007
1.126492
1.216514
1.163501
1.196886
1.171782
1.148640
1.184712
1.119272
1.166344
1.184234
1.231306
1.155467
1.215244
1.266376
1.145095
1.187983
1.141790
1.223870
1.212605
1.170154
1.176093
1.181475
1.153322
1.141179
1.161059
1.203383
1.164159
1.146758
1.162904
1.110003
1.167038
1.134522
1.175168
1.238152
1.201410
1.202853
1.203983
1.219419
1.148184
1.176796
1.183559
1.198573
1.122678
1.120926
1.143687
1.230107
1.200066
1.119142
1.214351
1.165880
1.209684
1.158945
1.155042
1.195804
1.140067
1.232683
1.148907
1.197056
1.134073
1.137255
1.212073
1.173466
1.182429
1.193004
1.176158
1.197561
1.178350
1.192077
1.164090
1.192852
1.155867
1.175665
1.190268
1.184770
1.218978
1.167116
1.146871
1.171810
1.125611
1.207667
1.199185
1.152662
1.190733
1.199263
