epoch,train_loss,train_xent,valid_loss,valid_xent,valid_xent_accuracy,valid_exp_accuracy,valid_xent_qwk,valid_exp_qwk,learning_rate,mb_time,time
1,1.995383,nan,1.560640,nan,0.123633,0.222481,-0.080906,0.506161,0.001000,0.089601,133.170556
2,1.412870,nan,1.358547,nan,0.150751,0.285319,0.290398,0.608610,0.001000,0.077158,131.931918
3,1.254827,nan,1.242566,nan,0.122904,0.343782,0.185571,0.677780,0.001000,0.077118,131.440883
4,1.176206,nan,1.184396,nan,0.145648,0.350634,0.361822,0.710437,0.001000,0.077274,132.037639
5,1.134923,nan,1.111739,nan,0.136755,0.363901,0.267081,0.753906,0.001000,0.077144,131.775222
6,1.080838,nan,1.090117,nan,0.128590,0.381980,0.177994,0.766019,0.001000,0.076919,132.122232
7,1.041108,nan,1.056929,nan,0.151480,0.360694,0.234695,0.777861,0.001000,0.077256,132.677692
8,1.018322,nan,1.029135,nan,0.159498,0.350780,0.282655,0.793095,0.001000,0.077177,132.852789
9,0.995616,nan,0.991084,nan,0.171454,0.377752,0.476959,0.816363,0.001000,0.077126,132.837637
10,0.965543,nan,0.987493,nan,0.155416,0.407202,0.327765,0.808092,0.001000,0.077267,133.067020
11,0.942740,nan,0.956709,nan,0.179035,0.395830,0.540700,0.820384,0.001000,0.077183,132.983441
12,0.919184,nan,0.931144,nan,0.182971,0.413034,0.516615,0.830100,0.001000,0.077307,132.825545
13,0.895664,nan,0.916676,nan,0.191719,0.407202,0.597330,0.833612,0.001000,0.077130,132.871873
14,0.880442,nan,0.901943,nan,0.194489,0.404578,0.609755,0.836391,0.001000,0.077035,132.861705
15,0.851826,nan,0.900638,nan,0.166642,0.435486,0.388882,0.827136,0.001000,0.077074,133.039520
16,0.839513,nan,0.885982,nan,0.203528,0.378627,0.568599,0.828057,0.001000,0.077301,132.902869
17,0.826919,nan,0.846334,nan,0.197551,0.447296,0.525478,0.849227,0.001000,0.077065,133.086906
18,0.805625,nan,0.844131,nan,0.198134,0.439277,0.516412,0.844248,0.001000,0.077119,132.934996
19,0.783968,nan,0.824832,nan,0.208923,0.410993,0.549465,0.850024,0.001000,0.077217,133.008890
20,0.766170,nan,0.804466,nan,0.197259,0.469602,0.447117,0.855679,0.001000,0.077061,132.884626
21,0.746284,nan,0.800927,nan,0.180930,0.470477,0.407336,0.847350,0.001000,0.077377,133.178972
22,0.737040,nan,0.782257,nan,0.202216,0.449482,0.409770,0.854382,0.001000,0.077121,132.920802
23,0.716717,nan,0.765856,nan,0.193906,0.476746,0.366793,0.854361,0.001000,0.077287,132.986881
24,0.701333,nan,0.761205,nan,0.181951,0.453419,0.514232,0.848276,0.001000,0.077176,133.086300
25,0.693043,nan,0.734894,nan,0.205861,0.486660,0.453235,0.863688,0.001000,0.077297,133.184477
26,0.674301,nan,0.729819,nan,0.207902,0.472372,0.464975,0.853380,0.001000,0.077163,132.997904
27,0.656804,nan,0.699825,nan,0.224231,0.493950,0.417857,0.872953,0.001000,0.076874,132.880700
28,0.644644,nan,0.695968,nan,0.206007,0.501677,0.371922,0.865311,0.001000,0.077347,132.920642
29,0.629985,nan,0.679386,nan,0.214317,0.504009,0.342976,0.872530,0.001000,0.077300,133.051294
30,0.622214,nan,0.689037,nan,0.209797,0.474559,0.331229,0.852928,0.001000,0.077298,133.320421
31,0.609947,nan,0.669299,nan,0.202362,0.488847,0.302300,0.857297,0.001000,0.077194,133.049498
32,0.592141,nan,0.648833,nan,0.215046,0.509695,0.308647,0.870370,0.001000,0.077155,133.208731
33,0.578418,nan,0.630293,nan,0.215192,0.514798,0.413103,0.875848,0.001000,0.077285,133.175170
34,0.567194,nan,0.629864,nan,0.223356,0.489138,0.464439,0.868987,0.001000,0.077157,133.364053
35,0.563210,nan,0.619166,nan,0.212713,0.518151,0.478484,0.870487,0.001000,0.077356,133.414473
36,0.552276,nan,0.614479,nan,0.212567,0.523254,0.469372,0.868783,0.001000,0.077461,133.284823
37,0.545786,nan,0.606776,nan,0.207756,0.506196,0.274698,0.866310,0.001000,0.077356,133.238628
38,0.531643,nan,0.582480,nan,0.222773,0.499781,0.230851,0.878191,0.001000,0.077190,133.587660
39,0.517567,nan,0.572062,nan,0.221169,0.529523,0.360276,0.878797,0.001000,0.077345,133.297313
40,0.502276,nan,0.555154,nan,0.219128,0.532585,0.243570,0.885540,0.001000,0.077275,133.634359
41,0.505467,nan,0.566492,nan,0.207027,0.521067,0.211344,0.868035,0.001000,0.077571,131.213175
42,0.496484,nan,0.540404,nan,0.219274,0.537396,0.406670,0.883788,0.001000,0.077655,130.860758
43,0.473138,nan,0.528538,nan,0.226418,0.548185,0.303608,0.888447,0.001000,0.077675,130.838468
44,0.463653,nan,0.529052,nan,0.233124,0.543519,0.197821,0.880276,0.001000,0.077779,129.945737
45,0.454545,nan,0.508857,nan,0.226564,0.542499,0.227865,0.890387,0.001000,0.077617,129.789874
46,0.445998,nan,0.505414,nan,0.230354,0.529377,0.357930,0.885789,0.001000,0.077679,129.851347
47,0.447412,nan,0.513757,nan,0.224231,0.523400,0.261212,0.872736,0.001000,0.077761,130.649202
48,0.448710,nan,0.502167,nan,0.217962,0.506488,0.322322,0.877739,0.001000,0.077704,130.642552
49,0.437842,nan,0.498983,nan,0.236623,0.503572,0.211401,0.875344,0.001000,0.077639,130.630109
50,0.433916,nan,0.480726,nan,0.229334,0.517860,0.460013,0.885181,0.001000,0.077675,130.616537
51,0.413295,nan,0.473812,nan,0.230937,0.569471,0.231911,0.887508,0.001000,0.077625,130.682475
52,0.399847,nan,0.459139,nan,0.235749,0.560432,0.470378,0.890008,0.001000,0.077665,130.676001
53,0.389276,nan,0.452556,nan,0.236332,0.572824,0.311134,0.890321,0.001000,0.077584,130.709951
54,0.378822,nan,0.440277,nan,0.233270,0.570491,0.199330,0.895487,0.001000,0.077534,130.660786
55,0.375739,nan,0.435602,nan,0.237790,0.565972,0.294241,0.891781,0.001000,0.077606,130.717869
56,0.373942,nan,0.441199,nan,0.236186,0.564660,0.475945,0.883326,0.001000,0.077582,130.771806
57,0.384162,nan,0.459947,nan,0.232979,0.522088,0.215610,0.863703,0.001000,0.077448,130.932833
58,0.398553,nan,0.448981,nan,0.228896,0.520192,0.227339,0.867692,0.001000,0.077414,130.696616
59,0.375121,nan,0.419681,nan,0.237644,0.533897,0.362827,0.887921,0.001000,0.077551,130.724871
60,0.349773,nan,0.405246,nan,0.239685,0.582446,0.296135,0.897385,0.001000,0.077436,130.645632
61,0.341320,nan,0.403752,nan,0.236332,0.590319,0.500995,0.895250,0.001000,0.077523,130.666826
62,0.332732,nan,0.398099,nan,0.238227,0.592360,0.289598,0.894605,0.001000,0.077436,130.828876
63,0.331049,nan,0.391845,nan,0.239248,0.579531,0.356858,0.893120,0.001000,0.077399,130.850357
64,0.324343,nan,0.391056,nan,0.238081,0.549643,0.398910,0.886953,0.001000,0.077469,130.664308
65,0.331697,nan,0.401130,nan,0.229917,0.540312,0.260030,0.874852,0.001000,0.077452,131.372687
66,0.323399,nan,0.375775,nan,0.236040,0.556495,0.389163,0.894757,0.001000,0.077472,131.485676
67,0.309412,nan,0.374675,nan,0.240997,0.596297,0.342382,0.892004,0.001000,0.077420,131.595151
68,0.304644,nan,0.372358,nan,0.239977,0.550372,0.489268,0.889342,0.001000,0.077442,131.588713
69,0.311317,nan,0.374287,nan,0.233416,0.557078,0.442788,0.884875,0.001000,0.077491,131.472960
70,0.306836,nan,0.355839,nan,0.239393,0.572824,0.318657,0.895523,0.001000,0.077462,131.604798
71,0.288133,nan,0.346879,nan,0.244642,0.576177,0.428281,0.899407,0.001000,0.077489,131.666578
72,0.280505,nan,0.348222,nan,0.241289,0.603295,0.441552,0.895315,0.001000,0.077471,131.568646
73,0.283714,nan,0.358891,nan,0.232979,0.572095,0.393903,0.883979,0.001000,0.077443,131.554690
74,0.308174,nan,0.361871,nan,0.233999,0.527920,0.448493,0.873713,0.001000,0.077436,131.668251
75,0.294209,nan,0.345934,nan,0.231958,0.560577,0.453783,0.887152,0.001000,0.077404,131.605332
76,0.292020,nan,0.345398,nan,0.238227,0.561889,0.562432,0.888548,0.001000,0.077449,131.758393
77,0.277890,nan,0.326181,nan,0.242601,0.604170,0.503828,0.903240,0.001000,0.077367,133.323556
78,0.260192,nan,0.319027,nan,0.238519,0.622540,0.394506,0.904089,0.001000,0.077222,133.119036
79,0.256419,nan,0.314029,nan,0.241580,0.602858,0.518325,0.904837,0.001000,0.077321,133.137397
80,0.246805,nan,0.309450,nan,0.239977,0.624581,0.474271,0.905029,0.001000,0.077306,133.331211
81,0.241090,nan,0.304130,nan,0.243184,0.607086,0.523563,0.904850,0.001000,0.077303,133.002998
82,0.237559,nan,0.303012,nan,0.242601,0.617145,0.591116,0.902787,0.001000,0.077098,133.126044
83,0.234136,nan,0.307417,nan,0.238227,0.586529,0.557810,0.895555,0.001000,0.077268,133.220945
84,0.235830,nan,0.301760,nan,0.242164,0.603732,0.621365,0.898612,0.001000,0.077132,133.283831
85,0.240392,nan,0.325198,nan,0.234145,0.516548,0.653361,0.872653,0.001000,0.077174,133.450152
86,0.265406,nan,0.306223,nan,0.234874,0.564222,0.568384,0.891428,0.001000,0.077192,133.301753
87,0.253988,nan,0.307385,nan,0.237790,0.555620,0.540001,0.893056,0.001000,0.077361,133.309394
88,0.244130,nan,0.287523,nan,0.242747,0.590028,0.692552,0.904300,0.001000,0.077237,133.163174
89,0.228402,nan,0.290162,nan,0.241580,0.607669,0.604805,0.899432,0.001000,0.077288,133.166688
90,0.220853,nan,0.276604,nan,0.236478,0.592215,0.664147,0.905312,0.001000,0.077436,133.210588
1,0.209370,nan,0.264383,nan,0.242747,0.643097,0.655540,0.918815,0.000100,0.129018,126.301726
2,0.202914,nan,0.258071,nan,0.246392,0.651844,0.639611,0.923679,0.000100,0.108551,122.347693
3,0.199540,nan,0.257359,nan,0.246246,0.663216,0.612220,0.922129,0.000100,0.109454,123.387730
4,0.195970,nan,0.257522,nan,0.245517,0.664383,0.592208,0.920357,0.000100,0.108985,122.823337
5,0.193359,nan,0.254698,nan,0.246829,0.671964,0.595065,0.922347,0.000100,0.109326,123.010274
6,0.190944,nan,0.250629,nan,0.245079,0.670797,0.572819,0.922448,0.000100,0.108960,122.907138
7,0.188403,nan,0.249723,nan,0.246246,0.669340,0.569013,0.923118,0.000100,0.109218,122.633731
8,0.186198,nan,0.249835,nan,0.245954,0.679983,0.546644,0.921558,0.000100,0.108364,124.242754
9,0.183406,nan,0.247818,nan,0.246392,0.678816,0.527151,0.922022,0.000100,0.109458,124.650047
10,0.182140,nan,0.245237,nan,0.245371,0.669631,0.548403,0.922457,0.000100,0.109093,124.339885
11,0.179595,nan,0.244881,nan,0.245225,0.677358,0.564819,0.920574,0.000100,0.110298,172.789209
12,0.177624,nan,0.244045,nan,0.244642,0.680566,0.569418,0.920633,0.000100,0.114169,201.472420
13,0.175798,nan,0.242621,nan,0.246537,0.674297,0.549429,0.920950,0.000100,0.114197,201.491932
14,0.173311,nan,0.236979,nan,0.245517,0.686543,0.546318,0.924554,0.000100,0.113951,201.672645
15,0.171231,nan,0.238953,nan,0.244788,0.675754,0.544646,0.920051,0.000100,0.113758,201.408228
16,0.169814,nan,0.236948,nan,0.245225,0.681003,0.570191,0.920334,0.000100,0.113586,201.546616
17,0.168478,nan,0.234753,nan,0.246246,0.683482,0.601669,0.923808,0.000100,0.113282,201.449224
18,0.166325,nan,0.237579,nan,0.244350,0.676629,0.509895,0.919682,0.000100,0.113599,201.546431
19,0.165199,nan,0.231280,nan,0.245808,0.689313,0.564622,0.923516,0.000100,0.113576,184.984920
20,0.163038,nan,0.227819,nan,0.245517,0.688730,0.555144,0.926367,0.000100,0.108395,124.666011
21,0.161684,nan,0.232106,nan,0.244934,0.681732,0.511380,0.920501,0.000100,0.108966,123.473820
22,0.160046,nan,0.225918,nan,0.246392,0.672110,0.630759,0.923209,0.000100,0.109432,124.342636
23,0.158717,nan,0.225708,nan,0.245517,0.685960,0.571316,0.924075,0.000100,0.109054,124.318405
24,0.156940,nan,0.223120,nan,0.247121,0.685960,0.600283,0.925400,0.000100,0.109170,123.778980
25,0.155686,nan,0.223868,nan,0.246683,0.687272,0.516534,0.922914,0.000100,0.109267,124.323713
26,0.154458,nan,0.221596,nan,0.247266,0.682461,0.596875,0.924051,0.000100,0.109109,124.376469
27,0.153639,nan,0.221861,nan,0.245954,0.691209,0.590826,0.924158,0.000100,0.109009,123.727073
28,0.151671,nan,0.220466,nan,0.246100,0.688439,0.608900,0.923049,0.000100,0.109230,124.500046
29,0.150497,nan,0.222029,nan,0.246829,0.697915,0.563359,0.921411,0.000100,0.108871,124.509793
30,0.148254,nan,0.215433,nan,0.244496,0.693687,0.590392,0.924782,0.000100,0.109133,132.307645
31,0.147339,nan,0.216933,nan,0.243476,0.691646,0.564170,0.922341,0.000100,0.115365,202.885835
32,0.146244,nan,0.219415,nan,0.245517,0.690480,0.525826,0.920533,0.000100,0.116190,203.200620
33,0.145042,nan,0.215022,nan,0.246537,0.692229,0.618599,0.923880,0.000100,0.111607,142.285892
34,0.143451,nan,0.212188,nan,0.246392,0.695145,0.541038,0.924676,0.000100,0.108968,124.732816
35,0.142355,nan,0.210483,nan,0.245517,0.694125,0.608029,0.924674,0.000100,0.108184,125.452499
36,0.141506,nan,0.212037,nan,0.246246,0.695582,0.605289,0.922727,0.000100,0.109359,122.905301
37,0.139786,nan,0.209959,nan,0.245808,0.694562,0.615346,0.923428,0.000100,0.110016,124.035928
38,0.138926,nan,0.211311,nan,0.245663,0.699665,0.628142,0.922447,0.000100,0.109437,125.262111
39,0.137689,nan,0.207254,nan,0.247266,0.694270,0.602389,0.925106,0.000100,0.109653,125.200886
40,0.136177,nan,0.205519,nan,0.247266,0.699956,0.583038,0.924664,0.000100,0.109697,124.468335
41,0.135206,nan,0.205809,nan,0.246829,0.695145,0.613609,0.923443,0.000100,0.109454,124.535387
