7.776881
5.388062
5.496368
5.189990
5.892621
6.061258
4.686825
5.609423
5.398243
4.333306
5.550650
5.474597
4.957856
5.726583
6.168832
5.276567
5.065631
5.008720
6.399598
6.408900
5.415687
4.051485
4.119469
4.590561
4.237748
4.435177
4.834075
4.548571
6.430042
4.712619
5.953651
6.461946
5.500988
6.336929
6.735374
5.985378
5.172879
5.868192
6.016627
6.344747
6.313490
6.149418
5.516595
5.758769
6.250941
6.039987
6.196219
5.539949
5.985240
6.125843
5.500820
5.617983
5.391395
5.727306
5.883529
5.172564
5.547536
5.500632
5.406853
6.227135
5.953668
5.313012
4.953606
5.969200
5.641043
6.383199
6.367542
5.601885
5.078415
6.086195
6.179912
5.586129
5.703284
5.109501
5.617280
6.687560
5.906276
5.265618
5.749959
6.046801
5.609267
5.281108
6.367012
5.445103
5.952882
5.585661
5.937190
5.734031
4.757434
6.319901
6.546429
5.687020
5.679174
5.265078
5.616606
5.554072
5.622843
4.960254
5.757095
5.702374
6.061715
6.022618
5.085084
5.100675
5.241266
5.975608
5.905261
6.772414
7.163006
4.975471
6.647313
5.983216
5.694119
5.100336
5.490926
5.904955
7.084608
5.545512
5.201728
6.326694
5.053223
5.467251
5.693779
6.420308
6.068712
5.834303
5.818643
6.381109
5.912325
5.498229
5.599757
6.654411
5.310627
5.240281
6.521496
5.482400
5.427679
6.177645
6.419798
4.833827
5.544730
4.661884
5.029037
5.513378
6.224282
6.107060
5.310152
5.810118
5.247583
5.950674
6.067828
6.294357
5.239635
5.114601
6.598942
5.137971
5.528562
4.872278
4.856619
5.059710
6.059676
6.544017
5.489296
5.793949
6.098603
5.809506
6.364160
5.684438
6.301592
7.199996
5.371836
6.356178
5.473331
5.246735
6.551388
5.996667
5.699758
6.238787
6.043440
6.613719
6.035560
5.676151
5.293305
6.129208
5.066674
5.386953
6.168169
5.285322
6.105601
5.777442
5.003971
4.738312
6.652340
6.110777
6.316335
5.542864
5.550642
6.363108
5.581824
6.347416
6.113007
6.073910
5.589501
6.191030
5.839434
6.948775
5.284679
5.229957
5.964298
6.292389
5.097043
5.745446
5.346975
5.573504
5.659407
5.948436
5.331215
5.456181
6.081147
6.573301
6.042017
5.252921
6.065387
5.166915
6.299694
6.182472
5.987126
5.862092
5.088621
5.588587
5.651053
5.713519
5.588485
5.932202
5.416543
6.174321
5.955537
6.205504
5.744532
5.017936
5.861652
5.510056
6.025647
5.814676
5.119329
5.736483
6.033324
5.447353
5.369194
6.056660
4.845689
5.947218
5.822184
5.939337
6.384616
5.806457
6.525174
5.642327
5.314168
5.493822
6.556288
5.829692
5.610908
4.993687
5.634278
5.462369
6.556085
5.540427
5.204455
5.337234
5.313763
5.524666
5.173070
5.696474
4.618315
5.563594
6.165122
6.454151
6.063492
5.657209
6.172800
5.618078
6.125857
6.922698
5.461727
5.625756
5.336660
5.844438
6.094405
6.211558
5.177670
5.531803
6.211457
5.664548
5.562952
6.805106
5.930072
5.820663
5.195629
5.390908
5.109625
5.406466
5.726744
6.086086
5.625115
5.750081
5.187547
5.445326
6.390604
6.132758
6.609287
5.109253
5.171719
5.234186
5.281027
5.984118
5.226272
4.905926
5.843392
6.038671
6.179262
6.608916
5.562007
5.444786
5.030690
5.991594
6.897810
6.249339
5.046180
5.093021
5.999237
5.038266
5.671045
5.366324
6.350665
6.514694
6.280285
5.639626
5.373968
5.928622
5.452025
5.553554
6.030083
5.764424
6.076891
5.647169
6.100261
5.998664
6.162693
5.287659
5.061063
5.553217
5.639121
5.865650
5.865616
5.139020
6.131174
5.373327
6.693606
5.740448
5.552914
6.365380
6.357534
6.224688
5.466842
6.349621
5.998025
6.615178
5.732332
5.185423
5.661952
6.630669
4.638448
5.849351
5.185255
5.591471
6.614875
5.544529
6.458558
6.317899
5.505366
5.724082
5.559986
5.880265
5.919294
5.942698
5.200477
4.893699
