epoch,train_loss,train_xent,valid_loss,valid_xent,valid_emd,valid_xent_accuracy,valid_exp_accuracy,valid_xent_qwk,valid_exp_qwk,learning_rate,mb_time,time
1,8.013062,136.552490,6.809061,6.243306,0.399291,0.042274,0.051749,0.000000,0.018688,0.010000,0.573888,216.219565
2,3.392605,2.526796,2.858399,2.012449,0.131114,0.185131,0.180029,0.315480,0.268895,0.010000,0.499792,203.586978
3,2.850085,1.988107,2.755143,1.885587,0.118033,0.223761,0.229592,0.438927,0.403256,0.010000,0.499867,205.073113
4,2.706909,1.883072,2.906903,2.038193,0.125578,0.259475,0.261662,0.418486,0.438911,0.010000,0.499845,204.544875
5,2.645427,1.847323,2.607384,1.832783,0.112625,0.279883,0.274052,0.516106,0.532305,0.010000,0.499629,204.944272
6,2.571300,1.763927,2.622266,1.819877,0.110015,0.300292,0.301749,0.535722,0.556691,0.010000,0.499777,204.700934
7,2.526789,1.720426,2.536074,1.765129,0.105524,0.236152,0.252187,0.574775,0.608401,0.010000,0.499830,204.196389
8,2.481267,1.674732,2.474201,1.634083,0.090071,0.314140,0.312682,0.691565,0.688949,0.010000,0.499893,204.585832
9,2.451301,1.636193,2.453884,1.647426,0.089765,0.328717,0.368076,0.695050,0.712180,0.010000,0.500233,206.479846
10,2.423592,1.630988,2.417659,1.634316,0.090026,0.317784,0.374636,0.691338,0.710795,0.010000,0.500642,210.354748
11,2.400681,1.583249,2.426359,1.566882,0.081593,0.365889,0.397959,0.752918,0.750037,0.010000,0.500612,211.290502
12,2.380120,1.565547,2.388148,1.560816,0.080415,0.343294,0.393586,0.758229,0.770329,0.010000,0.500113,205.325588
13,2.357382,1.545350,2.373869,1.532987,0.077784,0.364431,0.418367,0.773139,0.781419,0.010000,0.499961,204.176851
14,2.340153,1.539578,2.359195,1.541153,0.079558,0.350583,0.392857,0.753792,0.775980,0.010000,0.499756,204.186693
15,2.318698,1.514970,2.365676,1.560842,0.080533,0.373907,0.412536,0.760031,0.762877,0.010000,0.499892,204.050126
16,2.302577,1.506106,2.318180,1.501056,0.074635,0.377551,0.428571,0.783042,0.794607,0.010000,0.499943,204.160345
17,2.288422,1.495062,2.323082,1.494715,0.074061,0.377551,0.420554,0.794591,0.807192,0.010000,0.500067,204.095891
18,2.271677,1.478191,2.315217,1.514954,0.075302,0.376822,0.401603,0.785291,0.800500,0.010000,0.500013,204.261136
19,2.255203,1.466206,2.284233,1.479792,0.071977,0.392857,0.427843,0.798988,0.816438,0.010000,0.499883,204.544236
20,2.237571,1.444648,2.290468,1.493096,0.075294,0.338192,0.394315,0.760151,0.808692,0.010000,0.500235,205.220739
21,2.227043,1.463913,2.278744,1.517048,0.076730,0.381195,0.405248,0.775037,0.778963,0.010000,0.499938,205.273665
22,2.217280,1.433483,2.268705,1.467778,0.070522,0.376093,0.427114,0.795381,0.832633,0.010000,0.500136,205.339513
23,2.206680,1.416189,2.244514,1.444473,0.068538,0.376822,0.462099,0.803353,0.846295,0.010000,0.499964,205.408841
24,2.195897,1.416337,2.260094,1.472248,0.070799,0.381195,0.433673,0.803621,0.827137,0.010000,0.500155,205.922036
25,2.179440,1.394182,2.245381,1.451104,0.069153,0.384111,0.441691,0.793243,0.837580,0.010000,0.499969,206.270285
26,2.172508,1.401412,2.235986,1.466724,0.070936,0.373907,0.438047,0.804241,0.835502,0.010000,0.499670,205.389316
27,2.161559,1.389776,2.233728,1.445974,0.066801,0.368076,0.474490,0.812634,0.852162,0.010000,0.499773,205.610621
28,2.151430,1.384442,2.213428,1.425408,0.066043,0.422012,0.491254,0.830884,0.851873,0.010000,0.499996,205.800050
29,2.142534,1.374769,2.243060,1.445424,0.067708,0.387755,0.468659,0.809597,0.849626,0.010000,0.499978,206.272074
30,2.134011,1.371346,2.234297,1.454562,0.067699,0.400146,0.456268,0.814264,0.842939,0.010000,0.500007,205.569961
31,2.122218,1.361418,2.207975,1.443199,0.065496,0.397230,0.491983,0.832031,0.859792,0.010000,0.499735,205.563559
32,2.108608,1.347679,2.195266,1.421344,0.064751,0.367347,0.478134,0.813582,0.866107,0.010000,0.499878,205.748530
33,2.104144,1.344483,2.187753,1.412609,0.063681,0.388484,0.505102,0.828230,0.868137,0.010000,0.500098,205.775617
34,2.093857,1.337477,2.208463,1.437663,0.067088,0.375364,0.486880,0.797358,0.855264,0.010000,0.499852,205.710960
35,2.087021,1.331394,2.198894,1.435363,0.065137,0.413265,0.478863,0.839580,0.858710,0.010000,0.500235,206.594307
36,2.076060,1.321540,2.184086,1.423685,0.064994,0.382653,0.500729,0.799020,0.873404,0.010000,0.500036,207.404606
37,2.070167,1.317053,2.175139,1.406392,0.063433,0.427114,0.506560,0.835114,0.870375,0.010000,0.500014,207.579841
38,2.065040,1.319601,2.187900,1.429959,0.063896,0.398688,0.495627,0.825797,0.864747,0.010000,0.499892,206.404782
39,2.057128,1.315152,2.175241,1.425903,0.064464,0.421283,0.489067,0.837152,0.861807,0.010000,0.500036,205.599293
40,2.050664,1.309019,2.157266,1.403828,0.061026,0.416181,0.531341,0.839460,0.877509,0.010000,0.499935,205.538464
41,2.038713,1.304652,2.144623,1.390522,0.061127,0.419096,0.521866,0.838037,0.886458,0.010000,0.500073,206.037526
42,2.041060,1.306583,2.168904,1.419141,0.063932,0.347668,0.505831,0.794936,0.873394,0.010000,0.499982,206.605699
43,2.026214,1.288740,2.224164,1.531453,0.066219,0.369534,0.502915,0.820488,0.866899,0.010000,0.500089,206.097881
44,2.025028,1.294341,2.180440,1.422948,0.061387,0.375364,0.532070,0.826479,0.883920,0.010000,0.500100,206.095106
45,2.015702,1.293258,2.132633,1.385250,0.061422,0.397230,0.543003,0.830177,0.881252,0.010000,0.499948,206.040527
46,2.004092,1.275909,2.172674,1.448262,0.062070,0.379738,0.540816,0.819710,0.881065,0.010000,0.500117,206.263478
47,2.009398,1.288234,2.145042,1.407041,0.060868,0.413265,0.536443,0.838328,0.882524,0.010000,0.499893,205.689055
48,1.998341,1.282810,2.153039,1.413522,0.062211,0.364431,0.528426,0.814253,0.888080,0.010000,0.500119,207.562547
49,1.987510,1.273039,2.136448,1.413795,0.062007,0.370991,0.529883,0.813354,0.884558,0.010000,0.499795,205.981256
50,1.980761,1.261587,2.150747,1.396480,0.061634,0.403790,0.535714,0.839282,0.883128,0.010000,0.500032,205.795399
51,1.982442,1.272291,2.181262,1.439806,0.063987,0.347668,0.528426,0.794854,0.882133,0.010000,0.499981,205.306844
52,1.979944,1.271037,2.146464,1.424263,0.060167,0.427114,0.567055,0.840415,0.890703,0.010000,0.499939,206.056793
53,1.977735,1.277946,2.136500,1.436526,0.060145,0.362245,0.571429,0.823645,0.893867,0.010000,0.499956,205.480637
54,1.958822,1.253860,2.133559,1.422274,0.059506,0.424927,0.563411,0.855273,0.884997,0.010000,0.500272,205.330872
55,1.958739,1.253739,2.145582,1.446000,0.061277,0.396501,0.549563,0.823628,0.881535,0.010000,0.500010,205.567582
56,1.957521,1.258853,2.108764,1.402123,0.058860,0.411079,0.565598,0.847492,0.896523,0.010000,0.500049,206.667060
57,1.945668,1.247595,2.131151,1.403586,0.062904,0.358601,0.546647,0.808335,0.885582,0.010000,0.500005,205.683329
58,1.947012,1.253779,2.150429,1.442363,0.061101,0.361516,0.550292,0.809807,0.895972,0.010000,0.500104,205.353344
59,1.931434,1.235951,2.124777,1.403627,0.059655,0.443878,0.573615,0.850267,0.893805,0.010000,0.499897,204.960239
60,1.927815,1.239988,2.099854,1.382004,0.060413,0.442420,0.555394,0.839917,0.888503,0.010000,0.499930,204.997549
61,1.916174,1.226198,2.108981,1.425151,0.060014,0.423469,0.563411,0.838298,0.895952,0.010000,0.500169,205.364792
62,1.901275,1.212554,2.107964,1.420420,0.061043,0.470845,0.529155,0.851781,0.891128,0.010000,0.499931,204.968863
63,1.899790,1.218424,2.103041,1.423531,0.060702,0.440962,0.567784,0.845039,0.891040,0.010000,0.500065,205.127610
64,1.893985,1.213461,2.101277,1.442085,0.062132,0.491983,0.528426,0.851481,0.866896,0.010000,0.500149,205.975381
65,1.880083,1.206415,2.064830,1.369497,0.060936,0.408163,0.537901,0.822719,0.893610,0.010000,0.499906,204.911858
66,1.866563,1.189027,2.035830,1.355067,0.058198,0.483236,0.561224,0.856748,0.896302,0.010000,0.500087,206.143660
67,1.858739,1.182659,2.068414,1.386779,0.059831,0.438047,0.566327,0.844160,0.894627,0.010000,0.499989,206.228595
68,1.853250,1.181233,2.055603,1.387523,0.059060,0.530612,0.575802,0.869593,0.887999,0.010000,0.499763,205.069636
69,1.846378,1.178275,2.087822,1.427118,0.059977,0.420554,0.521137,0.821899,0.895805,0.010000,0.500172,205.409902
70,1.839887,1.175926,2.055257,1.399619,0.057317,0.468659,0.594752,0.866329,0.903882,0.010000,0.500124,206.421495
71,1.843752,1.184074,2.056875,1.375708,0.059227,0.447522,0.547376,0.853519,0.889533,0.010000,0.500114,205.461383
72,1.829634,1.173559,2.063748,1.371430,0.061960,0.384840,0.532799,0.822942,0.891399,0.010000,0.500164,205.746019
73,1.825913,1.169855,2.053133,1.370899,0.057866,0.446793,0.581633,0.859967,0.899839,0.010000,0.500109,206.197321
74,1.836004,1.184279,2.054081,1.371573,0.056858,0.519679,0.573615,0.879365,0.901613,0.010000,0.500064,206.434635
75,1.811132,1.151825,2.065657,1.404242,0.058102,0.509475,0.590379,0.869505,0.901520,0.010000,0.500278,206.877131
76,1.799885,1.146384,2.071648,1.418195,0.057261,0.537901,0.596939,0.881573,0.899303,0.010000,0.500078,206.558313
77,1.801825,1.153930,2.073571,1.444693,0.057548,0.459913,0.591837,0.870488,0.907499,0.010000,0.499915,205.890172
78,1.805708,1.166534,2.070386,1.394794,0.060396,0.410350,0.559038,0.834077,0.893509,0.010000,0.500292,205.674156
79,1.787483,1.142003,2.081218,1.411651,0.058066,0.469388,0.571429,0.862539,0.900064,0.010000,0.500288,206.250731
80,1.789400,1.147912,2.065394,1.422929,0.058895,0.489067,0.584548,0.861469,0.898255,0.010000,0.499925,206.262404
81,1.773658,1.130820,2.136809,1.474711,0.057275,0.540087,0.586735,0.877966,0.898594,0.010000,0.500201,206.566605
82,1.772160,1.139076,2.071997,1.434423,0.057683,0.507289,0.583819,0.871789,0.893461,0.010000,0.500247,206.063527
83,1.775847,1.145787,2.060210,1.388938,0.059351,0.481050,0.576531,0.861001,0.895356,0.010000,0.500133,206.180807
84,1.778599,1.151905,2.070399,1.431991,0.060699,0.500729,0.566327,0.861518,0.885238,0.010000,0.500258,206.661138
85,1.775329,1.143819,2.031064,1.359734,0.058405,0.495627,0.580904,0.861763,0.900461,0.010000,0.500209,205.584362
86,1.773413,1.145035,2.000126,1.377049,0.056359,0.539359,0.617347,0.891718,0.904939,0.010000,0.500267,206.167199
87,1.753501,1.128630,2.058467,1.427511,0.059326,0.517493,0.558309,0.882645,0.885531,0.010000,0.500356,205.932597
88,1.754755,1.131238,2.066245,1.437007,0.059087,0.467930,0.582362,0.855658,0.898175,0.010000,0.500091,205.804515
89,1.743889,1.119233,2.054429,1.406808,0.057170,0.544461,0.584548,0.888717,0.896726,0.010000,0.499937,205.616735
90,1.739087,1.115269,2.036969,1.376906,0.054524,0.494169,0.610787,0.885406,0.918902,0.010000,0.500175,205.226020
91,1.737472,1.116557,2.113868,1.509409,0.057968,0.514577,0.620262,0.874774,0.901543,0.010000,0.499788,205.530750
92,1.738010,1.120831,2.052567,1.437681,0.055864,0.526239,0.641399,0.886475,0.914476,0.010000,0.500290,206.054585
93,1.747764,1.144427,2.057252,1.477968,0.059810,0.471574,0.588921,0.853777,0.891775,0.010000,0.500008,205.321172
94,1.740259,1.127626,2.045431,1.440781,0.057276,0.491983,0.582362,0.865126,0.910649,0.010000,0.499958,205.779709
95,1.738291,1.132161,2.009548,1.391859,0.055562,0.471574,0.610058,0.875255,0.915207,0.010000,0.500184,206.013512
96,1.720221,1.106915,2.078777,1.476640,0.056632,0.500729,0.615889,0.870530,0.906263,0.010000,0.500190,205.726218
97,1.717079,1.120296,2.030519,1.394617,0.056692,0.500729,0.591108,0.878340,0.906991,0.010000,0.500150,206.132989
98,1.715573,1.111803,2.042269,1.418204,0.056266,0.496356,0.621720,0.875045,0.903788,0.010000,0.500271,205.860924
99,1.711885,1.107285,2.058212,1.435710,0.056286,0.553207,0.627551,0.881492,0.906722,0.010000,0.500071,205.454441
100,1.703740,1.103823,2.086142,1.411970,0.056553,0.542274,0.613703,0.889786,0.901967,0.010000,0.500098,205.511325
101,1.696783,1.096477,2.033684,1.433040,0.056643,0.514577,0.615160,0.874530,0.907090,0.010000,0.500302,206.072473
102,1.703287,1.107096,2.081492,1.452485,0.056030,0.526968,0.634111,0.888638,0.907659,0.010000,0.500201,206.027062
103,1.709501,1.120183,2.078130,1.501806,0.055705,0.541545,0.625364,0.888243,0.911329,0.010000,0.500014,206.781554
104,1.697918,1.101820,2.060653,1.461248,0.055450,0.484694,0.636297,0.877312,0.913138,0.010000,0.500046,205.979129
105,1.681659,1.086257,1.990656,1.400797,0.054993,0.572157,0.634111,0.898573,0.912419,0.010000,0.499921,205.870414
106,1.676677,1.085364,2.095603,1.476819,0.056984,0.513848,0.631195,0.878068,0.906173,0.010000,0.500040,205.901021
107,1.675971,1.085022,2.025588,1.437863,0.056272,0.486152,0.615889,0.880799,0.908769,0.010000,0.500134,205.944753
108,1.676862,1.088899,1.992193,1.429031,0.055077,0.540087,0.644315,0.889296,0.916915,0.010000,0.500018,205.511321
109,1.671848,1.089211,1.994234,1.414474,0.055735,0.538630,0.620262,0.891164,0.912173,0.010000,0.500238,205.825918
110,1.668392,1.086644,2.070157,1.499340,0.054572,0.490525,0.643586,0.887572,0.921120,0.010000,0.500252,205.936808
111,1.661087,1.081913,2.060465,1.443509,0.054558,0.559038,0.650875,0.892583,0.921125,0.010000,0.500130,206.014975
112,1.653340,1.071514,2.088267,1.481206,0.055262,0.519679,0.656706,0.884651,0.919676,0.010000,0.500022,205.890063
113,1.648250,1.070308,2.081513,1.470442,0.055222,0.494169,0.655248,0.881203,0.917250,0.010000,0.500253,206.343245
114,1.652588,1.077520,2.054869,1.425499,0.055118,0.500729,0.642857,0.879529,0.921322,0.010000,0.500173,205.908477
115,1.654420,1.083622,2.039141,1.448575,0.056592,0.553207,0.635569,0.884059,0.907842,0.010000,0.500079,205.722161
116,1.674690,1.114281,2.090161,1.512176,0.057990,0.521137,0.600583,0.876950,0.902572,0.010000,0.499928,205.756905
117,1.668947,1.108582,2.040156,1.448100,0.055384,0.576531,0.636297,0.889146,0.914826,0.010000,0.500218,207.332138
118,1.658042,1.090816,2.044990,1.444530,0.056123,0.534257,0.623178,0.884731,0.911243,0.010000,0.500030,206.051601
119,1.651407,1.088891,2.014570,1.418298,0.054194,0.545918,0.650875,0.898943,0.919810,0.010000,0.500198,206.131740
120,1.635281,1.068193,2.036665,1.437936,0.055228,0.533528,0.650875,0.887004,0.911015,0.010000,0.500326,208.023991
121,1.641515,1.084345,2.068807,1.476205,0.055701,0.533528,0.661079,0.884980,0.913283,0.010000,0.500070,206.909264
122,1.632097,1.070350,1.991680,1.404810,0.053754,0.508746,0.672012,0.891183,0.923148,0.010000,0.499924,205.797142
123,1.627098,1.072578,2.130275,1.490032,0.055781,0.516764,0.628280,0.881003,0.913388,0.010000,0.499972,205.783853
124,1.623359,1.066722,2.092062,1.438257,0.054738,0.576531,0.662536,0.897603,0.910585,0.010000,0.500211,205.003194
125,1.712859,1.186717,2.031451,1.430210,0.057639,0.457726,0.612245,0.869640,0.907991,0.010000,0.500067,201.101735
126,1.664950,1.121504,1.971955,1.461128,0.057721,0.552478,0.611516,0.879021,0.899099,0.010000,0.500512,201.868047
127,1.673021,1.135287,2.035818,1.473746,0.057499,0.524781,0.636297,0.879400,0.900933,0.010000,0.500412,200.968503
128,1.645485,1.099433,2.033968,1.440078,0.055680,0.522595,0.668367,0.884916,0.918719,0.010000,0.500297,200.695689
129,1.627697,1.078813,2.042558,1.444203,0.055896,0.500000,0.651603,0.879300,0.910270,0.010000,0.500540,200.803215
130,1.616464,1.066741,2.040634,1.507402,0.053330,0.572886,0.674198,0.912045,0.925954,0.010000,0.500256,202.741157
131,1.606227,1.060312,2.031399,1.442877,0.053764,0.548834,0.680758,0.896686,0.925978,0.010000,0.500417,200.889984
132,1.600857,1.058002,2.005132,1.430414,0.054012,0.538630,0.654519,0.897005,0.920404,0.010000,0.500667,204.103718
133,1.595161,1.053719,2.062269,1.504108,0.054626,0.559038,0.673469,0.892396,0.921737,0.010000,0.500755,203.418462
134,1.589057,1.048716,2.037360,1.473171,0.053233,0.553207,0.680029,0.897129,0.929180,0.010000,0.500616,201.371723
135,1.588745,1.052318,2.080956,1.495771,0.053095,0.516764,0.688776,0.895861,0.929423,0.010000,0.500403,202.022346
136,1.589086,1.052750,2.104816,1.501325,0.053046,0.565598,0.686589,0.902017,0.928852,0.010000,0.500549,201.940344
137,1.565753,1.033858,2.049440,1.494332,0.054451,0.610787,0.668367,0.892334,0.924338,0.010000,0.500470,203.498013
138,1.537448,1.005098,2.046458,1.460847,0.054379,0.615889,0.677843,0.893184,0.921745,0.010000,0.500461,203.769212
139,1.576993,1.087960,2.080109,1.553458,0.069076,0.466472,0.474490,0.785546,0.835632,0.010000,0.500607,204.001329
140,1.643580,1.135651,2.018532,1.490975,0.058460,0.599125,0.647959,0.878529,0.897591,0.010000,0.500544,200.341403
141,1.595500,1.091407,1.927293,1.472659,0.060852,0.564140,0.580175,0.877602,0.878871,0.010000,0.500848,202.818782
142,1.574551,1.059237,1.981093,1.435283,0.056920,0.566327,0.642128,0.869961,0.911867,0.010000,0.500560,200.648795
143,1.541952,1.025449,1.915517,1.374552,0.054848,0.594752,0.661079,0.877165,0.919541,0.010000,0.500650,201.741019
144,1.524971,1.010638,1.992064,1.465752,0.056355,0.567055,0.647959,0.868924,0.915419,0.010000,0.501038,203.180271
145,1.517804,1.002510,1.942595,1.416288,0.056136,0.577259,0.658163,0.867779,0.920253,0.010000,0.500716,203.921332
146,1.507357,0.994772,1.974782,1.459380,0.055959,0.598397,0.678571,0.888395,0.920063,0.010000,0.500745,203.598222
147,1.510816,1.001292,1.967318,1.442554,0.056645,0.608601,0.643586,0.890215,0.911738,0.010000,0.501001,204.335399
148,1.505083,0.994741,1.967463,1.433574,0.055383,0.602041,0.665452,0.883251,0.922044,0.010000,0.501020,203.284550
149,1.496323,0.991381,2.018925,1.508290,0.055870,0.628280,0.670554,0.896612,0.912787,0.010000,0.500601,203.647229
150,1.499496,0.995211,2.047710,1.490226,0.055283,0.598397,0.680758,0.882738,0.925737,0.010000,0.500830,202.727666
151,1.503674,1.004338,2.068985,1.521863,0.057808,0.569242,0.643586,0.873560,0.914853,0.010000,0.500591,202.113158
152,1.489628,0.986034,2.044332,1.545999,0.055558,0.588192,0.677114,0.882200,0.923374,0.010000,0.500829,203.103049
153,1.485973,0.993818,1.963985,1.453696,0.056430,0.591837,0.634111,0.883617,0.912708,0.010000,0.500743,205.363303
154,1.498811,1.005098,1.970752,1.486536,0.055146,0.593294,0.667638,0.885059,0.921283,0.010000,0.500936,203.611779
155,1.622386,1.160510,1.908512,1.378571,0.059771,0.492711,0.582362,0.851394,0.905742,0.010000,0.500645,205.458873
156,1.556487,1.072980,1.905296,1.392437,0.056340,0.614431,0.639942,0.883749,0.911444,0.010000,0.500804,203.710439
157,1.518081,1.020198,1.883520,1.368032,0.055813,0.566327,0.645044,0.863567,0.921256,0.010000,0.500884,204.788308
158,1.495325,1.000311,1.962780,1.461522,0.055675,0.574344,0.688776,0.874454,0.919772,0.010000,0.500461,202.138564
159,1.483467,0.988580,1.983178,1.481451,0.055702,0.616618,0.674927,0.891319,0.918176,0.010000,0.500434,202.239652
160,1.480660,0.991202,1.975492,1.425321,0.054785,0.596939,0.680758,0.879718,0.926092,0.010000,0.500555,202.692944
161,1.463972,0.971769,1.937532,1.469057,0.055017,0.627551,0.685860,0.890763,0.923635,0.010000,0.500554,202.318259
162,1.455533,0.964455,2.072604,1.546605,0.056441,0.576531,0.680758,0.860343,0.920482,0.010000,0.500478,202.323635
163,1.453416,0.965166,1.972290,1.453460,0.054706,0.583090,0.692420,0.888944,0.929243,0.010000,0.500298,202.834845
164,1.454716,0.968603,2.002328,1.466085,0.054389,0.615889,0.705539,0.891065,0.929488,0.010000,0.500559,202.937793
165,1.540193,1.113557,1.958938,1.437356,0.058551,0.583090,0.625364,0.852452,0.902215,0.010000,0.500480,202.568134
166,1.513152,1.033575,1.966699,1.446211,0.057478,0.593294,0.627551,0.872742,0.910161,0.010000,0.500679,202.702294
167,1.484522,1.003883,2.047933,1.502948,0.056438,0.594752,0.646501,0.887442,0.920217,0.010000,0.500309,202.389156
168,1.470184,0.988809,2.022697,1.536028,0.056253,0.568513,0.665452,0.884167,0.924250,0.010000,0.500614,202.677536
169,1.452441,0.971284,2.044197,1.559400,0.055518,0.613703,0.692420,0.901305,0.920804,0.010000,0.500642,202.510979
170,1.441731,0.961166,2.048065,1.505133,0.053807,0.622449,0.692420,0.900876,0.928086,0.010000,0.500521,202.225803
171,1.438095,0.960494,1.981591,1.518337,0.055419,0.578717,0.659621,0.862352,0.925966,0.010000,0.500500,202.929263
172,1.437482,0.962571,2.004882,1.478455,0.055509,0.623178,0.685860,0.892772,0.921127,0.010000,0.500374,203.174231
173,1.431794,0.957223,2.037976,1.539001,0.053867,0.596210,0.686589,0.890692,0.931163,0.010000,0.500631,203.940364
174,1.426238,0.952023,1.988676,1.503301,0.054269,0.614431,0.703353,0.885704,0.927105,0.010000,0.500446,202.929208
175,1.417296,0.943898,2.022277,1.551192,0.054653,0.626093,0.704810,0.900720,0.927071,0.010000,0.500643,203.745959
176,1.427990,0.962283,1.994775,1.540507,0.053094,0.615160,0.713557,0.896947,0.935828,0.010000,0.500660,202.536533
177,1.419954,0.948459,2.056654,1.537639,0.054125,0.573615,0.696064,0.879861,0.931861,0.010000,0.500603,202.991396
178,1.415320,0.947191,1.922402,1.431911,0.053279,0.643586,0.699708,0.905581,0.929559,0.010000,0.500376,203.578327
179,1.410706,0.943500,2.113776,1.634136,0.054979,0.577988,0.689504,0.883846,0.929187,0.010000,0.500490,204.344791
180,1.405434,0.942355,2.089624,1.615322,0.054647,0.555394,0.696793,0.876455,0.930334,0.010000,0.500407,203.226498
181,1.421146,0.967418,2.017392,1.544511,0.055616,0.603499,0.689504,0.881190,0.922673,0.010000,0.500522,203.687777
182,1.412675,0.951611,2.032309,1.512756,0.054689,0.610058,0.698251,0.887696,0.923319,0.010000,0.500660,203.897717
183,1.412352,0.957049,2.038783,1.517617,0.055066,0.603499,0.678571,0.895097,0.925190,0.010000,0.500430,203.556330
184,1.410675,0.954263,2.031743,1.571715,0.054807,0.617347,0.703353,0.898971,0.928238,0.010000,0.500387,203.665974
185,1.407840,0.950393,1.970621,1.498937,0.055014,0.588192,0.697522,0.870783,0.929121,0.010000,0.500525,203.619537
186,1.392533,0.936325,2.030548,1.560050,0.054441,0.587464,0.706268,0.880951,0.930092,0.010000,0.500511,203.574125
187,1.385762,0.930694,2.064659,1.559103,0.053870,0.615889,0.733965,0.896745,0.933833,0.010000,0.500554,203.705481
188,1.386223,0.937957,2.047068,1.488493,0.053925,0.619534,0.701166,0.895296,0.928809,0.010000,0.500778,203.553884
189,1.390221,0.939987,2.094209,1.660915,0.054583,0.585277,0.701166,0.869612,0.931179,0.010000,0.500571,203.531106
190,1.388745,0.941692,1.998298,1.514534,0.053528,0.622449,0.712099,0.892765,0.933007,0.010000,0.500687,203.629488
191,1.382264,0.933858,2.082421,1.615250,0.053808,0.612245,0.729592,0.878659,0.935276,0.010000,0.500599,203.449199
192,1.379771,0.932119,2.187534,1.665625,0.054404,0.624636,0.709913,0.891286,0.929424,0.010000,0.500522,203.214507
193,1.379496,0.933692,2.009048,1.550164,0.053652,0.615889,0.727405,0.888574,0.931144,0.010000,0.500645,203.354936
194,1.369038,0.922339,2.043480,1.613390,0.054715,0.607872,0.711370,0.894600,0.927813,0.010000,0.500624,203.301563
195,1.376317,0.931170,2.163657,1.677476,0.055509,0.580904,0.704082,0.870547,0.927454,0.010000,0.500530,203.371283
196,1.372268,0.931428,2.184038,1.653659,0.054009,0.625364,0.712828,0.903533,0.930487,0.010000,0.500567,203.409629
197,1.372923,0.934237,2.003492,1.545525,0.053916,0.653061,0.731050,0.912395,0.930967,0.010000,0.500559,203.482638
198,1.365997,0.929365,2.236824,1.598581,0.054662,0.564140,0.704082,0.867388,0.928930,0.010000,0.500640,203.625572
199,1.379367,0.951373,1.981946,1.541133,0.057789,0.538630,0.650146,0.858469,0.920169,0.010000,0.500450,203.959100
200,1.395883,0.970416,2.122657,1.683278,0.055071,0.571429,0.682945,0.865500,0.927764,0.010000,0.500684,204.411425
