epoch,train_loss,train_xent,valid_loss,valid_xent,valid_xent_accuracy,valid_exp_accuracy,valid_xent_qwk,valid_exp_qwk,learning_rate,mb_time,time
1,2.541752,1.685223,2.289088,1.441703,0.453353,0.405977,0.675590,0.709337,0.001000,0.472126,272.693442
2,2.163414,1.330287,2.101820,1.284273,0.496356,0.451895,0.706542,0.771828,0.001000,0.431528,175.634617
3,1.995268,1.193889,2.044542,1.259602,0.518222,0.476676,0.750971,0.783498,0.001000,0.431405,175.788569
4,1.867836,1.099163,1.863482,1.111095,0.537172,0.534257,0.797550,0.838737,0.001000,0.431747,175.548793
5,1.760584,1.022805,1.752759,1.030129,0.564869,0.537901,0.818601,0.855576,0.001000,0.431167,175.731127
6,1.690304,0.981323,1.727864,1.031868,0.582362,0.561224,0.826028,0.843845,0.001000,0.431655,175.780333
7,1.600265,0.917124,1.661885,0.991553,0.594752,0.563411,0.830653,0.848647,0.001000,0.427657,175.465615
8,1.528476,0.869613,1.599675,0.952272,0.628280,0.599125,0.857510,0.886805,0.001000,0.426178,175.226760
9,1.467887,0.830846,1.552029,0.925266,0.637026,0.602041,0.872053,0.884732,0.001000,0.426427,175.758422
10,1.402470,0.784992,1.465034,0.856364,0.638484,0.599125,0.869770,0.895394,0.001000,0.426269,175.850052
11,1.335438,0.735325,1.471461,0.878658,0.642857,0.626093,0.878000,0.894531,0.001000,0.426130,175.708717
12,1.290253,0.704658,1.448142,0.869514,0.658892,0.639942,0.876956,0.899026,0.001000,0.426108,175.766109
13,1.271996,0.699102,1.421774,0.854441,0.663994,0.637755,0.875788,0.894665,0.001000,0.427357,176.504998
14,1.210652,0.649203,1.435356,0.879979,0.685860,0.644315,0.889515,0.896069,0.001000,0.427370,176.117784
15,1.182651,0.631796,1.419969,0.873962,0.614431,0.591108,0.833089,0.860271,0.001000,0.430758,176.393524
16,1.135703,0.594543,1.335326,0.798109,0.693878,0.667638,0.896011,0.912282,0.001000,0.431067,176.382896
17,1.103036,0.569723,1.327290,0.797547,0.698251,0.685860,0.897492,0.912668,0.001000,0.431290,176.287004
18,1.061499,0.535757,1.395162,0.872004,0.696064,0.656706,0.895216,0.907423,0.001000,0.431158,176.562093
19,1.061909,0.541133,1.331737,0.813345,0.710641,0.694606,0.900861,0.914481,0.001000,0.431045,176.364771
20,1.021353,0.505801,1.269153,0.756600,0.721574,0.696064,0.909102,0.920910,0.001000,0.430500,176.387183
21,0.972761,0.463408,1.280443,0.773325,0.682945,0.657434,0.882265,0.900060,0.001000,0.430811,176.343381
22,0.958830,0.454474,1.249107,0.747049,0.738338,0.704082,0.907193,0.923085,0.001000,0.430847,176.510175
23,0.936575,0.436999,1.287836,0.790070,0.708455,0.691691,0.909532,0.924244,0.001000,0.430968,176.353431
24,0.915116,0.419142,1.281651,0.787202,0.723032,0.703353,0.894875,0.906554,0.001000,0.430527,176.280879
25,0.919250,0.426017,1.194204,0.702196,0.752915,0.737609,0.921962,0.930487,0.001000,0.431410,177.503129
26,0.877824,0.388222,1.257732,0.770115,0.727405,0.708455,0.889887,0.907975,0.001000,0.431201,176.896627
27,0.872606,0.386634,1.304546,0.819918,0.739067,0.720845,0.898383,0.920546,0.001000,0.431115,177.481088
28,0.855830,0.372350,1.290174,0.807215,0.711370,0.702624,0.896637,0.912290,0.001000,0.431545,176.071547
29,0.821848,0.340679,1.223122,0.742723,0.748542,0.729592,0.924218,0.929227,0.001000,0.431245,176.447726
30,0.821936,0.342738,1.232458,0.754266,0.729592,0.725948,0.905911,0.914764,0.001000,0.431333,177.063607
31,0.799502,0.322195,1.249207,0.772847,0.748542,0.741254,0.911385,0.921353,0.001000,0.430793,176.948262
32,0.777564,0.303137,1.184433,0.711368,0.762391,0.760933,0.931525,0.939572,0.001000,0.430559,177.294079
33,0.756745,0.285448,1.240803,0.770281,0.751458,0.741254,0.908866,0.927407,0.001000,0.430419,172.351929
34,0.772676,0.302955,1.254629,0.785273,0.734694,0.715743,0.914927,0.926672,0.001000,0.430109,171.818402
35,0.747259,0.279567,1.328992,0.862758,0.729592,0.707726,0.910434,0.915060,0.001000,0.430864,179.392427
36,0.741853,0.276051,1.229818,0.764628,0.750729,0.737609,0.920530,0.927379,0.001000,0.430027,179.582516
37,0.731462,0.267211,1.198016,0.734567,0.754373,0.747085,0.917653,0.925806,0.001000,0.429797,179.448298
38,0.613152,0.150642,1.098697,0.637323,0.806122,0.798834,0.931711,0.939435,0.000100,0.430296,179.474074
39,0.551068,0.090854,1.134240,0.675219,0.808309,0.793732,0.937519,0.942354,0.000100,0.429691,179.447803
40,0.532075,0.074241,1.156210,0.699599,0.806851,0.798105,0.933323,0.938621,0.000100,0.429950,179.525298
41,0.518780,0.063369,1.171761,0.717590,0.811224,0.802478,0.934737,0.938956,0.000100,0.430303,179.559973
42,0.508085,0.055153,1.175187,0.723511,0.811224,0.798834,0.938693,0.942875,0.000100,0.430642,177.889338
43,0.496075,0.045657,1.173023,0.723894,0.806851,0.800292,0.931852,0.942200,0.000100,0.430368,177.023414
44,0.489208,0.041352,1.226919,0.780356,0.811224,0.806851,0.932809,0.945099,0.000100,0.429646,176.792259
45,0.483289,0.038018,1.218342,0.774390,0.810496,0.807580,0.931470,0.946255,0.000100,0.430539,176.939943
46,0.474373,0.031745,1.232969,0.791694,0.802478,0.800292,0.923652,0.939531,0.000100,0.430435,176.962458
47,0.467351,0.027409,1.229733,0.791172,0.811224,0.809767,0.936772,0.948189,0.000100,0.430356,176.981006
48,0.463954,0.026741,1.272296,0.836470,0.809038,0.801749,0.932804,0.941455,0.000100,0.430240,177.087714
49,0.458877,0.024424,1.283471,0.850402,0.807580,0.803936,0.942042,0.944485,0.000100,0.430590,177.125833
50,0.453651,0.021952,1.264959,0.834660,0.817055,0.813411,0.933779,0.942730,0.000100,0.430242,176.973439
51,0.447449,0.018555,1.260042,0.832569,0.818513,0.820700,0.936986,0.946658,0.000100,0.430755,177.136420
52,0.447567,0.021481,1.266287,0.841620,0.814869,0.813411,0.936680,0.941311,0.000100,0.430127,177.124339
53,0.442443,0.019188,1.283820,0.862005,0.818513,0.813411,0.941640,0.947536,0.000100,0.429850,177.072877
54,0.436689,0.016278,1.332784,0.913817,0.813411,0.809038,0.935474,0.939146,0.000100,0.430530,177.053562
55,0.433682,0.016133,1.297028,0.880923,0.807580,0.809038,0.937623,0.944654,0.000100,0.429747,177.042078
56,0.427962,0.013290,1.296192,0.882981,0.816327,0.822157,0.937641,0.942606,0.000100,0.430441,177.159849
57,0.425940,0.014160,1.299298,0.888965,0.822157,0.820700,0.934518,0.941078,0.000100,0.430213,176.923296
58,0.422284,0.013366,1.344909,0.937433,0.822157,0.814140,0.941352,0.945505,0.000100,0.430224,177.314039
59,0.416946,0.010911,1.440379,1.035822,0.803936,0.804665,0.930904,0.937657,0.000100,0.429806,177.422887
60,0.415977,0.012846,1.318930,0.917233,0.814140,0.811953,0.940153,0.942959,0.000100,0.429571,177.160407
61,0.414180,0.013863,1.314928,0.916011,0.818513,0.815598,0.921129,0.927151,0.000100,0.429711,176.963944
62,0.414121,0.016537,1.311208,0.914965,0.814869,0.809767,0.938784,0.942996,0.000100,0.429826,176.989985
63,0.409239,0.014293,1.337277,0.943676,0.814869,0.811953,0.934814,0.938871,0.000100,0.430586,176.987940
64,0.406025,0.013716,1.319448,0.928468,0.809767,0.816327,0.929502,0.939380,0.000100,0.430095,176.998063
65,0.404385,0.014691,1.399056,1.010648,0.821429,0.815598,0.928974,0.937065,0.000100,0.429741,176.780295
66,0.399417,0.012260,1.327887,0.942016,0.824344,0.822157,0.940392,0.944380,0.000100,0.430143,178.063559
67,0.402725,0.017999,1.407117,1.023550,0.808309,0.807580,0.926060,0.936146,0.000100,0.430024,176.786794
68,0.397404,0.014971,1.376217,0.994951,0.822157,0.821429,0.934105,0.943084,0.000100,0.430564,176.893805
69,0.392864,0.012790,1.367682,0.988815,0.810496,0.809038,0.935798,0.942891,0.000100,0.429820,176.649390
70,0.393718,0.016002,1.308141,0.931550,0.820700,0.816327,0.934232,0.941614,0.000100,0.430454,177.602077
71,0.385990,0.010518,1.367417,0.993137,0.807580,0.803207,0.933903,0.941269,0.000100,0.430352,176.835460
72,0.386591,0.013460,1.410911,1.038913,0.813411,0.807580,0.942980,0.946818,0.000100,0.430288,177.099026
73,0.383299,0.012387,1.422797,1.052988,0.805394,0.803936,0.937842,0.945465,0.000100,0.430207,176.714948
74,0.381050,0.012352,1.396153,1.028567,0.809767,0.803936,0.934803,0.940490,0.000100,0.430191,176.687376
75,0.375126,0.008661,1.434470,1.069170,0.805394,0.806122,0.932734,0.936559,0.000100,0.430060,177.301464
76,0.372583,0.008423,1.364111,1.001089,0.818513,0.817055,0.933864,0.939298,0.000100,0.430081,176.850348
77,0.370813,0.008919,1.420031,1.059282,0.810496,0.808309,0.928866,0.936989,0.000100,0.429915,176.735548
78,0.370639,0.010967,1.438679,1.080089,0.803207,0.803207,0.929067,0.937141,0.000100,0.430171,177.380612
79,0.366622,0.009097,1.443551,1.087141,0.799563,0.796647,0.937967,0.939690,0.000100,0.430237,176.675408
80,0.365934,0.010579,1.318894,0.964602,0.821429,0.822886,0.938879,0.943755,0.000100,0.429829,175.920629
81,0.364942,0.011691,1.267366,0.915157,0.822886,0.822157,0.932682,0.940853,0.000100,0.429845,175.854268
82,0.362745,0.011548,1.384093,1.033925,0.823615,0.817784,0.928522,0.935672,0.000100,0.430121,175.931492
83,0.361378,0.012166,1.351833,1.003574,0.820700,0.817784,0.935975,0.940033,0.000100,0.429904,175.900931
84,0.358037,0.010716,1.344931,0.998576,0.820700,0.818513,0.942114,0.948221,0.000100,0.430869,172.634656
85,0.355236,0.009862,1.347142,1.002747,0.817055,0.811224,0.929989,0.939901,0.000100,0.429753,176.642800
86,0.353581,0.010141,1.373790,1.031346,0.813411,0.813411,0.932502,0.940809,0.000100,0.429243,175.894018
87,0.351018,0.009561,1.336600,0.996067,0.811953,0.812682,0.931137,0.937241,0.000100,0.429502,175.788544
88,0.350708,0.011077,1.403398,1.064716,0.812682,0.816327,0.931722,0.936914,0.000100,0.430178,175.852123
89,0.348156,0.010374,1.438638,1.101761,0.804665,0.806851,0.929596,0.938255,0.000100,0.429436,175.844518
90,0.346752,0.010777,1.411082,1.076000,0.813411,0.809038,0.928917,0.937430,0.000100,0.430431,175.653326
91,0.346199,0.011935,1.367779,1.034341,0.806851,0.798105,0.932273,0.935896,0.000100,0.430476,176.995032
92,0.345751,0.013129,1.334950,1.003145,0.817055,0.811224,0.932298,0.935943,0.000100,0.429840,177.310662
93,0.344664,0.013619,1.305003,0.974768,0.820700,0.818513,0.941871,0.946941,0.000100,0.430170,175.814789
94,0.336725,0.007336,1.346203,1.017702,0.814869,0.807580,0.931757,0.933593,0.000100,0.430674,176.157477
95,0.335988,0.008335,1.332337,1.005551,0.824344,0.822886,0.933587,0.937781,0.000100,0.430483,176.085695
96,0.333705,0.007757,1.310682,0.985588,0.808309,0.809038,0.929444,0.937476,0.000100,0.429811,176.143272
97,0.333737,0.009477,1.324537,1.001117,0.818513,0.814140,0.934749,0.944258,0.000100,0.430074,176.104660
98,0.332073,0.009502,1.337349,1.015606,0.803207,0.805394,0.932811,0.939908,0.000100,0.430055,176.151111
99,0.333156,0.012152,1.312551,0.992283,0.814869,0.817055,0.931096,0.939887,0.000100,0.429790,171.462719
100,0.328234,0.008767,1.372026,1.053365,0.817055,0.809767,0.933691,0.941671,0.000100,0.429953,173.043273
