4.526043
4.912988
4.028127
3.412269
3.397539
3.008102
2.829238
3.041344
2.815259
2.791266
2.903370
2.740820
2.730721
2.934020
2.773396
2.778058
2.703151
2.710268
2.823754
2.916965
2.728583
2.681629
2.785464
2.681228
2.722851
2.673390
2.747229
2.541645
2.850327
2.489653
2.688446
2.651918
2.637312
2.673545
2.707816
2.661016
2.475972
2.621610
2.688946
2.611152
2.548729
2.588628
2.689377
2.618194
2.498701
2.582714
2.586123
2.562848
2.339404
2.448323
2.440485
2.369993
2.444882
2.367818
2.353429
2.465752
2.565223
2.365651
2.447020
2.405009
2.565117
2.529801
2.332162
2.561277
2.356822
2.671191
2.570048
2.303068
2.348515
2.622615
2.531572
2.310254
2.349365
2.401289
2.338142
2.393255
2.513615
2.242690
2.292621
2.578493
2.292635
2.270002
2.366286
2.419773
2.489172
2.375890
2.346689
2.249110
2.231084
2.300764
2.315801
2.286006
2.277525
2.328765
2.371510
2.359468
2.224074
2.161275
2.179885
2.396253
2.415394
2.408043
2.161466
2.139416
2.184622
2.304607
2.230780
2.271054
2.220665
2.192440
2.200533
2.134628
2.319795
2.200806
2.136690
2.366609
2.378763
2.274124
2.355925
2.430707
2.202570
2.319072
1.970581
2.325299
2.253374
2.261231
2.317806
2.250254
2.094217
2.225848
2.265114
2.267960
2.206129
2.211122
2.345320
2.203683
2.206111
2.298844
2.249867
2.078812
2.317169
2.174325
1.985354
2.228670
2.105597
2.231578
2.164112
2.106836
2.121090
2.138941
2.228609
2.097476
2.189715
2.011767
2.289133
2.172935
2.185228
2.137889
2.165538
2.158086
2.169812
2.256869
2.128009
2.155602
2.123398
2.155091
2.202858
2.129274
2.197042
2.265274
2.260450
2.213957
2.135417
2.226101
2.192165
2.217889
2.249308
2.040219
2.085487
2.208488
2.160546
2.144681
2.179114
2.087358
2.200058
2.169366
2.018762
2.158817
2.163671
1.944235
2.047915
2.176439
2.159178
2.091156
2.097523
2.232780
2.194851
2.150208
2.010986
2.006741
2.055780
2.163430
2.388583
2.121396
2.078660
2.280516
2.138545
2.155191
2.062188
2.177522
2.046659
1.949676
2.078458
2.251233
2.254046
2.053130
2.131777
1.894752
2.093094
2.085155
2.077716
2.222638
2.194102
1.947042
2.053839
2.168610
1.894890
2.004445
1.916136
2.066402
2.140629
2.116589
2.168869
2.109797
2.041462
1.976420
1.969099
1.912296
2.087925
1.996983
2.075220
2.002037
1.829733
1.812282
1.854623
1.963096
1.936479
1.974826
1.850360
2.028434
1.889693
1.973269
2.037228
2.076351
2.112197
1.868267
2.053778
1.869168
1.704615
1.837835
2.209603
2.050477
1.995559
1.873199
2.006927
2.034686
2.020111
1.916190
1.873630
1.883404
1.937969
1.978219
2.081214
2.015977
1.878245
1.949759
2.165031
2.149739
2.154267
1.988186
2.122897
2.018933
1.978837
2.001185
1.889757
2.024976
2.026883
2.105428
1.996631
2.123230
2.053847
1.836606
2.197059
2.066571
1.842502
2.016863
1.937654
1.822633
1.987765
1.806220
1.875411
1.866955
1.864607
1.854090
1.821492
1.965192
1.964341
1.938451
1.920481
1.846309
1.965209
1.777510
1.965027
1.846069
1.769570
2.009820
1.819276
1.743996
1.900843
1.956451
1.953885
2.071298
1.795752
1.925566
1.992802
1.908785
1.748034
2.025492
1.773453
1.857048
1.864955
1.905658
1.912399
1.868520
1.974075
1.896980
1.740315
1.922227
1.881132
2.016332
2.257450
1.844298
2.065767
1.900274
1.959517
1.894208
1.839395
1.959766
1.979812
1.967475
2.038795
1.804696
1.952750
1.939744
1.712778
1.724806
2.004429
1.839368
1.949526
1.845117
1.837627
1.789777
1.693010
1.878833
1.872876
1.804828
2.031146
1.794177
1.902497
1.819493
2.013486
2.018311
1.890882
1.731088
1.732171
1.789177
1.910387
1.675907
1.961154
1.808329
1.842190
1.845057
1.902835
1.730640
1.830200
1.882090
1.875054
1.621056
1.797554
1.762884
1.591442
1.810120
1.659678
1.748006
1.716722
1.859728
1.798957
1.891917
1.910817
1.901696
1.863708
1.739926
1.823093
1.834458
1.977276
1.901679
1.878837
1.770180
1.796121
1.714332
1.738489
1.808466
1.640470
1.882647
1.692775
1.900718
1.663459
1.686202
1.626477
1.810355
1.728292
2.037982
1.810588
1.814422
1.647217
1.795117
1.699862
1.817635
1.932788
1.820400
1.758564
1.712752
1.825395
1.864927
1.639005
1.847027
1.721036
1.676877
1.758968
1.752912
1.688761
1.616548
1.714454
1.752643
1.697637
1.683333
1.658493
1.760479
1.850935
1.617479
1.762385
1.630076
1.718808
1.715229
1.686106
1.651614
1.709989
1.568419
1.699287
1.712066
1.793323
1.828641
1.702314
1.604020
1.655221
1.743435
1.769534
1.698479
1.849194
1.553020
1.939932
1.868572
1.700532
1.640400
1.679978
1.771945
1.876089
1.596364
1.764081
1.872355
1.814550
1.727531
1.693748
1.865784
1.732795
1.555187
1.775409
1.583276
1.720805
1.801990
1.893220
1.648539
1.711057
1.729605
1.638287
1.735540
1.771866
1.824265
1.770155
1.752564
1.758506
1.663206
1.685545
1.675573
1.506888
1.641248
1.584449
1.618859
1.671912
1.656703
1.602859
1.535532
1.729261
1.717095
1.686470
1.699055
1.698832
1.786975
1.560334
1.650769
1.637515
1.941224
1.685666
1.772429
1.762197
1.716082
1.664514
1.653742
1.566597
1.671611
1.676066
1.702187
1.640415
1.627894
1.638479
1.623153
1.522074
1.607955
1.802240
1.765436
1.652724
1.597621
1.691457
1.559537
1.705192
1.638375
1.562407
1.592265
1.636277
1.814037
1.673096
1.647386
1.614883
1.652946
1.632812
1.622200
1.739185
1.656584
1.607178
1.845016
1.616737
1.721905
1.724647
1.583959
1.752628
1.537708
1.685107
1.543028
1.644403
1.604228
1.815817
1.623855
1.649325
1.641376
1.562539
1.423025
1.592264
1.540175
1.553135
1.660953
1.674032
1.591658
1.518747
1.531496
1.591709
1.577732
1.594366
1.617003
1.573768
1.443038
1.632616
1.697602
1.661253
1.496256
1.470386
1.562758
1.519115
1.444827
1.613078
1.615016
1.645263
1.475615
1.652328
1.481832
1.605378
1.575693
1.618625
1.669166
1.622354
1.422706
1.658213
1.685157
1.693737
1.651760
1.482214
1.530995
1.582786
1.490432
1.656125
1.507704
1.742310
1.718813
1.544221
1.603406
1.663484
1.675943
1.711760
1.504917
1.644244
1.456757
1.586781
1.736957
1.637370
1.581597
1.635124
1.638585
1.617256
1.554379
1.577119
1.683657
1.597931
1.573748
1.534140
1.485667
1.530735
1.538185
1.671165
1.500349
1.501197
1.782021
1.593649
1.516773
1.473515
1.404158
1.575286
1.474108
1.598692
1.504005
1.504146
1.619740
1.512625
1.641638
1.466356
1.647777
1.551460
1.633172
1.580462
1.736387
1.742904
1.513170
1.686145
1.696580
1.623976
1.509582
1.662144
1.573875
1.706675
1.561477
1.646088
1.500819
1.544710
1.576475
1.488509
1.497497
1.597142
1.527816
1.428314
1.537948
1.547454
1.480168
1.626942
1.697006
1.551857
1.486391
1.449499
1.382838
1.440728
1.559843
1.424243
1.575809
1.526555
1.581284
1.464542
1.492039
1.444638
1.510114
1.642575
1.499263
1.423478
1.551142
1.358402
1.553861
1.529925
1.559399
1.574100
1.453446
1.495261
1.648001
1.534545
1.445975
1.589425
1.480867
1.496994
1.525075
1.555565
1.522044
1.466886
1.583766
1.516083
1.459880
1.504049
1.393101
1.470435
1.502365
1.589196
1.521175
1.587696
1.407151
1.506107
1.455190
1.564114
1.547019
1.379985
1.505715
1.402309
1.336138
1.517616
1.369963
1.465149
1.552970
1.586015
1.654391
1.508580
1.486340
1.467782
1.589623
1.524992
1.450861
1.399845
1.592324
1.633523
1.494734
1.442378
1.411462
1.448364
1.465272
1.540075
1.362132
1.504191
1.609177
1.509428
1.470690
1.473933
1.530568
1.414308
1.424162
1.410260
1.579926
1.337289
1.353525
1.577156
1.261716
1.280749
1.316047
1.620881
1.490327
1.396275
1.359017
1.418937
1.488023
1.327425
1.287206
1.390429
1.408739
1.371528
1.374974
1.299200
1.510584
1.405540
1.490348
1.410313
1.491035
1.327367
1.361263
1.391479
1.448084
1.421003
1.619915
1.504961
1.438642
1.411453
1.449349
1.463782
1.371602
1.427150
1.425927
1.382985
1.375717
1.487777
1.269306
1.418280
1.442860
1.559542
1.461704
1.403605
1.482218
1.446774
1.370911
1.465324
1.466125
1.390440
1.294704
1.398619
1.314471
1.380396
1.491802
1.442951
1.645861
1.336767
1.471428
1.564286
1.350144
1.345746
1.485433
1.563892
1.418980
1.300791
1.441826
1.470111
1.366457
1.398317
1.349090
1.640856
1.568774
1.475405
1.377278
1.416417
1.450905
1.408373
1.433636
1.461642
1.398531
1.376031
1.521100
1.452982
1.372419
1.549355
1.459565
1.558076
1.749825
1.361194
1.356168
1.499991
1.313132
1.449556
1.384544
1.396955
1.376384
1.428642
1.293319
1.395873
1.367524
1.403460
1.210231
1.317654
1.349071
1.287917
1.554521
1.396352
1.432828
1.396489
1.467805
1.458076
1.479818
1.380799
1.473236
1.412764
1.347193
1.390594
1.346369
1.464575
1.251232
1.463440
1.257618
1.286798
1.298001
1.443835
1.363463
1.346070
1.449514
1.385788
1.417598
1.409336
1.501202
1.424811
1.341499
1.474002
1.487831
1.380940
1.372883
1.414213
1.307486
1.342784
1.425264
1.485625
1.308772
1.423329
1.383062
1.167910
1.266242
1.327314
1.613408
1.442048
1.522302
1.389895
1.330551
1.422487
1.473018
1.361819
1.273854
1.506731
1.319813
1.462794
1.277356
1.390619
1.416436
1.395348
1.532173
1.333274
1.406106
1.388246
1.299029
1.464038
1.403507
1.380314
1.328154
1.414277
1.317829
1.331420
1.370937
1.310338
1.239269
1.523600
1.264131
1.335610
1.276705
1.313560
1.238938
1.482432
1.315496
1.432790
1.381423
1.264055
1.284996
1.346467
1.357849
1.231635
1.275076
1.170209
1.357029
1.323245
1.355878
1.376743
1.461473
1.374667
1.247202
1.280220
1.285002
1.277986
1.209903
1.426197
1.336570
1.335786
1.344932
1.226973
1.653718
1.430839
1.372048
1.194089
1.358430
1.415949
1.243417
1.234280
1.383979
1.343575
1.244665
1.239915
1.349185
1.235372
1.334834
1.483357
1.435932
1.241343
1.338214
1.295520
1.319709
1.343574
1.419571
1.354012
1.333064
1.334057
1.289527
1.206643
1.264491
1.392401
1.358701
1.448181
1.462506
1.383075
1.248721
1.363958
1.346771
1.276401
1.401291
1.226125
1.379377
1.284414
1.201832
1.442910
1.296365
1.215090
1.288088
1.304774
1.220011
1.254365
1.301102
1.374050
1.146294
1.374072
1.299155
1.320399
1.265896
1.434265
1.397071
1.292640
1.259719
1.263537
1.306122
1.362961
1.367585
1.303401
1.378380
1.257235
1.383412
1.316457
1.308069
1.137868
1.245001
1.247068
1.259231
1.327116
1.311522
1.249332
1.245404
1.283668
1.255282
1.372341
1.203049
1.156486
1.266162
1.314673
1.216459
1.198740
1.253572
1.127406
1.220962
1.271445
1.255081
1.275705
1.312484
1.239037
1.317111
1.268270
1.497637
1.192870
1.229020
1.364627
1.308097
1.330116
1.343852
1.324288
1.262542
1.203374
1.317510
1.340649
1.299537
1.316122
1.229644
1.389933
1.299934
1.151622
1.359603
1.244762
1.258711
1.442312
1.329385
1.259614
1.121981
1.387638
1.257305
1.274281
1.330660
1.155038
1.284446
1.271817
1.368543
1.197474
1.186161
1.150210
1.269290
1.229729
1.283415
1.225020
1.324297
1.319213
1.267344
1.254605
1.302566
1.280310
1.291284
1.189644
1.238841
1.173152
1.441527
1.175739
1.188848
1.292607
1.373909
1.286935
1.292159
1.289472
1.097766
1.258668
1.224298
1.271897
1.292385
1.300133
1.359435
1.267936
1.335338
1.337382
1.215336
1.271434
1.240579
1.330998
1.228709
1.111252
1.241545
1.210035
1.160470
1.139683
1.262419
1.271041
1.328389
1.239402
1.152605
1.180454
1.217715
1.250998
1.217005
1.218650
1.152535
1.196906
1.237196
1.151662
1.162059
1.191007
1.224539
1.090457
1.261447
1.176163
1.338539
1.178275
1.177078
1.191001
1.253633
1.336162
1.245580
1.197125
1.179651
1.245441
1.125201
1.158896
1.360578
1.212233
1.311709
1.180485
1.279641
1.328268
1.222663
1.332326
1.190904
1.045794
1.370282
1.256170
1.251162
1.250439
1.228999
1.387206
1.327175
1.225082
1.179085
1.385652
1.351686
1.288206
1.152310
1.086203
1.226807
1.218557
1.326405
1.284727
1.274004
1.168260
1.152815
1.325788
1.303228
1.213857
1.217585
1.287134
1.099748
1.252857
1.201743
1.070633
1.109816
1.281416
1.234443
1.270391
1.262227
1.151224
1.165300
1.192606
1.232802
1.231445
1.053270
1.220281
1.147476
1.186661
1.164385
1.315679
1.160510
1.269667
1.090120
1.157267
1.335585
1.215831
1.126909
1.213843
1.181969
1.103282
1.086104
1.144716
1.256351
1.246486
1.198769
1.121126
1.095380
1.085672
1.185394
1.163309
1.148579
1.174776
1.155541
1.153640
1.363492
1.247499
1.084754
1.157330
1.158983
1.289466
1.161700
1.098308
1.223996
1.201089
1.293886
1.303102
1.184380
1.202877
1.218773
1.146724
1.210084
1.219687
1.116681
1.105128
1.423501
1.214908
1.302618
1.338971
1.249399
1.172431
1.255963
1.203977
1.323952
1.256926
1.229425
1.223489
1.244776
1.174166
1.204982
1.246090
1.207926
1.095198
1.194080
1.118903
1.207111
1.146966
1.317821
1.328150
1.248002
1.134854
1.149910
1.218403
1.200854
1.041330
1.333015
1.249367
1.179704
1.219491
1.087725
1.246657
1.178819
1.168810
1.208911
1.239773
1.121301
1.312308
1.288763
1.227381
1.088024
1.218304
1.188781
1.254725
1.286312
1.135022
1.186962
1.453622
1.335057
1.223135
1.262013
1.049626
1.285119
1.173452
1.080098
1.097226
1.041316
1.131883
1.093926
1.057267
1.120173
1.311123
1.034960
1.106538
1.123623
1.009155
1.061439
1.057613
1.026920
1.146047
1.078934
0.964543
1.011961
1.136551
1.194499
1.096663
1.086176
1.094063
1.019985
1.284520
1.117581
1.143011
1.167451
1.047783
1.315294
1.164643
0.976988
1.148914
1.027163
1.281331
1.183634
1.239223
1.298487
1.151849
1.152469
1.078199
1.059306
1.104155
1.051359
1.168736
1.207232
1.177671
1.208258
0.977148
1.230173
1.376139
1.105136
1.136844
1.106846
1.216235
1.161408
1.144467
1.195850
1.109238
1.089330
1.226554
1.004199
1.178481
1.198797
1.079225
1.088334
1.025221
1.207311
1.025727
1.077932
1.113282
1.010850
1.057743
1.082611
1.234230
1.045350
1.197025
1.239874
1.066462
1.264622
1.253342
1.152510
1.145758
1.178824
1.178891
1.186418
1.242800
1.165113
1.116588
1.341593
1.204340
1.164657
1.293471
1.111065
1.122945
1.109783
1.085698
1.143645
1.045195
1.211465
0.946668
1.170406
1.320889
1.104982
1.039586
1.157474
1.057334
1.136702
1.239067
1.136218
0.999287
1.099906
1.050371
0.976847
1.167809
1.075962
1.132085
1.056354
0.951568
1.189183
0.958205
1.021811
1.134108
1.046781
1.138094
1.130409
0.981595
0.963761
1.039187
1.006325
0.910684
1.047768
1.234563
1.123875
1.132689
1.093912
1.189923
1.081792
1.261033
1.094100
1.089851
0.974759
1.180279
1.211208
1.143664
1.224882
1.101426
1.150566
1.157799
1.055172
1.091793
1.061772
1.150854
1.073447
1.083616
1.071462
1.201968
1.146950
1.092997
1.054628
1.187042
1.118242
1.095499
1.105257
1.125143
1.196698
1.211327
0.942252
1.113030
1.012831
1.089314
1.066450
1.145368
1.263057
1.010049
1.174605
1.303064
1.079825
1.198553
1.074767
1.260630
1.146680
1.166389
1.157032
1.309966
1.004209
1.027323
0.955807
1.251925
1.102311
1.200709
1.058983
1.087006
1.022004
1.102107
1.020823
1.186304
0.906238
1.051663
0.994609
0.996897
1.223464
1.043798
1.040868
0.982532
1.203688
1.122389
1.038004
1.000972
1.077482
1.275734
1.179657
1.183771
1.175665
1.085678
1.247795
1.160540
1.091687
1.059584
1.019866
0.960772
1.110727
1.104583
1.064898
1.094453
1.077730
1.049123
1.164687
1.123441
0.957868
1.157914
1.075852
1.003562
1.099227
1.119707
1.027447
1.032129
1.030379
0.952255
1.103914
0.966560
1.042877
1.048874
0.950180
1.043274
1.071330
1.125658
1.175218
1.085939
1.041853
1.139861
1.005742
1.047091
1.052244
1.113660
0.979816
1.023735
1.122978
1.121613
1.257316
1.186731
1.052809
0.982608
1.156965
1.265426
1.039898
1.156189
1.046776
0.962749
1.113474
0.872782
0.992521
1.209323
1.008241
1.051115
1.108917
1.134467
1.053770
1.095711
1.112153
1.059238
1.159611
1.237577
1.202937
1.006051
1.243305
1.111156
0.982909
0.995592
1.032620
1.044145
1.187154
1.190325
1.084172
1.065219
1.111773
0.985427
1.004902
1.056427
1.120997
0.916408
1.028028
0.921662
1.000893
1.029716
1.015950
1.160342
0.917227
0.980501
1.058603
0.959404
0.920317
1.118916
1.191717
1.011519
0.826204
1.222093
1.033912
1.140097
1.140062
0.982951
1.044546
1.172273
1.105332
1.020943
1.064010
1.089310
1.045010
0.948755
1.118101
0.914243
1.065319
1.026298
0.941317
0.987925
0.966671
1.183359
1.053526
0.919906
1.040757
1.006342
0.915562
1.074901
0.995447
0.958172
0.882596
0.999622
0.983358
0.897377
0.955021
1.090026
1.054564
1.002622
0.966898
1.093082
1.213256
1.096910
1.011129
1.045164
1.124112
1.101205
1.024433
0.991712
1.020889
1.175632
1.049982
1.200575
1.064988
1.265219
1.157284
1.053554
1.084425
1.044429
1.298674
1.061619
1.063602
1.120731
1.051392
1.105057
1.228535
1.140298
1.104644
1.181263
1.009628
0.979340
0.891372
1.158587
0.949808
0.946079
1.016660
0.876917
0.985046
1.103727
1.023145
1.112139
1.099533
0.973628
1.040671
1.055681
0.937431
1.015921
1.014012
1.052535
0.955849
1.075749
0.920499
1.025579
1.131812
0.953728
1.104497
0.965365
1.010769
0.883223
0.986851
0.961922
1.065785
1.101121
0.888126
0.986302
0.942680
1.011395
0.925866
1.010677
1.022101
0.870902
1.129364
1.014655
0.977648
0.980448
0.964458
1.052466
0.933999
1.016477
1.009455
0.926631
1.118998
1.192041
1.250931
0.931464
1.055548
0.953757
1.059461
0.904616
1.090957
1.172800
1.125722
1.064594
1.009811
0.963081
0.968943
1.035746
0.972080
1.032404
0.895948
0.923697
1.067254
1.012858
1.215630
1.147719
1.011445
1.006304
0.960056
0.914594
1.007736
1.083765
1.138002
0.990566
1.035508
1.024549
1.002421
0.955665
0.991408
1.213302
0.937549
1.029521
0.995990
1.176861
1.186958
0.951909
0.968807
1.086083
1.016139
1.008344
1.065653
0.976780
1.185727
1.016562
0.993097
0.939978
1.088343
0.975889
1.111390
1.027728
0.989175
1.033426
1.020362
0.955007
0.990373
1.071707
0.984404
0.974858
1.002631
1.052404
1.005470
0.917446
0.935801
1.096642
1.036952
0.961517
1.031833
0.985113
0.876014
1.020062
0.911338
0.986703
1.152096
0.915755
0.913407
1.054524
1.155512
0.834194
1.023062
0.963177
0.916370
0.952315
0.917270
1.047593
1.055147
0.930784
1.036105
0.994306
1.045764
0.929966
0.954059
1.008940
1.009102
1.111998
0.975814
1.054431
0.901640
0.926183
1.065156
0.965369
0.989493
0.932683
1.137963
0.906325
0.898649
0.892910
1.145770
0.968692
0.994640
0.982111
0.861170
1.048051
1.063275
0.879653
1.061035
1.052959
0.974823
1.001928
1.019017
0.955558
0.878569
0.939884
0.865847
0.944362
1.102977
0.885729
0.943078
1.023708
0.858176
0.997077
0.960198
1.003828
0.916622
0.848028
0.923830
0.926305
0.967560
1.019335
1.000299
1.007862
0.929022
0.947426
0.937844
1.062669
0.935056
0.834657
0.972783
0.973445
0.937785
0.977996
1.118023
0.906610
0.917157
1.045555
0.988198
0.929944
0.962218
0.920982
1.132503
1.029216
0.878661
1.020172
0.935096
1.153482
0.959105
0.850454
0.989013
1.130673
1.171327
0.982542
0.872807
0.899511
0.894212
1.097509
0.999700
0.942213
1.052521
1.013093
0.986925
0.894466
1.087652
0.927445
0.987554
1.054835
0.917923
0.919091
0.922207
1.018188
0.994447
0.869463
1.057650
0.900450
0.961823
0.918202
1.007678
0.839387
1.051609
1.001426
1.019374
1.147654
1.011074
1.063127
0.903769
1.028526
1.080075
0.909551
0.991015
0.902440
0.957334
0.998590
0.855576
0.835479
0.972741
0.855730
0.936696
0.891109
1.004461
0.962037
0.953212
0.985570
1.115391
0.920350
0.946977
1.089252
0.911754
0.882203
0.928133
0.913388
0.949016
0.898067
0.947204
1.161879
0.914861
0.909454
1.104491
0.964345
0.921356
0.983634
0.883897
1.115560
0.982177
0.889142
0.977122
1.041489
0.827062
0.891554
1.031046
0.951984
0.955491
0.969874
0.973274
0.902531
0.967297
0.903946
0.907080
0.801330
0.929920
0.830987
0.937608
0.961017
0.979452
0.894925
1.016804
1.005303
0.947391
0.857814
0.918397
0.923721
0.913195
0.821509
0.986159
0.860271
0.888572
0.955310
0.967804
0.812969
0.894555
0.902439
0.832201
0.920914
0.895825
0.976035
0.840206
0.965582
0.884015
1.031192
0.880729
1.081923
0.937868
1.007975
0.904460
0.940764
0.906765
1.026162
0.977041
0.960893
1.023543
1.034247
0.816749
0.944826
1.086042
0.879307
1.038243
0.942089
1.005687
0.883257
1.056717
1.031739
1.054415
1.038709
0.916513
0.960110
0.922442
0.954003
1.044175
0.931591
0.984723
0.907850
0.913157
0.915154
0.951398
0.825663
0.955540
1.170429
1.039294
1.035976
0.896640
1.019425
0.941499
0.920926
0.891055
0.915388
0.949059
0.836587
0.838118
0.875874
1.008276
0.832291
1.034789
0.874260
0.915256
0.894762
0.981777
0.972049
0.866871
1.045829
1.016896
0.959564
0.992449
0.844051
0.919578
0.859076
1.036836
1.028861
0.939914
0.810829
0.879639
0.942590
0.953538
0.800478
0.963274
0.840757
0.834232
0.857924
0.928062
1.000479
0.938142
0.989627
0.906428
0.827188
0.934801
0.946548
0.818747
0.924018
0.788837
1.044870
0.889573
0.871438
0.915099
0.860354
0.760208
0.904800
0.915865
0.937315
0.880336
0.835650
0.865082
0.951033
0.868246
0.883784
0.899755
0.840420
0.761873
0.848402
0.873415
0.908932
0.999133
0.889323
0.837118
0.914872
1.078944
1.008061
0.893007
0.791820
0.803113
1.005690
1.046591
0.973357
1.052355
0.935477
0.922868
1.018722
1.100201
0.824488
0.998386
1.002410
0.963229
0.883859
0.879063
0.931199
0.890072
1.089443
0.935149
0.868393
0.875497
0.792875
0.921933
1.017797
0.813837
0.960822
0.955613
0.923360
0.766393
0.907588
0.810765
0.755628
0.810410
1.047167
0.887502
0.860166
1.027203
0.860158
0.933434
0.795069
0.910572
0.962071
0.797246
0.926092
0.763711
0.892898
1.006524
1.001013
0.965162
0.945825
0.885366
0.914560
0.868431
0.992834
1.012272
0.910266
1.066816
1.016945
0.861407
0.889027
0.877777
0.845551
1.033069
0.811159
0.972355
0.924430
0.997271
0.989237
0.959527
0.833580
0.801186
0.930359
0.824168
0.973139
0.856645
0.995136
1.057120
0.919215
0.970259
0.915540
0.925909
0.966920
0.896277
1.067491
0.866963
0.974607
0.898776
0.895711
0.948512
1.016939
0.915551
0.801406
0.840282
1.002555
0.966073
0.824734
0.865276
0.813894
0.843109
0.848888
0.838019
0.817104
0.975044
0.904938
0.950299
1.043447
0.931215
0.866240
0.904522
0.945720
0.911720
0.847629
0.844265
0.817328
0.851360
0.803018
0.806434
0.877481
0.925462
0.867469
0.938383
0.799053
0.858757
0.867994
0.837802
0.825320
0.841407
0.732711
0.765465
0.838719
0.903278
0.841759
0.831766
0.816003
0.940207
0.909000
0.875101
0.908938
0.838778
0.813333
0.733564
0.760708
1.034067
0.982848
0.864402
0.807636
0.887857
0.879559
0.886485
0.885999
0.914916
0.700249
0.862595
0.972368
0.783051
0.732761
0.926724
1.073050
0.985874
0.899111
0.998499
0.904397
0.959064
0.922878
1.112176
0.826546
0.934748
0.880005
0.861908
1.073289
0.946010
0.906511
0.892385
0.884763
0.897478
0.852494
1.002011
1.012236
0.892322
0.963634
0.770518
0.778628
0.747130
0.864187
0.843956
0.901892
0.920110
0.918690
0.900149
0.856908
0.965316
0.857755
0.774717
0.930779
0.743670
1.005637
0.788858
0.884190
0.860233
0.766988
0.783795
0.949499
0.908755
0.817733
0.886445
0.894596
1.045913
1.029680
0.764687
0.885870
0.729072
0.819826
0.871419
0.814183
0.940505
0.875729
0.788126
0.917164
0.875554
0.813058
0.821876
0.682827
0.839545
0.918187
0.863904
0.847341
0.794808
0.801687
0.747356
0.838417
0.864905
0.884798
0.823650
0.704505
0.802833
0.824179
0.931943
0.896694
0.916824
0.865975
0.884987
0.858485
0.918357
0.939784
0.913736
0.767586
0.827387
0.913497
0.865706
0.847534
0.848328
0.759109
0.826202
0.895602
0.704574
0.759449
0.892964
0.754816
0.878083
0.889815
0.912804
0.889294
0.940367
0.835762
0.874468
0.822966
0.861058
0.788133
0.918292
0.792125
0.897640
0.857653
0.776964
0.962711
0.801521
0.767723
0.964549
0.980451
0.924827
0.837174
0.801596
0.912781
0.949697
0.905254
0.792632
0.887896
0.927750
0.913367
0.925213
0.849559
0.865449
0.867477
0.877644
0.919837
0.917969
0.840636
0.946122
0.934921
0.966591
0.820098
0.972411
0.834554
0.851061
0.891053
0.986392
0.826033
0.994100
0.903661
0.929079
1.019621
0.948116
0.987558
0.848775
0.872961
0.887587
0.790654
0.955716
0.806998
0.878793
0.783846
0.744267
0.762909
0.785695
0.787286
0.730830
0.746849
0.836615
0.810335
0.822939
0.782988
0.849882
0.783009
0.768694
0.798589
0.920624
0.638887
0.699127
0.761505
0.941432
0.781415
0.996027
0.859653
0.828326
0.845685
0.929556
0.828159
0.841862
0.803101
0.730504
0.805529
0.921328
0.859712
0.815557
0.884950
0.731191
0.742113
0.783976
0.853059
0.930068
0.798644
0.836462
0.867152
0.854514
0.934666
0.816937
0.846054
0.824445
0.849570
0.790992
0.822700
0.941514
0.884939
0.825948
0.913313
0.813732
0.807833
0.708442
0.774993
0.826071
0.763926
0.889263
0.854252
0.887357
0.828278
0.770713
0.859665
0.813854
0.852725
0.859238
0.845808
0.919946
0.719823
1.031103
0.831588
0.951047
0.944476
0.813884
0.749424
0.746352
0.924247
0.923889
0.899359
0.919418
0.851859
0.889471
0.858866
0.832103
0.916000
1.007352
0.937643
0.870842
0.993761
0.956248
0.859317
0.816135
0.824255
0.866726
0.977886
0.791429
0.850584
0.778687
0.720965
0.970688
0.829479
0.927981
0.757428
0.785221
0.843220
0.837240
0.734930
0.825462
0.788405
0.760515
0.778201
0.781449
0.853135
0.982178
0.850497
0.762857
0.936214
0.904347
0.717665
0.864000
0.929183
0.737088
0.810322
0.699864
0.795305
0.804897
0.864640
0.903623
0.707866
0.805350
0.750348
0.939279
0.818027
0.730631
0.739827
0.718651
0.720524
0.885527
0.955823
0.846036
0.718077
0.870229
0.817771
0.801502
0.733234
0.807996
0.880638
0.810684
0.762140
0.897951
0.817248
0.808347
0.838143
0.777209
0.920551
0.847813
0.853893
0.728820
0.839561
0.843411
0.861446
0.751299
0.722615
0.806524
0.800622
0.832458
0.809748
0.826719
0.839559
0.826415
0.699162
0.813685
0.734500
0.838953
1.001459
0.913745
0.715290
0.832334
0.914651
0.827227
0.873466
0.822969
0.777442
0.874461
0.760873
0.765132
0.734679
0.898656
0.780260
0.731917
0.735139
0.715068
0.807779
0.799564
0.958585
0.774704
0.721624
0.698197
0.804364
0.764378
0.806039
0.675483
0.703693
0.834319
0.701741
0.856757
0.945365
0.908819
0.843557
0.736847
0.794169
0.849131
0.770941
0.751704
0.775849
0.861587
0.880987
0.810001
0.850606
0.871165
0.762432
0.995817
0.816406
0.787803
0.844103
0.837186
0.838592
0.765710
0.822387
0.924397
0.848329
0.751018
0.839464
0.871059
0.737168
0.875724
0.850332
0.883574
0.690750
0.795758
0.798262
0.839348
0.802339
0.947307
0.739936
0.762698
0.715094
0.795748
0.842769
0.764417
0.677687
0.848294
0.898958
0.863158
0.872329
0.767532
0.780538
0.922626
0.841134
0.760626
0.846697
0.806513
0.999239
1.043098
0.910046
0.876682
0.769512
0.758954
0.819458
0.966694
0.871483
0.870699
0.785654
0.863920
0.915401
0.752168
0.994776
0.843254
0.855462
0.841377
0.649161
0.725478
0.842615
0.788207
0.768884
0.749675
0.802478
0.822366
0.865061
0.763334
0.875672
0.765815
0.752755
0.817595
0.712246
0.761759
0.824084
0.831296
0.740621
0.679854
0.829291
0.650856
0.788883
0.757460
0.939942
0.808281
0.734227
0.952333
0.756189
0.850103
0.849962
0.834218
0.764674
0.827392
0.763538
0.845731
0.833818
0.709568
0.726391
0.765234
0.908662
0.850148
0.850209
0.745269
0.718882
0.815737
0.848042
0.660430
0.912093
0.862338
0.802799
0.768474
0.783964
0.893263
0.805922
0.789208
0.689223
0.811774
0.880332
0.806601
0.979032
0.836973
0.770099
0.730817
0.823042
0.866962
0.738294
0.795918
0.745322
0.826188
0.828683
0.729707
0.656616
0.938872
0.922105
0.963831
0.763915
0.770370
0.714417
0.803792
0.898666
0.768360
0.869663
0.779644
0.854261
0.936407
0.817811
0.782929
0.746843
0.743642
0.799700
0.669164
0.911086
0.778323
0.900627
0.668007
0.813809
0.758258
0.798320
0.726991
0.729100
0.806003
0.788991
0.867807
0.674976
0.735047
0.754631
0.733992
0.812140
0.766996
0.789432
0.745610
0.703169
0.879146
0.717082
0.669303
0.754222
0.783592
0.722581
0.789346
0.939834
0.797389
0.881715
0.847914
0.801532
0.658423
0.688010
0.737913
0.800217
0.722259
0.817040
0.831918
0.812777
0.657008
0.753769
0.654584
0.744495
0.804989
0.686495
0.856191
0.729887
0.818641
0.704037
0.802853
0.752795
0.657243
0.757449
0.838283
0.670699
0.706494
0.830669
0.710866
0.771809
0.855009
0.752212
0.705483
0.823618
0.638067
0.715255
0.752786
0.774725
0.809094
0.768576
0.958309
0.743208
0.867937
0.731173
0.743799
0.700360
0.760507
0.790764
0.769351
0.799365
0.895114
0.896154
0.795355
0.838912
0.856968
0.956695
0.787281
0.767419
0.770245
0.702874
0.740897
0.949306
0.782812
0.759323
0.823992
0.965676
0.882818
0.828721
0.736359
0.758776
0.823385
0.743286
0.735386
0.663834
0.902570
0.982603
0.738650
0.926533
0.749842
0.693660
0.677497
0.747629
0.729794
0.759820
0.730989
0.845711
0.666445
0.738452
0.734275
0.724517
0.750812
0.666006
0.835147
0.753453
0.709686
0.874201
0.823823
0.691063
0.779669
0.719614
0.726066
0.734351
0.747917
0.807842
0.705589
0.641914
0.783385
0.750423
0.724956
0.871285
0.717387
0.706445
0.874162
0.951322
0.804182
0.835621
0.836810
0.717219
0.903298
0.703119
0.833641
0.808412
0.671658
0.752944
0.700366
0.743383
0.821479
0.698077
0.807338
0.794870
0.814740
0.752654
0.696312
0.686199
0.832436
0.823135
0.683292
0.919727
0.897348
0.840674
0.628793
0.764809
0.820552
0.846845
0.766811
0.863146
0.704078
0.706061
0.779264
0.711865
0.767651
0.671758
0.823283
0.774641
0.750280
0.772662
0.823955
0.773022
0.814394
0.804281
0.760075
0.748556
0.765595
0.820589
0.805896
0.793470
0.728996
0.681391
0.841665
0.726299
0.739111
0.652920
0.794369
0.733741
0.851337
0.824195
0.771194
0.833370
0.749915
0.668854
0.742333
0.747425
0.688032
0.710748
0.830822
0.764066
0.655460
0.679134
0.716191
0.660760
0.719835
0.714157
0.661274
0.716268
0.764670
0.754570
0.724228
0.752379
0.836518
0.659041
0.764756
0.785305
0.739141
0.700594
0.619605
0.639728
0.707785
0.741982
0.863576
0.724633
0.685478
0.713177
0.683232
0.725745
0.761646
0.733745
0.692924
0.687721
0.744292
0.778463
0.726027
0.776043
0.931924
0.650989
0.765785
0.832617
0.870036
0.826577
0.740061
0.839551
0.757270
0.758814
0.827158
0.744336
0.730641
0.672399
0.719095
0.852440
0.727776
0.805146
0.649064
0.797242
0.801942
0.773274
0.893350
0.678301
0.725758
0.829513
0.695974
0.688295
0.804219
0.883349
0.863146
0.767131
0.808870
0.776133
0.728637
0.654186
0.659950
0.782415
0.741111
0.665667
0.660369
0.937266
0.778959
0.746416
0.640301
0.668413
0.779916
0.639650
0.636869
0.728951
0.778375
0.777719
0.691008
0.897110
0.661224
0.772877
0.869587
0.658635
0.673032
0.730571
0.699282
0.819541
0.733007
0.640244
0.617937
0.740253
0.717197
0.759256
0.689103
0.725110
0.692703
0.737594
0.662626
0.667708
0.878835
0.800629
0.735471
0.732205
0.678457
0.721514
0.823681
0.685069
0.715564
0.815226
0.772557
0.770841
0.656180
0.747824
0.817077
0.756720
0.811440
0.784543
0.671530
0.641958
0.738620
0.808585
0.700716
0.705455
0.686345
0.813439
0.761212
0.703863
0.751552
0.687066
0.726456
0.640316
0.829436
0.803662
0.715286
0.695833
0.736122
0.751600
0.780834
0.817817
0.738710
0.672420
0.705343
0.735416
0.724505
0.728130
0.825769
0.825035
0.843064
0.880501
0.779896
0.701630
0.694250
0.971618
0.752335
0.836550
0.721512
0.836696
1.009980
0.669577
0.718266
0.749413
0.893903
0.812875
0.877056
0.878432
0.671307
0.781656
0.622129
0.828717
0.826950
0.876485
0.733547
0.819441
0.768936
0.867317
0.782476
0.792035
0.725502
0.762571
0.760217
0.784103
0.780895
0.777344
0.640532
0.742278
0.642442
0.730218
0.737209
0.794600
0.697803
0.723259
0.699004
0.754148
0.777346
0.706374
0.810549
0.864618
0.605141
0.670681
0.675534
0.790482
0.809223
0.663491
0.692009
0.744581
0.639100
0.860582
0.702584
0.711807
0.722648
0.747138
0.668260
0.715979
0.729905
0.631763
0.637820
0.694282
0.793263
0.703995
0.646190
0.610113
0.741319
0.729301
0.815511
0.687784
0.734876
0.746079
0.745632
0.696865
0.738392
0.725608
0.822947
0.686702
0.769496
0.695911
0.687748
0.753008
0.773791
0.697995
0.843208
0.714675
0.776161
0.813748
0.762565
0.732403
0.670490
0.654178
0.900112
0.659865
0.693754
0.631495
0.720580
0.694095
0.674675
0.769441
0.740055
0.746720
0.702313
0.813441
0.833396
0.655029
0.835893
0.799620
0.669877
0.732188
0.710835
0.708727
0.850394
0.860952
0.740802
0.671189
0.705680
0.811138
0.581048
0.700623
0.643328
0.646334
0.775333
0.732938
0.688322
0.721384
0.707355
0.695339
0.747578
0.651456
0.656441
0.791130
0.631697
0.662526
0.769767
0.755387
0.740191
0.746924
0.736778
0.685225
0.706562
0.766432
0.579226
0.739271
0.700560
0.661995
0.791650
0.758435
0.728644
0.741873
0.910618
0.687738
0.670015
0.675578
0.811078
0.747418
0.801254
0.714182
0.719617
0.812785
0.655466
0.759330
0.610662
0.787996
0.909291
0.668717
0.803209
0.617319
0.811879
0.676562
0.747226
0.828456
0.683150
0.757062
0.715032
0.758584
0.803093
0.672441
0.756311
0.718690
0.844119
0.703436
0.755346
0.736768
0.821669
0.773478
0.701504
0.749063
0.702973
0.782062
0.805172
0.822483
0.721153
0.750138
0.743697
0.750334
0.808680
0.767590
0.699289
0.798289
0.861652
0.764798
0.776636
0.775573
0.847454
0.705455
0.709846
0.755206
0.645532
0.638637
0.673380
0.655677
0.694913
0.637003
0.673591
0.835829
0.747733
0.689709
0.688381
0.774471
0.716218
0.622093
0.742637
0.643894
0.713052
0.600512
0.667945
0.550790
0.679760
0.565399
0.656483
0.629171
0.794323
0.656539
0.730201
0.604568
0.686173
0.603626
0.661828
0.659997
0.835944
0.693800
0.693149
0.675059
0.719873
0.624129
0.716446
0.635577
0.698018
0.705672
0.730407
0.656299
0.780776
0.770519
0.702045
0.604572
0.603055
0.581796
0.750506
0.678096
0.919669
0.748127
0.776507
0.699633
0.683653
0.664416
0.799997
0.780316
0.647603
0.730361
0.712403
0.686467
0.749880
0.739106
0.723282
0.651412
0.698748
0.794626
0.646352
0.670998
0.766445
0.651321
0.681753
0.737524
0.699967
0.821652
0.695979
0.765787
0.737891
0.871953
0.766458
0.751082
0.613000
0.663829
0.666237
0.722210
0.680855
0.683718
0.695752
0.740641
0.803070
0.795814
0.675693
0.694536
0.706970
0.656804
0.633513
0.658257
0.701275
0.623510
0.585437
0.632450
0.673922
0.689809
0.631205
0.757949
0.669079
0.717693
0.670593
0.601016
0.569918
0.603841
0.656882
0.795799
0.581662
0.824102
0.642217
0.696844
0.653194
0.639199
0.739231
0.651496
0.679501
0.813272
0.650941
0.647460
0.703349
0.678687
0.613439
0.721230
0.689552
0.670835
0.655492
0.672020
0.821234
0.566076
0.724170
0.756418
0.617549
0.779557
0.670338
0.764824
0.627723
0.692495
0.639975
0.664995
0.674684
0.802518
0.711610
0.735717
0.653261
0.821828
0.854881
0.644311
0.710260
0.800945
0.675967
0.671611
0.688657
0.659715
0.728402
0.682524
0.755487
0.668689
0.719310
0.767346
0.704954
0.707548
0.672577
0.684130
0.687763
0.651414
0.725007
0.625768
0.664448
0.822744
0.908460
0.769615
0.661400
0.684328
0.742124
0.791361
0.643664
0.658170
0.722591
0.708058
0.734061
0.704229
0.826937
0.581500
0.738039
0.661162
0.709494
0.634983
0.573801
0.670225
0.705526
0.611646
0.663887
0.690246
0.651807
0.734699
0.688825
0.687841
0.666398
0.693643
0.702012
0.714128
0.703398
0.772074
0.654993
0.649782
0.777316
0.590534
0.798017
0.739399
0.695500
0.707137
0.756067
0.761847
0.703117
0.805761
0.773219
0.610224
0.691090
0.714054
0.788532
0.792682
0.740615
0.744728
0.718492
0.720737
0.664450
0.677375
0.669015
0.771378
0.726846
0.630383
0.642193
0.656353
0.716362
0.618570
0.585338
0.593365
0.743052
0.611917
0.647919
0.664805
0.769495
0.641067
0.683391
0.743784
0.742319
0.718189
0.677011
0.736279
0.664153
0.682981
0.763982
0.708659
0.636770
0.849233
0.738694
0.739785
0.643466
0.663617
0.858715
0.743904
0.687929
0.893630
0.671516
0.595244
0.808064
0.778052
0.741409
0.693233
0.697469
0.728474
0.773733
0.817864
0.747472
0.745812
0.625814
0.773608
0.828876
0.788908
0.744659
0.686892
0.698330
0.660633
0.713782
0.705881
0.701161
0.680184
0.601959
0.631580
0.644072
0.643061
0.647154
0.714071
0.700073
0.658305
0.659143
0.654688
0.604405
0.675792
0.659566
0.746727
0.594400
0.643037
0.675179
0.698185
0.574081
0.559841
0.662607
0.676835
0.773903
0.698239
0.602385
0.752509
0.656190
0.746933
0.689265
0.622941
0.628392
0.663084
0.597591
0.693162
0.614269
0.584461
0.663617
0.595818
0.737449
0.701323
0.610954
0.672625
0.735053
0.675477
0.751641
0.605581
0.599039
0.621629
0.618432
0.687365
0.622862
0.747691
0.820386
0.792757
0.572663
0.632861
0.688283
0.708174
0.661336
0.688203
0.735328
0.665630
0.654592
0.694318
0.608351
0.685305
0.782370
0.715488
0.805661
0.720110
0.692953
0.698786
0.758332
0.723434
0.558463
0.717155
0.745227
0.635124
0.708136
0.776972
0.799570
0.690720
0.691009
0.702487
0.724640
0.588926
0.672596
0.654590
0.720599
0.605866
0.605635
0.606829
0.671765
0.679763
0.705887
0.594852
0.683091
0.695329
0.742247
0.614853
0.656873
0.696527
0.686701
0.736910
0.641086
0.653527
0.647820
0.675735
0.553827
0.629933
0.595018
0.602736
0.646901
0.701629
0.597897
0.674679
0.623774
0.627525
0.618749
0.599204
0.731262
0.635617
0.654349
0.723850
0.642159
0.560804
0.589445
0.638940
0.688730
0.627751
0.594838
0.613371
0.616429
0.615769
0.694778
0.597493
0.711788
0.688083
0.669219
0.655620
0.769957
0.752743
0.756964
0.648426
0.593892
0.806995
0.639232
0.732073
0.626175
0.677402
0.725325
0.669773
0.723987
0.709460
0.695811
0.651511
0.668602
0.619555
0.634290
0.656160
0.706316
0.607110
0.668180
0.625770
0.870519
0.572465
0.707328
0.641322
0.570007
0.656233
0.603694
0.705960
0.691700
0.683488
0.653934
0.628592
0.604165
0.683994
0.704888
0.628611
0.695765
0.587686
0.794280
0.749737
0.672878
0.593968
0.578571
0.582399
0.615393
0.638704
0.659600
0.671245
0.624241
0.710139
0.697393
0.574135
0.614496
0.595302
0.524644
0.629597
0.718833
0.594356
0.738188
0.628945
0.644949
0.660018
0.609118
0.591057
0.655977
0.619589
0.581371
0.628201
0.608479
0.604960
0.610034
0.587496
0.628122
0.645841
0.603808
0.562221
0.702362
0.759922
0.537748
0.670307
0.696548
0.669315
0.614071
0.595452
0.617900
0.676849
0.677376
0.675391
0.633849
0.648662
0.577327
0.647007
0.679668
0.617017
0.634454
0.643027
0.715043
0.645435
0.646429
0.681604
0.650912
0.714394
0.700221
0.571795
0.725548
0.600405
0.783435
0.772866
0.594577
0.664854
0.626275
0.681531
0.813386
0.623316
0.718776
0.642184
0.694450
0.610151
0.652934
0.591731
0.598155
0.655888
0.692901
0.680612
0.727366
0.667601
0.641663
0.673698
0.778283
0.762734
0.737590
0.642341
0.800213
0.767086
0.678530
0.618969
0.731901
0.848052
0.898283
0.597263
0.627710
0.766722
0.655824
0.642330
0.702997
0.733492
0.706015
0.626534
0.616635
0.670924
0.622996
0.700128
0.621670
0.624148
0.666170
0.643514
0.598435
0.579863
0.693799
0.587897
0.568737
0.582234
0.693375
0.595352
0.687673
0.614909
0.739254
0.624267
0.621958
0.655913
0.656167
0.710713
0.699447
0.732576
0.660797
0.612039
0.671765
0.723046
0.570227
0.688682
0.603751
0.621446
0.825437
0.612844
0.686464
0.630410
0.726399
0.633584
0.773565
0.721094
0.682578
0.713837
0.672411
0.711041
0.601268
0.650652
0.710225
0.825541
0.682112
0.753495
0.775953
0.666889
0.643152
0.715626
0.677582
0.740728
0.621355
0.627959
0.662681
0.711353
0.586409
0.763293
0.681418
0.662237
0.713421
0.593877
0.692447
0.733732
0.620352
0.717219
0.717065
0.597348
0.665477
0.695024
0.636346
0.667521
0.735193
0.700253
0.721502
0.642804
0.691122
0.738994
0.688152
0.712788
0.545048
0.840069
0.642242
0.703544
0.690706
0.650915
0.670800
0.670870
0.591759
0.582066
0.704602
0.717474
0.610085
0.586884
0.613737
0.604769
0.620665
0.630334
0.635005
0.602744
0.575900
0.618547
0.662484
0.614740
0.548214
0.556028
0.591365
0.717693
0.610777
0.627019
0.541233
0.579792
0.525318
0.535912
0.632391
0.550189
0.629468
0.601930
0.527216
0.683043
0.642803
0.606823
0.598324
0.580411
0.745159
0.566735
0.667684
0.643450
0.582556
0.578830
0.600949
0.671306
0.583396
0.569282
0.566747
0.652913
0.782790
0.701017
0.715098
0.531370
0.683902
0.581238
0.640584
0.682722
0.722986
0.684628
0.682057
0.690354
0.633449
0.671220
0.612244
0.567840
0.766653
0.627723
0.554118
0.743747
0.764998
0.631081
0.667343
0.641504
0.606836
0.653341
0.700969
0.682405
0.673623
0.716347
0.723241
0.668596
0.674248
0.570383
0.726802
0.722070
0.743803
0.681179
0.627577
0.650573
0.661680
0.722990
0.612265
0.734177
0.645034
0.704352
0.615201
0.631494
0.686791
0.608966
0.600414
0.574698
0.545939
0.627557
0.578205
0.616699
0.638185
0.597183
0.597334
0.601212
0.573037
0.573965
0.590478
0.636070
0.559609
0.630859
0.575663
0.656008
0.699109
0.564101
0.547321
0.565244
0.578484
0.588547
0.609110
0.620018
0.601570
0.631180
0.545631
0.638786
0.572424
0.591427
0.773426
0.689819
0.592571
0.632020
0.568332
0.513141
0.589498
0.543665
0.707519
0.709484
0.668736
0.639874
0.641803
0.666725
0.568413
0.657016
0.638336
0.696466
0.749276
0.727311
0.629282
0.667638
0.674042
0.635840
0.722971
0.639677
0.609422
0.655133
0.657749
0.680494
0.781085
0.567121
0.643643
0.629786
0.648747
0.668407
0.703653
0.577560
0.546790
0.592574
0.656325
0.632447
0.655026
0.601064
0.521297
0.617161
0.733890
0.673653
0.637103
0.641304
0.504537
0.616506
0.568841
0.579057
0.679350
0.683117
0.700530
0.587493
0.713535
0.603833
0.561071
0.607590
0.633535
0.589232
0.587904
0.652861
0.635855
0.538637
0.634127
0.565087
0.580790
0.600688
0.660343
0.595033
0.598711
0.641195
0.591648
0.594823
0.664822
0.633745
0.615076
0.694208
0.595908
0.592339
0.543071
0.507384
0.724478
0.668154
0.584247
0.615609
0.642061
0.607955
0.547554
0.629245
0.585725
0.696266
0.599151
0.699818
0.554292
0.702342
0.654502
0.569169
0.634108
0.650930
0.609539
0.583791
0.615778
0.691430
0.604253
0.641828
0.690871
0.586662
0.574753
0.613335
0.581669
0.644385
0.661353
0.647743
0.633324
0.588801
0.656057
0.586098
0.649608
0.607169
0.650122
0.651888
0.620913
0.611160
0.581176
0.674344
0.653301
0.610447
0.623466
0.560470
0.579112
0.643564
0.562541
0.555317
0.619891
0.845112
0.653486
0.565097
0.670777
0.665246
0.551686
0.676402
0.691219
0.572273
0.596212
0.720106
0.625790
0.608578
0.750693
0.615813
0.747056
0.592140
0.501087
0.688864
0.713288
0.602010
0.634461
0.629274
0.652314
0.668489
0.623311
0.696436
0.637262
0.533173
0.669972
0.664950
0.652012
0.615108
0.603655
0.662359
0.725104
0.526404
0.596104
0.590883
0.575020
0.679034
0.549229
0.655504
0.652265
0.628682
0.580293
0.657121
0.584554
0.595953
0.553050
0.570087
0.624804
0.583998
0.576534
0.533397
0.573068
0.533086
0.618236
0.518113
0.696159
0.641227
0.633731
0.601001
0.597478
0.567328
0.564291
0.585554
0.598333
0.524006
0.602945
0.550306
0.569099
0.593622
0.673326
0.540184
0.664464
0.577669
0.571312
0.653956
0.566638
0.603996
0.590940
0.566585
0.560204
0.615727
0.636202
0.667604
0.641543
0.670196
0.533613
0.601969
0.729389
0.585096
0.641398
0.649738
0.647640
0.665931
0.626293
0.788241
0.728632
0.752648
0.590329
0.595973
0.709012
0.660474
0.694429
0.688490
0.653505
0.597071
0.841626
0.666196
0.611476
0.679236
0.674869
0.629684
0.608321
0.599270
0.660695
0.687677
0.687357
0.602012
0.655900
0.562340
0.532713
0.618595
0.552215
0.600775
0.556992
0.636754
0.630655
0.581429
0.571848
0.662700
0.652540
0.551317
0.525509
0.615721
0.577799
0.551081
0.531463
0.481725
0.520968
0.682873
0.629536
0.529356
0.646631
0.650788
0.515408
0.667448
0.628298
0.683702
0.625540
0.672249
0.546739
0.714721
0.627035
0.655962
0.600169
0.645629
0.581689
0.671872
0.635928
0.606832
0.632152
0.595728
0.648220
0.598881
0.537607
0.614009
0.623207
0.573575
0.649621
0.839947
0.571611
0.649660
0.588445
0.578794
0.502580
0.606127
0.564660
0.593945
0.714405
0.606083
0.706367
0.583993
0.637539
0.565529
0.594207
0.617118
0.587546
0.629163
0.606054
0.558481
0.633315
0.579212
0.604128
0.614059
0.525815
0.570517
0.564500
0.593696
0.591975
0.610626
0.648126
0.575522
0.632759
0.576350
0.659306
0.685476
0.661555
0.535801
0.545922
0.675173
0.605633
0.593240
0.571893
0.595752
0.603097
0.563492
0.618336
0.497450
0.557221
0.643277
0.515206
0.567651
0.587826
0.650680
0.637133
0.611291
0.570369
0.538167
0.551290
0.600077
0.563760
0.607509
0.563250
0.557649
0.637439
0.617728
0.584259
0.565438
0.607984
0.609105
0.664335
0.563981
0.618624
0.646075
0.633781
0.690094
0.572757
0.626647
0.609351
0.608372
0.578220
0.580535
0.587276
0.604993
0.594400
0.576781
0.628637
0.606896
0.610013
0.698353
0.569744
0.524253
0.480738
0.606857
0.636278
0.636572
0.569197
0.666056
0.615156
0.631946
0.649122
0.804913
0.602875
0.598834
0.580068
0.655352
0.638847
0.682191
0.705144
0.775925
0.626162
0.614725
0.646221
0.698018
0.575321
0.624452
0.595889
0.596481
0.675898
0.673273
0.500516
0.600550
0.589405
0.685781
0.677065
0.605458
0.622408
0.594711
0.763940
0.683392
0.569709
0.689637
0.648730
0.622551
0.569762
0.573932
0.711463
0.714596
0.611540
0.553525
0.589921
0.676538
0.609548
0.664235
0.752211
0.618171
0.634920
0.598218
0.629830
0.711403
0.611038
0.701601
0.602150
0.682187
0.568958
0.670770
0.715828
0.561013
0.674316
0.713228
0.564988
0.559000
0.574375
0.661220
0.648452
0.674491
0.576247
0.564653
0.629215
0.578015
0.688592
0.559087
0.638064
0.604262
0.603441
0.630273
0.633161
0.608795
0.663259
0.594264
0.585229
0.622341
0.613837
0.605940
0.545005
0.537615
0.620544
0.650609
0.596224
0.527148
0.627821
0.687905
0.558773
0.767725
0.609887
0.659734
0.542992
0.642947
0.619123
0.651363
0.647489
0.622956
0.611805
0.591843
0.581757
0.681614
0.750642
0.608626
0.602564
0.628048
0.569708
0.666114
0.511175
0.681696
0.539253
0.654837
0.714617
0.578896
0.552880
0.571228
0.532663
0.563623
0.604056
0.540206
0.521926
0.525051
0.635007
0.579281
0.575002
0.546910
0.581418
0.549282
0.536225
0.614722
0.565022
0.493811
0.547107
0.553371
0.608113
0.589505
0.560732
0.585387
0.553471
0.569883
0.610366
0.557269
0.522887
0.560180
0.565753
0.533497
0.590603
0.604009
0.574858
0.529398
0.519673
0.488551
0.535958
0.509833
0.652466
0.528258
0.623141
0.623424
0.508466
0.508483
0.555307
0.576516
0.522248
0.710495
0.593730
0.599741
0.508639
0.610787
0.556162
0.553638
0.558627
0.575567
0.582123
0.574719
0.597119
0.585759
0.543503
0.513300
0.579201
0.627652
0.521732
0.591695
0.605171
0.572693
0.623275
0.616253
0.547729
0.593499
0.670252
0.553852
0.596848
0.693533
0.659067
0.686758
0.643604
0.489515
0.585544
0.549962
0.585805
0.590127
0.653639
0.638724
0.678347
0.615104
0.626769
0.590760
0.572329
0.580253
0.662657
0.614662
0.703926
0.591803
0.550074
0.689303
0.657549
0.593281
0.499338
0.579092
0.598681
0.646242
0.698688
0.559042
0.631040
0.681012
0.525821
0.486409
0.594264
0.544508
0.677713
0.666949
0.537646
0.533415
0.497927
0.602143
0.583566
0.523974
0.552501
0.632715
0.498084
0.555515
0.621922
0.619578
0.583362
0.690310
0.660026
0.596103
0.547360
0.543412
0.653300
0.533525
0.677627
0.541779
0.535434
0.697909
0.606362
0.580173
0.581727
0.512703
0.563914
0.615996
0.578897
0.528136
0.557544
0.644371
0.562779
0.586274
0.622114
0.573903
0.572215
0.545185
0.568970
0.649870
0.574268
0.642698
0.569289
0.545959
0.631696
0.586445
0.584386
0.597351
0.547070
0.625408
0.602676
0.597574
0.578460
0.666921
0.556201
0.576250
0.606181
0.611667
0.655812
0.555616
0.642703
0.543541
0.573515
0.600776
0.621004
0.606996
0.493883
0.572553
0.627039
0.574523
0.604587
0.581557
0.581893
0.642419
0.560439
0.632645
0.633381
0.650768
0.621052
0.572346
0.541465
0.589797
0.594785
0.547827
0.608438
0.671252
0.552347
0.634265
0.710905
0.587941
0.550335
0.547439
0.589537
0.552341
0.614136
0.660565
0.603890
0.578128
0.679866
0.621363
0.510816
0.588240
0.632299
0.582442
0.774316
0.612350
0.589816
0.585183
0.554326
0.673699
0.566685
0.551977
0.577851
0.524522
0.653805
0.520821
0.549677
0.547414
0.605693
0.550256
0.746742
0.612538
0.594724
0.546704
0.551622
0.614899
0.581588
0.740192
0.660938
0.590932
0.608516
0.646613
0.600969
0.710727
0.632138
0.553335
0.555585
0.588387
0.553362
0.616096
0.547518
0.671511
0.643787
0.680651
0.557792
0.544134
0.502570
0.611026
0.691808
0.555489
0.581186
0.623678
0.528962
0.603226
0.628505
0.693966
0.507977
0.643469
0.620408
0.529934
0.651940
0.508195
0.576396
0.547998
0.588340
0.631878
0.675661
0.590710
0.698056
0.530774
0.538379
0.631584
0.606495
0.624048
0.576148
0.554021
0.550600
0.523451
0.684685
0.544754
0.620749
0.581279
0.585093
0.517659
0.516169
0.659759
0.484317
0.558590
0.515997
0.612165
0.518650
0.507635
0.527385
0.536947
0.517903
0.579411
0.546656
0.593728
0.557380
0.597596
0.522354
0.636802
0.552265
0.568501
0.517520
0.539447
0.593990
0.508691
0.527372
0.534734
0.567511
0.551174
0.533944
0.512343
0.576664
0.513018
0.610558
0.633677
0.634285
0.551428
0.510617
0.563272
0.541441
0.561035
0.570281
0.533144
0.551299
0.622853
0.569858
0.523082
0.535848
0.568827
0.558066
0.552277
0.649754
0.691778
0.507105
0.547234
0.576248
0.510736
0.547877
0.613238
0.563840
0.608442
0.696600
0.620364
0.546294
0.498524
0.585735
0.684049
0.676019
0.545936
0.586639
0.539211
0.581717
0.583761
0.527540
0.593080
0.541679
0.584092
0.696311
0.623355
0.637213
0.610970
0.608168
0.618218
0.611820
0.502300
0.667253
0.565257
0.544649
0.623282
0.625937
0.520147
0.661137
0.593714
0.545338
0.656845
0.512099
0.552553
0.586697
0.539897
0.529658
0.576942
0.568960
0.545575
0.544115
0.598192
0.614044
0.548070
0.666125
0.575059
0.666671
0.551672
0.576655
0.575737
0.563849
0.484689
0.636814
0.551463
0.587753
0.583373
0.469693
0.645690
0.665897
0.498788
0.610214
0.562090
0.564526
0.717192
0.543448
0.542340
0.556217
0.626270
0.581414
0.562696
0.551409
0.569425
0.634011
0.575918
0.566003
0.589441
0.564831
0.531834
0.570598
0.569083
0.544458
0.562376
0.663048
0.508982
0.515145
0.554974
0.545975
0.566500
0.550654
0.586785
0.508668
0.499482
0.578572
0.573104
0.615929
0.534020
0.487848
0.554755
0.582019
0.555428
0.496990
0.534440
0.551613
0.708135
0.624955
0.674706
0.530034
0.631405
0.520724
0.552006
0.610305
0.565318
0.653185
0.697855
0.709646
0.529877
0.592972
0.555838
0.644698
0.642358
0.557074
0.484719
0.555839
0.617119
0.620163
0.610111
0.522130
0.538494
0.560103
0.529767
0.617057
0.542296
0.602648
0.602866
0.630411
0.565960
0.523531
0.479622
0.612768
0.652525
0.642431
0.645079
0.588037
0.508799
0.588872
0.526468
0.601657
0.535287
0.602676
0.649386
0.550272
0.616887
0.620994
0.599276
0.573271
0.499603
0.652543
0.590298
0.496402
0.516356
0.594704
0.561050
0.472814
0.584320
0.547913
0.517639
0.542576
0.575244
0.672425
0.561021
0.534724
0.546297
0.600228
0.467947
0.611148
0.567376
0.620745
0.558661
0.543831
0.549246
0.548300
0.555442
0.523737
0.525012
0.510911
0.574210
0.491807
0.534966
0.626846
0.570198
0.558731
0.575424
0.561877
0.523285
0.591808
0.641611
0.519886
0.571245
0.517881
0.526073
0.665780
0.632019
0.619250
0.549288
0.517488
0.555996
0.526248
0.526489
0.580201
0.493178
0.559083
0.561838
0.558891
0.534474
0.556220
0.487857
0.657229
0.618375
0.554408
0.627871
0.550510
0.699958
0.670536
0.666821
0.574768
0.580400
0.635166
0.576065
0.617840
0.656075
0.873951
0.679574
0.500342
0.542530
0.722578
0.624418
0.747599
0.710464
0.583137
0.525653
0.622786
0.734601
0.761619
0.670799
0.655267
0.572074
0.624668
0.628198
0.616225
0.673022
0.555327
0.617703
0.564438
0.602130
0.679416
0.612411
0.532246
0.515935
0.509338
0.566559
0.566490
0.620056
0.661259
0.564048
0.604461
0.593494
0.483555
0.550296
0.542390
0.514586
0.511078
0.721612
0.544559
0.633296
0.551680
0.568713
0.591996
0.495233
0.554590
0.617600
0.560744
0.540035
0.510321
0.575114
0.566900
0.533937
0.568828
0.522399
0.492000
0.676658
0.673697
0.559067
0.508979
0.557486
0.667182
0.515437
0.527941
0.471219
0.565153
0.643024
0.578950
0.670601
0.562680
0.506032
0.577532
0.576361
0.550751
0.518956
0.536863
0.560542
0.570931
0.592674
0.547442
0.636387
0.542128
0.501964
0.547549
0.545488
0.554244
0.533211
0.573123
0.609428
0.540521
0.542711
0.545689
0.559934
0.508300
0.600353
